#labels: ptz__-2p75__-2p5_lower[1] ptz__-2p75__-2p5_center[2] ptz__-2p75__-2p5_upper[3] tot_scale01[4] tot_scale01_Err[5] tot_scale02[6] tot_scale02_Err[7] tot_scale03[8] tot_scale03_Err[9] tot_scale04[10] tot_scale04_Err[11] tot_scale05[12] tot_scale05_Err[13] tot_scale06[14] tot_scale06_Err[15] tot_scale07[16] tot_scale07_Err[17]
#neval: 75657464978
#overflow:lower center upper 1.66440804606E+01 1.74273452302E+00 -4.76891165774E+01 2.37554139884E+00 5.34929608785E+01 1.77745434514E+00 9.20195047946E+00 1.82652022539E+00 2.02731635103E+01 2.35075264706E+00 -6.21039774504E+01 2.49037845287E+00 5.89513307327E+01 1.84652838033E+00 
0.00000000000E+00 5.00000000000E-01 1.00000000000E+00 0.00000000000E+00 0.00000000000E+00 0.00000000000E+00 0.00000000000E+00 0.00000000000E+00 0.00000000000E+00 0.00000000000E+00 0.00000000000E+00 0.00000000000E+00 0.00000000000E+00 0.00000000000E+00 0.00000000000E+00 0.00000000000E+00 0.00000000000E+00 
1.00000000000E+00 1.50000000000E+00 2.00000000000E+00 -1.06538225570E+04 3.00712193617E+02 -8.54032879474E+03 4.10859495029E+02 -1.07127099010E+04 2.32907910428E+02 -9.79910440529E+03 2.71527950053E+02 -1.15831033880E+04 3.34056865607E+02 -8.21783105318E+03 3.68974227993E+02 -1.18686471292E+04 2.59657794896E+02 
2.00000000000E+00 2.50000000000E+00 3.00000000000E+00 -4.20450967595E+03 1.61346334245E+02 -4.42786929410E+03 2.26803326157E+02 -3.92143260011E+03 1.25193545455E+02 -3.46776601604E+03 1.39386807909E+02 -4.71422367960E+03 1.77744583526E+02 -3.41774471906E+03 1.87386342938E+02 -4.43611889184E+03 1.39415313775E+02 
3.00000000000E+00 3.50000000000E+00 4.00000000000E+00 -2.18423124463E+03 1.13331366644E+02 -2.41884102239E+03 1.51966079441E+02 -1.88680494785E+03 8.89545699697E+01 -2.05168149375E+03 1.03825719763E+02 -2.71428748128E+03 1.34361554003E+02 -2.43515753464E+03 1.38229806019E+02 -2.32253726880E+03 1.05530657106E+02 
4.00000000000E+00 4.50000000000E+00 5.00000000000E+00 -1.32762596569E+03 8.65304884619E+01 -1.69819882459E+03 1.13524702061E+02 -1.02295550654E+03 6.77640341337E+01 -1.10237011306E+03 7.56197052857E+01 -1.65289811042E+03 9.97056093645E+01 -1.40574221455E+03 1.00861425962E+02 -1.28819166603E+03 7.76026143717E+01 
5.00000000000E+00 5.50000000000E+00 6.00000000000E+00 -7.80984369806E+02 6.20128725190E+01 -1.06330416308E+03 8.22384811637E+01 -5.10690317845E+02 4.93954954497E+01 -6.11300995315E+02 5.14689952902E+01 -9.09585308314E+02 7.11729023225E+01 -8.40937073066E+02 6.82065191668E+01 -6.77917275132E+02 5.63985897220E+01 
6.00000000000E+00 6.50000000000E+00 7.00000000000E+00 -3.84332028255E+02 5.05907325983E+01 -5.76711216702E+02 6.58727728316E+01 -2.66202430952E+02 4.00462632508E+01 -3.43971974439E+02 4.49904071024E+01 -5.77843380658E+02 5.95928027980E+01 -5.50721795230E+02 6.01431283867E+01 -3.77433847466E+02 4.83181740080E+01 
7.00000000000E+00 7.50000000000E+00 8.00000000000E+00 -3.90528964583E+02 4.07487915083E+01 -5.60256073979E+02 5.37399935641E+01 -1.90957162127E+02 3.37155219756E+01 -2.85558767222E+02 3.72297089344E+01 -4.87436789429E+02 4.72828917068E+01 -4.03567159749E+02 4.78064264095E+01 -3.20766516091E+02 3.85241733424E+01 
8.00000000000E+00 8.50000000000E+00 9.00000000000E+00 -2.12748959300E+02 3.79662408088E+01 -3.36204379576E+02 4.98291210181E+01 -8.63877297699E+01 3.01781012372E+01 -5.06400595555E+01 3.28095794828E+01 -3.26223640625E+02 4.27039863749E+01 -1.83820154834E+02 4.31226172155E+01 -1.83933514662E+02 3.47351032846E+01 
9.00000000000E+00 9.50000000000E+00 1.00000000000E+01 -1.28485773358E+02 3.20225217461E+01 -2.09218985652E+02 4.22443615930E+01 -2.31750152635E+01 2.57853289470E+01 -1.30678807282E+01 2.69224870461E+01 -2.03598808949E+02 3.54621982542E+01 -1.32044800397E+02 3.58795029879E+01 -9.72114119106E+01 2.87772021146E+01 
1.00000000000E+01 1.05000000000E+01 1.10000000000E+01 -1.15147435375E+02 3.39145494920E+01 -1.72847008646E+02 4.58162257985E+01 -5.47537236949E+00 2.69557966975E+01 -2.75764577941E+01 3.00176054198E+01 -1.32787004159E+02 3.32662587726E+01 -1.26903108481E+02 3.98750575640E+01 -1.76375693736E+01 2.75654445470E+01 
1.10000000000E+01 1.15000000000E+01 1.20000000000E+01 -9.78836855404E+00 2.64354676703E+01 -9.55141792617E+01 3.42324548182E+01 5.38435259834E+01 2.12344513933E+01 4.09128555302E+01 2.45571087072E+01 -1.11665722365E+02 2.97086010699E+01 -5.25101560550E+01 3.18874321779E+01 -7.86117147296E+00 2.40654904766E+01 
1.20000000000E+01 1.25000000000E+01 1.30000000000E+01 1.08489170123E+01 2.59556933703E+01 -1.38061181025E+01 3.49811463398E+01 8.29169659156E+01 2.09566596657E+01 7.56231886737E+01 2.47791854463E+01 -2.04244786059E+01 2.85853110284E+01 5.62375230509E+00 3.56567666083E+01 2.90241064282E+01 2.31103395074E+01 
1.30000000000E+01 1.35000000000E+01 1.40000000000E+01 -1.98397191233E+01 2.26091193746E+01 -9.34683604196E+01 3.00438475746E+01 5.37198933592E+01 1.82028467418E+01 6.08880825646E+01 2.01779888065E+01 -4.80628452293E+01 2.50833183009E+01 -2.31503669602E+01 2.63663269662E+01 2.34614562655E+01 2.04040582775E+01 
1.40000000000E+01 1.45000000000E+01 1.50000000000E+01 3.49317923650E+01 2.17885627105E+01 -3.72733065761E+01 2.91844553590E+01 7.49395049512E+01 1.69134169410E+01 7.23249942491E+01 2.06783157821E+01 -1.39277314584E+01 2.47013630927E+01 -6.56283254762E+00 2.73164394834E+01 2.49536915954E+01 1.95249161034E+01 
1.50000000000E+01 1.55000000000E+01 1.60000000000E+01 5.39431891049E+01 1.98922461852E+01 -7.71872636280E+00 2.59425658706E+01 9.86181120505E+01 1.61171018953E+01 4.64562679711E+01 1.95329385800E+01 -1.43338610980E+01 2.21227128229E+01 -2.52694878055E+01 2.56404855002E+01 4.38918874817E+01 1.77204990558E+01 
1.60000000000E+01 1.65000000000E+01 1.70000000000E+01 -5.89357250445E+01 2.04779755435E+01 -1.25151066260E+02 2.75093659091E+01 7.64560809341E+00 1.61472364048E+01 3.80503728469E+01 1.66053320562E+01 -1.09699180992E+02 2.24507531492E+01 -7.90485190152E+01 2.48779095172E+01 -3.31727560851E+01 1.80525216510E+01 
1.70000000000E+01 1.75000000000E+01 1.80000000000E+01 9.06620694881E+01 1.59260769925E+01 5.63641191251E+01 2.12781719048E+01 1.14693244742E+02 1.29806653472E+01 1.01419132811E+02 1.53030988518E+01 7.48424470558E+01 1.77032055907E+01 6.89101074018E+01 2.04155170681E+01 1.01574142810E+02 1.43208720064E+01 
1.80000000000E+01 1.85000000000E+01 1.90000000000E+01 6.46560713010E+01 1.44647915150E+01 1.11039359428E+01 1.86566189307E+01 9.93170677233E+01 1.19735895462E+01 7.29808631392E+01 1.42862625200E+01 4.62823960495E+01 1.63447365961E+01 3.07042527291E+01 1.88897064133E+01 6.92023435329E+01 1.30853505364E+01 
1.90000000000E+01 1.95000000000E+01 2.00000000000E+01 3.14061603109E+01 1.34043023104E+01 -1.30854675878E+01 1.79141861844E+01 5.90565595179E+01 1.08629958653E+01 3.58833089839E+01 1.27075399517E+01 -2.47023228360E-01 1.52126697405E+01 -1.29173243914E+01 1.66745650564E+01 3.69389660011E+01 1.27583531569E+01 
2.00000000000E+01 2.05000000000E+01 2.10000000000E+01 7.75438161940E+01 1.33297580809E+01 4.51424260733E+01 1.70194710762E+01 9.26288490095E+01 1.06863427922E+01 9.50859390836E+01 1.23090339462E+01 6.13085741032E+01 1.54681168385E+01 7.00043341952E+01 1.61894421103E+01 7.69556240628E+01 1.24149290599E+01 
2.10000000000E+01 2.15000000000E+01 2.20000000000E+01 4.20701147269E+01 1.55002477924E+01 9.87070186571E+00 2.06978303661E+01 6.42801950767E+01 1.22784721006E+01 6.47781616658E+01 1.51094791280E+01 2.68211844819E+01 1.79526750779E+01 3.77789397400E+01 2.05629227245E+01 4.46865795698E+01 1.37862115483E+01 
2.20000000000E+01 2.25000000000E+01 2.30000000000E+01 1.39968583631E+02 4.07631115776E+01 1.32633693294E+02 5.64715916212E+01 1.38129000527E+02 3.04775588038E+01 7.77220813991E+01 1.24785714725E+01 6.54725507761E+02 2.40588053482E+02 4.22903082238E+01 1.63015614559E+01 5.16045586376E+02 1.78539861498E+02 
2.30000000000E+01 2.35000000000E+01 2.40000000000E+01 3.98384032443E+01 1.28410246034E+01 7.27323522332E+00 1.70690307852E+01 6.13182130678E+01 1.04084900104E+01 2.87026798707E+01 1.36357270572E+01 2.14218670252E+01 1.37043850624E+01 -6.65688496185E+00 1.80434822365E+01 4.53559314425E+01 1.09916125854E+01 
2.40000000000E+01 2.45000000000E+01 2.50000000000E+01 4.09823747455E+01 1.03997983370E+01 -8.40146092856E+00 1.32760195119E+01 4.87206932082E+01 8.20763349349E+00 5.25635558765E+01 9.38701260838E+00 -4.13786830017E+01 1.39215848199E+01 3.46838122986E+01 1.22990303380E+01 -1.56271240221E+00 1.10051975862E+01 
2.50000000000E+01 2.55000000000E+01 2.60000000000E+01 6.57702675948E+01 9.14555668502E+00 3.22041007858E+01 1.17410698505E+01 7.72389573949E+01 7.44634712614E+00 6.77791819159E+01 8.89980402653E+00 4.14655712937E+01 1.02091660450E+01 5.68813097261E+01 1.14416864659E+01 6.66460423306E+01 8.49429173388E+00 
2.60000000000E+01 2.65000000000E+01 2.70000000000E+01 4.45185985942E+01 8.43420910106E+00 2.59076225233E+01 1.09437877304E+01 6.77288750927E+01 7.00221072362E+00 5.46818207416E+01 7.94008309039E+00 3.73080659434E+01 9.48135649054E+00 2.94707345525E+01 1.02389533891E+01 5.36604615369E+01 7.84034212343E+00 
2.70000000000E+01 2.75000000000E+01 2.80000000000E+01 3.50070619068E+01 9.44872041140E+00 2.08561897101E+01 1.25966334599E+01 4.62283575973E+01 7.41087720897E+00 4.74147137216E+01 9.48255639281E+00 2.84067521794E+01 9.84975013626E+00 4.20677950341E+01 1.27444351861E+01 4.10214440828E+01 7.86684247666E+00 
2.80000000000E+01 2.85000000000E+01 2.90000000000E+01 5.60769453398E+01 1.78905727039E+01 3.42309360055E+01 2.34421605742E+01 6.47445759794E+01 1.41074161799E+01 4.93086376399E+01 2.03793903392E+01 3.32079514137E+01 1.84420195527E+01 2.24828676973E+01 2.17420164188E+01 6.25897581406E+01 1.46987747879E+01 
2.90000000000E+01 2.95000000000E+01 3.00000000000E+01 6.33774311469E+01 1.74688710063E+01 5.37237215741E+01 2.29260548473E+01 6.94201752770E+01 1.37942920319E+01 6.51250915564E+01 1.68566119213E+01 6.30338629200E+01 1.82290229892E+01 5.51357814902E+01 2.20732122962E+01 7.38099265938E+01 1.44461381894E+01 
3.00000000000E+01 3.05000000000E+01 3.10000000000E+01 2.53970623337E+01 7.76197665666E+00 2.41960086497E+00 1.02973490461E+01 4.60654942141E+01 6.33037181682E+00 3.32589056495E+01 7.88195899081E+00 1.84537714829E+01 9.05667054955E+00 2.01907941273E+01 1.04252277779E+01 3.72045531713E+01 7.23658844374E+00 
3.10000000000E+01 3.15000000000E+01 3.20000000000E+01 7.51676252590E+00 6.76700667210E+00 -1.32221863458E+01 9.05029724554E+00 2.15025686430E+01 5.38380074884E+00 1.51932605522E+01 6.60566293597E+00 7.35487643938E+00 8.12759042573E+00 -1.62573203017E+00 8.56393393339E+00 1.87015120820E+01 6.38758247089E+00 
3.20000000000E+01 3.25000000000E+01 3.30000000000E+01 3.36501194755E+01 7.60665736409E+00 2.72842158814E+01 1.00803935190E+01 4.51073013892E+01 6.06805782284E+00 5.24739950597E+01 7.90292725795E+00 3.82208096090E+01 7.70186544877E+00 4.22846147188E+01 1.03821345157E+01 4.46178595809E+01 6.26475538808E+00 
3.30000000000E+01 3.35000000000E+01 3.40000000000E+01 5.47236418742E+00 6.84723083348E+00 -3.45483693482E+00 8.95939587928E+00 2.10620303002E+01 5.47254648368E+00 1.66381303972E+01 6.58467594698E+00 7.28945723584E-01 7.44759929257E+00 3.03501093330E+00 8.76476851982E+00 1.96197335371E+01 6.00246791584E+00 
3.40000000000E+01 3.45000000000E+01 3.50000000000E+01 5.14826420969E+01 6.18870896460E+00 4.58349963288E+01 8.10201653156E+00 6.20976783235E+01 5.00367159229E+00 3.80080845880E+01 7.02530183794E+00 5.03134670716E+01 6.66447202849E+00 1.52664705013E+01 9.25176554076E+00 5.49629756792E+01 5.45053503875E+00 
3.50000000000E+01 3.55000000000E+01 3.60000000000E+01 3.63571283334E+01 5.99386835240E+00 3.13708955701E+01 7.88564256085E+00 4.07276113954E+01 4.80090645231E+00 4.58038300228E+01 5.63380112273E+00 3.43575588495E+01 6.34612332880E+00 4.54675438006E+01 7.51977172276E+00 3.80854553459E+01 5.21910506457E+00 
3.60000000000E+01 3.65000000000E+01 3.70000000000E+01 2.16404002421E+00 5.58881320362E+00 -1.92914744915E+01 7.47744325029E+00 1.47108941289E+01 4.60325473478E+00 1.10735257610E+01 5.06523287349E+00 -2.86872237074E+00 5.85700761074E+00 -9.19750584516E+00 6.41952129189E+00 1.36039637405E+01 4.84453487406E+00 
3.70000000000E+01 3.75000000000E+01 3.80000000000E+01 3.50228025053E+01 6.79222176237E+00 2.18300246890E+01 8.03065263163E+00 3.90926344448E+01 5.38897520027E+00 3.72281674541E+01 6.91406875790E+00 2.68684415794E+01 6.55889235436E+00 3.13488526603E+01 7.86982914761E+00 3.41877661050E+01 5.70957814758E+00 
3.80000000000E+01 3.85000000000E+01 3.90000000000E+01 5.09068161320E+01 6.05737956526E+00 4.81804130596E+01 7.98116530675E+00 5.11676350428E+01 4.84304330222E+00 4.83110775717E+01 5.94234446258E+00 3.75006996843E+01 6.54932726853E+00 4.12860965557E+01 8.25962832554E+00 4.26207221366E+01 5.20597154567E+00 
3.90000000000E+01 3.95000000000E+01 4.00000000000E+01 2.40092783867E+01 4.48808923841E+00 1.29633643978E+01 6.02645113012E+00 3.44766686926E+01 3.87617186755E+00 1.48554610814E+01 6.05695841457E+00 2.14740912649E+01 5.72862941528E+00 -2.10639630220E-01 8.17413010844E+00 2.66848683796E+01 4.55217824694E+00 
4.00000000000E+01 4.05000000000E+01 4.10000000000E+01 -1.29964251505E+00 5.27687801163E+00 -1.72493844060E+01 6.80863319497E+00 6.62222034545E+00 4.15807194433E+00 1.45058980691E+01 4.75008445562E+00 -7.60016557615E+00 5.75360022371E+00 6.43280837571E+00 6.38786888813E+00 7.25506434555E+00 4.53448005361E+00 
4.10000000000E+01 4.15000000000E+01 4.20000000000E+01 2.60709087537E+01 5.46930228507E+00 2.14714032390E+01 7.20307394937E+00 3.39185194692E+01 4.45798384658E+00 2.75267798170E+01 5.31534284575E+00 2.00795045737E+01 5.87588507108E+00 1.49226583890E+01 7.07935308689E+00 2.71375648690E+01 4.72171641244E+00 
4.20000000000E+01 4.25000000000E+01 4.30000000000E+01 2.49249843431E+01 4.67638989051E+00 2.39639195450E+01 6.27439534861E+00 2.36773736270E+01 3.52957381242E+00 3.34033631785E+01 4.29510445366E+00 1.80103807779E+01 4.81792716793E+00 3.66606524917E+01 5.50263701555E+00 1.90537293819E+01 3.88554336396E+00 
4.30000000000E+01 4.35000000000E+01 4.40000000000E+01 1.29112850211E+01 5.06717843970E+00 -7.07449996045E+00 6.43580695108E+00 1.80166526001E+01 4.12017203308E+00 2.25135207000E+01 4.29742969549E+00 1.77156247000E+01 5.09588538457E+00 2.28857188608E+01 5.82377612253E+00 1.90083114561E+01 4.02895859704E+00 
4.40000000000E+01 4.45000000000E+01 4.50000000000E+01 1.94714488710E+01 4.41242559136E+00 8.40845809245E+00 5.96133771611E+00 3.04921541248E+01 3.27061546083E+00 2.23079280295E+01 4.36091629379E+00 2.10828629381E+01 4.64069152532E+00 1.13257067683E+01 5.68279207782E+00 2.65965522613E+01 3.71615553657E+00 
4.50000000000E+01 4.55000000000E+01 4.60000000000E+01 5.25877507938E+00 7.09369820373E+00 -2.12085455687E+00 9.70307665829E+00 1.74220676765E+01 5.36987243277E+00 1.15220639264E+01 6.80328368833E+00 8.46162445404E+00 7.15648224681E+00 1.13640781011E+00 9.35684559866E+00 2.08267145467E+01 5.51096214345E+00 
4.60000000000E+01 4.65000000000E+01 4.70000000000E+01 2.02780146807E+01 3.71541438017E+00 1.72777038115E+01 5.09246860845E+00 2.45491868184E+01 2.89011299495E+00 2.77985666925E+01 3.59438067694E+00 1.63268755076E+01 3.85772181050E+00 2.26562225453E+01 4.65017749077E+00 2.10573286163E+01 3.13198360438E+00 
4.70000000000E+01 4.75000000000E+01 4.80000000000E+01 1.61588322377E+01 3.89881820470E+00 -3.96197991013E+00 4.86571834195E+00 2.22421665824E+01 3.10845800864E+00 2.30433147439E+01 3.65193575595E+00 1.20796692677E+01 4.25423797253E+00 1.43040483466E+01 4.82736417134E+00 2.04991351510E+01 3.30344508674E+00 
4.80000000000E+01 4.85000000000E+01 4.90000000000E+01 1.80219273936E+01 3.74878078334E+00 2.10626678834E+01 5.19410685136E+00 2.25066062177E+01 3.06729631882E+00 2.35498049469E+01 3.64498212021E+00 1.46441477280E+01 4.40790934308E+00 2.15179077108E+01 4.79286935566E+00 1.79384506685E+01 3.45917614829E+00 
4.90000000000E+01 4.95000000000E+01 5.00000000000E+01 1.21442553674E+01 4.35097659132E+00 2.95747629653E+00 5.69254897904E+00 1.73372871413E+01 3.53908266821E+00 9.80641686113E+00 4.53431055353E+00 6.60165885749E+00 4.37231258245E+00 -1.76765925948E+00 5.91932435808E+00 1.25818149841E+01 3.54300001524E+00 
5.00000000000E+01 5.05000000000E+01 5.10000000000E+01 1.95669253105E+01 4.11882380352E+00 1.16248025896E+01 5.39015404931E+00 2.23087297191E+01 3.30185772423E+00 1.59961581239E+01 4.07767145365E+00 1.32076690885E+01 4.38574152459E+00 8.15331229292E+00 5.45022242666E+00 1.96428555913E+01 3.56829197154E+00 
5.10000000000E+01 5.15000000000E+01 5.20000000000E+01 9.29330540541E+00 3.83673148994E+00 -8.79697870401E+00 4.92070902579E+00 4.24544358289E+00 3.15898517487E+00 1.65287667889E+00 4.13238996190E+00 -1.40101108022E+01 4.55064706292E+00 -1.70737886110E+01 5.71393411167E+00 -4.57520595518E-01 3.65066126974E+00 
5.20000000000E+01 5.25000000000E+01 5.30000000000E+01 2.34468591543E+01 3.55078921081E+00 2.41622014982E+01 4.17882314786E+00 2.52392090140E+01 2.89037825585E+00 2.30112433910E+01 3.25973402798E+00 2.11958617169E+01 3.38518233990E+00 1.94541280901E+01 4.33623668119E+00 2.29322662630E+01 2.75033208651E+00 
5.30000000000E+01 5.35000000000E+01 5.40000000000E+01 1.99801482372E-01 3.41293612183E+00 -7.21003442990E+00 4.54740119183E+00 7.40962878708E+00 2.73460856894E+00 6.35271258863E-01 3.44508846777E+00 -2.74590933577E+00 3.62940031627E+00 -1.52449215777E+01 4.58785629756E+00 1.62722688880E+00 2.87660880175E+00 
5.40000000000E+01 5.45000000000E+01 5.50000000000E+01 1.53958090733E+01 3.96546139033E+00 1.40886761578E+01 4.84243697754E+00 1.91894156888E+01 3.16110108053E+00 2.28388932389E+01 3.74548020178E+00 8.82359684895E+00 3.18577970153E+00 1.66172981609E+01 4.90644759790E+00 1.39654068088E+01 2.49189833317E+00 
5.50000000000E+01 5.55000000000E+01 5.60000000000E+01 4.89800522197E+00 3.49738582213E+00 2.87848203993E+00 4.78444823917E+00 9.48094622951E+00 2.76985421114E+00 1.70004297101E+01 3.07176292929E+00 8.58303620840E+00 2.82219839313E+00 8.66988508928E+00 4.07848469314E+00 1.46774174934E+01 2.39023858193E+00 
5.60000000000E+01 5.65000000000E+01 5.70000000000E+01 1.82412591651E+01 4.22958195092E+00 1.58504258736E+01 5.45843479566E+00 2.13953547275E+01 3.39319716438E+00 2.14157990897E+01 4.25944281403E+00 1.41186228938E+01 4.32956227908E+00 1.58682950386E+01 5.43765918586E+00 1.81516296859E+01 3.49413145318E+00 
5.70000000000E+01 5.75000000000E+01 5.80000000000E+01 1.00860599691E+01 2.19543952338E+00 5.60913985950E+00 2.88916044008E+00 1.34667368067E+01 1.77895380723E+00 9.63341181776E+00 2.35665918868E+00 -3.70670807174E+00 3.21965743752E+00 1.39829547657E+00 2.99983589322E+00 4.05571027500E+00 2.51153181137E+00 
5.80000000000E+01 5.85000000000E+01 5.90000000000E+01 1.38841961586E+01 2.82457791496E+00 1.12457349679E+01 3.74330827710E+00 1.70019037184E+01 2.30966627206E+00 1.49875711837E+01 3.05610975355E+00 1.02973879327E+01 2.92643218741E+00 1.26850217179E+01 3.97741368210E+00 1.35768869208E+01 2.40041255887E+00 
5.90000000000E+01 5.95000000000E+01 6.00000000000E+01 3.97948363934E+00 2.76795185914E+00 -5.27534992024E+00 3.62827602713E+00 1.17076071371E+01 2.00510138030E+00 1.25320289961E+01 2.42498461605E+00 7.41081461087E+00 2.65325308605E+00 9.66527013100E+00 3.13718423306E+00 1.22202765795E+01 2.31780993443E+00 
6.00000000000E+01 6.05000000000E+01 6.10000000000E+01 -1.53851020126E+00 2.70246203167E+00 -6.33626514399E+00 3.55141010401E+00 4.56692918465E+00 2.24173745319E+00 -1.67782445211E+00 2.86689024122E+00 1.10872047681E+00 2.81278991294E+00 -6.35743458418E+00 3.72484264273E+00 1.15132319261E+01 2.41023070994E+00 
6.10000000000E+01 6.15000000000E+01 6.20000000000E+01 1.08492834370E+01 2.45130078700E+00 4.77359108917E+00 3.11129540649E+00 1.33719472777E+01 1.98240087241E+00 7.48067295079E+00 2.18818052518E+00 5.32757295893E+00 2.72017109185E+00 5.42660354310E+00 2.98874886638E+00 8.92745969028E+00 2.05174132042E+00 
6.20000000000E+01 6.25000000000E+01 6.30000000000E+01 1.16847044486E+01 2.07590998899E+00 1.00937181074E+01 2.62516515802E+00 1.27410387962E+01 1.84458604310E+00 1.16138223991E+01 2.25441161529E+00 -6.41112472775E-01 2.51102801745E+00 -6.81842416839E+00 3.27439385343E+00 3.69513592452E+00 2.07927996638E+00 
6.30000000000E+01 6.35000000000E+01 6.40000000000E+01 1.39399002221E+01 2.14356699050E+00 1.12065551030E+01 2.85378175763E+00 1.47089400699E+01 1.69478845662E+00 1.57046007422E+01 2.49026026988E+00 1.13777017668E+01 2.25025303256E+00 9.53755056869E+00 3.25495118447E+00 1.43092385611E+01 1.80028986936E+00 
6.40000000000E+01 6.45000000000E+01 6.50000000000E+01 1.68163665110E+00 1.98463036058E+00 -3.97525919041E+00 2.79347163710E+00 6.58756335444E+00 1.70076199926E+00 3.28710388881E+00 1.89287971683E+00 4.92285426529E+00 2.07568394475E+00 2.32540714107E+00 2.75433670647E+00 6.58190599602E+00 1.75204317098E+00 
6.50000000000E+01 6.55000000000E+01 6.60000000000E+01 8.29000316265E+00 2.47221477348E+00 7.27081380247E+00 2.74088653975E+00 9.86779342082E+00 2.00993705593E+00 8.76237851065E+00 2.17586723539E+00 8.52984993949E+00 2.18335568947E+00 8.44201868092E+00 2.84859723661E+00 6.73664115332E+00 2.31372877784E+00 
6.60000000000E+01 6.65000000000E+01 6.70000000000E+01 2.83407380334E+00 2.48460911975E+00 -6.10533771475E+00 3.10407863023E+00 5.80020102720E+00 1.93932165822E+00 3.63180952054E+00 2.59048858946E+00 5.88689227936E+00 1.99639398274E+00 -5.63028856770E+00 3.33977451173E+00 7.01936077123E+00 1.57014016446E+00 
6.70000000000E+01 6.75000000000E+01 6.80000000000E+01 7.75726366614E+00 2.00125620093E+00 3.69347565226E+00 2.55452260366E+00 9.72390845019E+00 1.58666727493E+00 7.17253343025E+00 1.82322496647E+00 6.58576742412E+00 1.81874876149E+00 4.95298428237E+00 2.50992409257E+00 8.02217959942E+00 1.46666586750E+00 
6.80000000000E+01 6.85000000000E+01 6.90000000000E+01 2.69914598439E+00 2.03725512227E+00 -4.30052647716E+00 2.72437856234E+00 4.76489643208E+00 1.57575584324E+00 3.04380233813E+00 1.98655481720E+00 3.35547428788E-01 2.00737652865E+00 -3.73489943878E-01 2.63938203550E+00 4.30247762193E+00 1.63622729065E+00 
6.90000000000E+01 6.95000000000E+01 7.00000000000E+01 1.12830994332E+01 1.75136858459E+00 9.19723559544E+00 2.33788759824E+00 9.28082030219E+00 1.32977941186E+00 9.35050262342E+00 1.79384051605E+00 3.55687209710E+00 1.89043349128E+00 9.64897017913E+00 2.58795131579E+00 6.05124726178E+00 1.54953821912E+00 
7.00000000000E+01 7.05000000000E+01 7.10000000000E+01 6.78441735746E-01 1.73156019730E+00 -7.34399447957E+00 2.14282363437E+00 -6.07823920090E-01 1.27156989513E+00 -2.49095519392E+00 1.47831153303E+00 -2.13916032245E+00 1.80225408200E+00 -7.92958946028E+00 1.96751048716E+00 4.49223123588E+00 1.54963790735E+00 
7.10000000000E+01 7.15000000000E+01 7.20000000000E+01 1.08399470353E+01 1.64255236618E+00 9.97778965672E+00 2.19553404495E+00 1.07876112886E+01 1.41608231869E+00 8.81912637834E+00 1.76085452436E+00 6.79507983620E+00 1.71043550719E+00 7.07224952964E+00 2.36505176264E+00 1.00647305794E+01 1.41282808804E+00 
7.20000000000E+01 7.25000000000E+01 7.30000000000E+01 5.00361214973E+00 1.41059990036E+00 -9.12587002022E-01 1.69984469079E+00 5.17157865937E+00 1.11989880238E+00 2.28474987886E+00 1.33142169401E+00 1.62815569700E+00 1.45078262272E+00 -7.82890724290E-01 1.70134092200E+00 4.63112427504E+00 1.17562299717E+00 
7.30000000000E+01 7.35000000000E+01 7.40000000000E+01 3.16672254980E+00 1.80745493138E+00 -3.00063113423E+00 2.36818570847E+00 5.86432239755E+00 1.42162277826E+00 -1.03961640493E+00 2.02719580683E+00 4.53147498436E+00 1.64409385158E+00 -2.91880620180E+00 2.81708220995E+00 6.17986289549E+00 1.44352562026E+00 
7.40000000000E+01 7.45000000000E+01 7.50000000000E+01 7.24371854270E+00 1.37409630519E+00 5.08672874065E+00 1.76960523899E+00 1.03808730457E+01 1.08954269623E+00 9.06891463035E+00 1.61126122683E+00 6.84955043976E+00 1.35255682157E+00 5.09226735113E+00 2.06991236718E+00 6.91215134861E+00 1.10864349922E+00 
7.50000000000E+01 7.55000000000E+01 7.60000000000E+01 -2.74667101798E+00 2.06213169687E+00 -5.21790460843E+00 2.71925773915E+00 -1.31695344821E+00 1.68467484245E+00 -3.05513662629E+00 2.13203725569E+00 -3.11469024998E+00 1.45332721295E+00 -7.07922489333E+00 2.82932612762E+00 9.67953292078E-01 1.20834439520E+00 
7.60000000000E+01 7.65000000000E+01 7.70000000000E+01 4.79994083232E+00 1.31432190397E+00 1.32058781883E+00 1.70053215653E+00 6.87499671207E+00 1.07302892793E+00 4.21141800867E+00 1.19632199306E+00 4.28692696008E+00 1.32819581906E+00 2.29166487733E+00 1.56659173277E+00 5.38568732905E+00 1.04836800300E+00 
7.70000000000E+01 7.75000000000E+01 7.80000000000E+01 5.21179520508E+00 1.43491728326E+00 5.38458498155E-01 1.80827875989E+00 3.52513312874E+00 9.95637353698E-01 3.84699660927E+00 1.43448509938E+00 7.22857565795E+00 1.39785660964E+00 1.67735869346E+00 1.79001606306E+00 8.59328253561E+00 1.11289214017E+00 
7.80000000000E+01 7.85000000000E+01 7.90000000000E+01 9.56251174742E+00 1.93463152066E+00 6.64092124473E+00 2.23075814637E+00 1.34966643548E+01 1.78810710364E+00 9.15097093998E+00 1.98797820350E+00 8.60588096784E+00 2.13063339917E+00 1.90888711682E+00 2.04572707938E+00 1.25068149765E+01 1.82960489419E+00 
7.90000000000E+01 7.95000000000E+01 8.00000000000E+01 -9.54891949940E-01 1.39640337259E+00 -3.33766745234E+00 1.77023440142E+00 4.17655687257E+00 1.20810763058E+00 -1.86118253891E+00 1.34573207536E+00 2.91151612284E+00 1.57158318244E+00 -5.15878002598E+00 1.72531808511E+00 4.55187901814E+00 1.28335853505E+00 
8.00000000000E+01 8.05000000000E+01 8.10000000000E+01 4.85658188823E+00 1.02755099303E+00 4.00976519846E+00 1.37343249741E+00 5.14452723478E+00 9.24186944936E-01 2.00569616503E+00 1.08787796006E+00 4.60242955037E+00 1.27037054256E+00 1.08694765183E+00 1.58431508593E+00 3.72619982393E+00 1.02681735396E+00 
8.10000000000E+01 8.15000000000E+01 8.20000000000E+01 5.01198783235E+00 1.34192550341E+00 4.54749768799E+00 1.62075266069E+00 5.58187131135E+00 1.04434223536E+00 9.04997742096E+00 1.56770603089E+00 4.60250171709E+00 1.31323789767E+00 2.24789822743E+00 1.90611776402E+00 4.26189401027E+00 1.02167793357E+00 
8.20000000000E+01 8.25000000000E+01 8.30000000000E+01 2.34362823542E+00 1.26370762157E+00 -2.55475753075E+00 1.53562368288E+00 3.40221213185E+00 1.01749659295E+00 1.38890459809E+00 1.34157725682E+00 -1.65302266577E+00 1.07623160982E+00 -3.53010739998E-02 1.79494537920E+00 9.01175453047E-01 9.19553434150E-01 
8.30000000000E+01 8.35000000000E+01 8.40000000000E+01 6.16164400789E+00 1.02723570459E+00 3.59112821389E+00 1.06441140218E+00 7.03759498077E+00 8.94109752988E-01 2.38827429648E+00 1.38759875280E+00 6.33787477822E+00 1.09967604126E+00 -5.64154385150E-01 1.87276238637E+00 8.20498110276E+00 9.37362472739E-01 
8.40000000000E+01 8.45000000000E+01 8.50000000000E+01 2.13094906375E+00 1.09015920388E+00 6.82946715904E-02 1.46435289758E+00 3.88361077845E+00 8.82726539496E-01 5.24916626643E+00 1.26061031907E+00 2.10345191774E+00 9.78166006038E-01 5.96658159191E+00 1.99944558108E+00 2.56184472805E+00 7.28461580778E-01 
8.50000000000E+01 8.55000000000E+01 8.60000000000E+01 1.82426610089E+00 1.20486243574E+00 -2.64779883583E-01 1.55202560302E+00 1.80393869235E+00 9.42332508469E-01 3.29037600383E-01 1.24902204715E+00 3.84342092555E+00 1.09624695720E+00 -1.18156514353E+00 1.75868614942E+00 4.79839666684E+00 8.77562335331E-01 
8.60000000000E+01 8.65000000000E+01 8.70000000000E+01 2.94970970610E+00 9.24009615193E-01 1.62642232973E-01 1.36802161061E+00 6.00473013965E+00 8.24798171005E-01 1.56777780737E+00 1.01376238899E+00 2.13415827137E+00 9.16177262385E-01 1.85894887141E+00 1.43558673293E+00 5.74597670701E+00 8.44824867482E-01 
8.70000000000E+01 8.75000000000E+01 8.80000000000E+01 5.89849311868E+00 1.11113572692E+00 1.61646253330E+00 1.33098155521E+00 5.00605784728E+00 8.72664776591E-01 7.15589646485E-01 1.28748013320E+00 2.65303458047E+00 1.04596086769E+00 2.30231103587E+00 1.76985586641E+00 2.68533639205E+00 8.30130007652E-01 
8.80000000000E+01 8.85000000000E+01 8.90000000000E+01 1.31549978773E+00 1.52164252072E+00 2.22375117766E+00 2.06214782167E+00 3.98725345187E-01 1.12349204723E+00 1.39814626919E+00 1.51113000601E+00 5.29248988518E-01 1.47245797225E+00 1.20549355688E+00 2.13857256081E+00 2.27632124757E+00 1.11080908379E+00 
8.90000000000E+01 8.95000000000E+01 9.00000000000E+01 3.90617679379E+00 1.43209072425E+00 7.61711184953E-02 1.96753565590E+00 5.46343538511E+00 1.09640269208E+00 1.07766303069E+00 1.44036011900E+00 4.78347841506E+00 1.45888106380E+00 1.51524948875E+00 2.03263459090E+00 5.35159315169E+00 1.13338295649E+00 
9.00000000000E+01 9.05000000000E+01 9.10000000000E+01 -2.78444164978E-01 9.74402564368E-01 -3.60311357951E+00 1.31772414613E+00 1.08280591432E+00 7.58380904623E-01 -8.58135429997E-01 1.07869036950E+00 -2.05050795205E+00 1.00131855021E+00 -1.62884662035E+00 1.51588764364E+00 1.34132462663E-02 8.06814488198E-01 
9.10000000000E+01 9.15000000000E+01 9.20000000000E+01 5.92618690050E+00 1.45144906972E+00 1.02741514366E+01 2.05157933977E+00 1.03511109013E+01 1.25914264900E+00 4.55375723571E+00 1.66846564681E+00 1.14316809161E+00 1.02567504425E+00 6.53346522077E+00 2.35768799638E+00 7.37498465384E+00 9.21189088419E-01 
9.20000000000E+01 9.25000000000E+01 9.30000000000E+01 2.17110830440E+00 8.29754220032E-01 7.40382444739E-01 1.00729484577E+00 2.81888657467E+00 6.16628412925E-01 2.19626274817E+00 9.70307728374E-01 2.76866068467E+00 8.53865276669E-01 6.41856017585E-01 1.24636334442E+00 2.66359651724E+00 6.80918081967E-01 
9.30000000000E+01 9.35000000000E+01 9.40000000000E+01 7.01961964232E-01 9.65309967570E-01 -4.31702057859E+00 1.14833392371E+00 2.71047367984E+00 7.86621569792E-01 6.81835219879E-01 8.35851961606E-01 1.67661634570E+00 8.42650244819E-01 -1.88742786583E+00 1.31805562104E+00 4.57190942315E+00 7.33704008075E-01 
9.40000000000E+01 9.45000000000E+01 9.50000000000E+01 -6.21030632136E-01 8.18711771423E-01 -5.56553243689E-01 1.24562094124E+00 2.72005237068E+00 7.20181812186E-01 1.79191820486E+00 8.51723251653E-01 -1.05304295351E+00 8.53775888225E-01 -1.42142159924E+00 1.05040853578E+00 3.14049427340E-01 6.86969413875E-01 
9.50000000000E+01 9.55000000000E+01 9.60000000000E+01 -4.17850188377E-01 6.19757434234E-01 3.61243344286E-01 1.05724784849E+00 1.61012080138E+00 5.59666687860E-01 3.76281472708E-01 7.23537643248E-01 2.96239896816E-01 7.79363389440E-01 -2.50535163424E+00 8.46048612661E-01 5.58183559936E-01 6.19790985346E-01 
9.60000000000E+01 9.65000000000E+01 9.70000000000E+01 2.93908847950E+00 8.46821515812E-01 1.37191220622E+00 1.13280717022E+00 2.49897960846E+00 7.44192515052E-01 3.29900330688E+00 9.22851481352E-01 2.77600273455E+00 7.46500474565E-01 -1.65982005949E+00 1.12097861477E+00 4.47284353190E+00 6.57397266601E-01 
9.70000000000E+01 9.75000000000E+01 9.80000000000E+01 1.56750802771E+00 5.79258624107E-01 1.73250179304E+00 8.72652600560E-01 3.53205468251E+00 5.47529608205E-01 8.72687892144E-01 7.60850215831E-01 3.21134681573E+00 7.51096497824E-01 -9.38164467951E-01 8.79961574672E-01 3.93775066560E+00 6.16903448244E-01 
9.80000000000E+01 9.85000000000E+01 9.90000000000E+01 3.39187607986E-02 6.57669796229E-01 -1.56988563753E-01 8.25677091019E-01 3.00223418483E-01 4.78891948594E-01 -2.49148084706E+00 7.64993576344E-01 -1.98794840943E+00 1.03053057687E+00 -3.57447962615E+00 1.07656082167E+00 -1.45095658189E+00 5.75416334871E-01 
9.90000000000E+01 9.95000000000E+01 1.00000000000E+02 -4.37733189990E-02 6.91172294003E-01 3.05896526552E-01 9.76177006549E-01 1.05724161408E+00 5.71207546905E-01 2.30331622622E+00 7.37243229375E-01 -6.06518455304E-02 7.77122290358E-01 -6.21870425120E-01 8.85352957356E-01 1.60856482187E+00 6.53204332744E-01 
#nx: 3
