#labels: ptz_all_lower[1] ptz_all_center[2] ptz_all_upper[3] tot_scale01[4] tot_scale01_Err[5] tot_scale02[6] tot_scale02_Err[7] tot_scale03[8] tot_scale03_Err[9] tot_scale04[10] tot_scale04_Err[11] tot_scale05[12] tot_scale05_Err[13] tot_scale06[14] tot_scale06_Err[15] tot_scale07[16] tot_scale07_Err[17]
#neval: 75657464978
#overflow:lower center upper 5.10431733800E+02 4.33883149839E+01 -1.88070562504E+03 6.04156436233E+01 2.07248812915E+03 3.21155009101E+01 3.60354743540E+02 4.34176031083E+01 5.82385813331E+02 4.17404197293E+01 -2.23432196279E+03 6.13137942331E+01 2.04477643936E+03 3.20651293150E+01 
0.00000000000E+00 5.00000000000E-01 1.00000000000E+00 0.00000000000E+00 0.00000000000E+00 0.00000000000E+00 0.00000000000E+00 0.00000000000E+00 0.00000000000E+00 0.00000000000E+00 0.00000000000E+00 0.00000000000E+00 0.00000000000E+00 0.00000000000E+00 0.00000000000E+00 0.00000000000E+00 0.00000000000E+00 
1.00000000000E+00 1.50000000000E+00 2.00000000000E+00 -3.55911206023E+05 3.02364404390E+03 -2.69783397798E+05 4.19938463367E+03 -3.69531518983E+05 2.28116027616E+03 -3.23808081990E+05 2.69846159958E+03 -3.94529408565E+05 3.29787829327E+03 -2.59125288040E+05 3.76475084695E+03 -4.11956682529E+05 2.50357348991E+03 
2.00000000000E+00 2.50000000000E+00 3.00000000000E+00 -1.65117136671E+05 1.41251485220E+03 -1.64444003040E+05 1.93289286858E+03 -1.50330014541E+05 1.08093713740E+03 -1.44788494140E+05 1.29442849178E+03 -1.86495347041E+05 1.62144207438E+03 -1.49519122953E+05 1.81161924750E+03 -1.72035399836E+05 1.23686004579E+03 
3.00000000000E+00 3.50000000000E+00 4.00000000000E+00 -8.74612050143E+04 9.54000223007E+02 -9.73329003817E+04 1.29879451903E+03 -7.36973109786E+04 7.44605109681E+02 -7.34574717492E+04 9.19572000118E+02 -1.00516109104E+05 1.14288497883E+03 -8.40061054317E+04 1.26009165429E+03 -8.60451484102E+04 8.67447477467E+02 
4.00000000000E+00 4.50000000000E+00 5.00000000000E+00 -5.09514395526E+04 8.22389035850E+02 -6.04072105884E+04 1.13203668944E+03 -4.03578627364E+04 6.26703432189E+02 -4.09845744738E+04 6.91975062959E+02 -5.79301229694E+04 8.58537171237E+02 -5.06199931526E+04 9.42895866130E+02 -4.75913756799E+04 6.57388949361E+02 
5.00000000000E+00 5.50000000000E+00 6.00000000000E+00 -2.93273409142E+04 6.44676737897E+02 -3.68220910104E+04 8.74585041659E+02 -2.11471010777E+04 4.89594902880E+02 -2.24949083816E+04 5.72199788525E+02 -3.56867442569E+04 6.77551533557E+02 -3.07317533300E+04 8.01076922912E+02 -2.69008498015E+04 5.23335110878E+02 
6.00000000000E+00 6.50000000000E+00 7.00000000000E+00 -1.96052813939E+04 5.63158283158E+02 -2.65214180357E+04 7.73523147076E+02 -1.27326892213E+04 4.32348573333E+02 -1.41747643551E+04 5.46805179496E+02 -2.42357060830E+04 6.23104423688E+02 -2.09730336949E+04 7.58592024001E+02 -1.69789236512E+04 4.80484312771E+02 
7.00000000000E+00 7.50000000000E+00 8.00000000000E+00 -1.32995617115E+04 4.74026724035E+02 -1.96364699606E+04 6.37104071693E+02 -7.90352563649E+03 3.62319189229E+02 -8.39103531619E+03 4.20221910623E+02 -1.70878289450E+04 5.28073124654E+02 -1.48020691250E+04 5.77115768581E+02 -1.07730271425E+04 3.98909345157E+02 
8.00000000000E+00 8.50000000000E+00 9.00000000000E+00 -8.16912593830E+03 4.04146844289E+02 -1.39633880829E+04 5.37091059631E+02 -3.60200056389E+03 3.10734472118E+02 -5.28058877305E+03 3.95193424590E+02 -1.20044010421E+04 4.48962669209E+02 -1.01342306071E+04 5.56894002408E+02 -7.41749960761E+03 3.56776213846E+02 
9.00000000000E+00 9.50000000000E+00 1.00000000000E+01 -5.94562379128E+03 3.75019112907E+02 -1.08421174023E+04 5.13728069877E+02 -2.14439251586E+03 2.91545240931E+02 -3.07170500100E+03 3.41465751905E+02 -9.07130375221E+03 4.29317067303E+02 -7.72956616491E+03 4.64391854828E+02 -4.72744583935E+03 3.30147586548E+02 
1.00000000000E+01 1.05000000000E+01 1.10000000000E+01 -3.59366732437E+03 3.29627130216E+02 -7.45264035142E+03 4.43961098145E+02 -3.31270304334E+02 2.52166953225E+02 -1.23950165006E+03 3.09874255191E+02 -5.45507807386E+03 3.56350343368E+02 -5.05598008680E+03 4.22972317456E+02 -2.12815032865E+03 2.73719906837E+02 
1.10000000000E+01 1.15000000000E+01 1.20000000000E+01 -1.69680975730E+03 2.94898427277E+02 -5.32806854269E+03 4.14614819446E+02 9.44648176177E+02 2.25318269436E+02 2.78266085042E+02 2.85792617163E+02 -3.66905686811E+03 3.23487040089E+02 -3.08285124484E+03 3.94237600342E+02 -7.70887424908E+02 2.43900805832E+02 
1.20000000000E+01 1.25000000000E+01 1.30000000000E+01 -2.75444615156E+02 2.80210792771E+02 -3.28718091746E+03 3.79967939842E+02 1.99382112722E+03 2.14647953283E+02 1.35593030181E+03 2.59862243893E+02 -2.06148195880E+03 3.01092626819E+02 -1.33994150375E+03 3.53972312933E+02 3.66882331588E+02 2.30971560330E+02 
1.30000000000E+01 1.35000000000E+01 1.40000000000E+01 4.61289649071E+02 2.45614735103E+02 -1.96703725519E+03 3.36862600334E+02 2.58151685906E+03 1.90449387322E+02 2.09107348938E+03 2.31802778938E+02 -8.63463353982E+02 2.69730733460E+02 -4.19716043997E+02 3.16049003264E+02 1.17348439333E+03 2.08238219498E+02 
1.40000000000E+01 1.45000000000E+01 1.50000000000E+01 -5.31170089330E+01 2.47923421515E+02 -2.46673813447E+03 3.42977822808E+02 2.05831517871E+03 1.89351866294E+02 1.64593122206E+03 2.19758842403E+02 -8.04691890660E+02 2.59754339352E+02 -6.71182368444E+02 2.99671384869E+02 1.17401522712E+03 1.98722694878E+02 
1.50000000000E+01 1.55000000000E+01 1.60000000000E+01 7.82340538820E+01 3.15253978065E+02 -2.39038022338E+03 4.53461231766E+02 1.72564981354E+03 2.43678683093E+02 1.12929031579E+03 2.95746890994E+02 -1.04068925486E+03 3.35832810370E+02 -1.35720364675E+03 4.15879200032E+02 9.40646082658E+02 2.54060682152E+02 
1.60000000000E+01 1.65000000000E+01 1.70000000000E+01 1.28879141743E+03 1.91941957789E+02 -4.27274935820E+02 2.63258799419E+02 2.69591661138E+03 1.52170645211E+02 2.40577488686E+03 1.88730980936E+02 4.29871966092E+02 2.08210288511E+02 6.24611098088E+02 2.46669826574E+02 1.87007182027E+03 1.62117044972E+02 
1.70000000000E+01 1.75000000000E+01 1.80000000000E+01 1.18116412277E+03 1.85232723119E+02 -6.03961721517E+02 2.50588078791E+02 2.51392026753E+03 1.41273220328E+02 2.27675829344E+03 1.71495673764E+02 -1.74745534383E+02 2.07112912416E+02 5.91436193563E+02 2.36223554903E+02 1.38712022220E+03 1.59543441470E+02 
1.80000000000E+01 1.85000000000E+01 1.90000000000E+01 1.46246946923E+03 1.74662178231E+02 -3.50849843949E+01 2.37130906209E+02 2.52920430014E+03 1.39469120300E+02 2.09280883900E+03 1.67150913525E+02 5.40635988085E+02 1.96842519699E+02 5.15280908355E+02 2.27303777141E+02 1.79643199036E+03 1.50579766648E+02 
1.90000000000E+01 1.95000000000E+01 2.00000000000E+01 8.05422413347E+02 1.72508994429E+02 -7.12869633234E+02 2.34903213610E+02 1.88982606680E+03 1.32660392776E+02 1.72181761162E+03 1.62623968029E+02 -8.38888732263E+01 1.92178599438E+02 2.13456706587E+02 2.20679932228E+02 1.22480057307E+03 1.48041820864E+02 
2.00000000000E+01 2.05000000000E+01 2.10000000000E+01 1.10242661938E+03 1.53965312236E+02 -3.02297105549E+02 2.13137165396E+02 2.16232244619E+03 1.17287917875E+02 1.98117658957E+03 1.40879281280E+02 4.99776928798E+02 1.64042767929E+02 6.08317178976E+02 1.91046812045E+02 1.57451222753E+03 1.24982292777E+02 
2.10000000000E+01 2.15000000000E+01 2.20000000000E+01 7.47442025382E+02 1.77551113221E+02 -6.59917617684E+02 2.43350872917E+02 1.87761578140E+03 1.34522548895E+02 1.56947317880E+03 1.73188052731E+02 3.19497277091E+02 1.85026071235E+02 1.28070538521E+02 2.38824027100E+02 1.45071457938E+03 1.40542941715E+02 
2.20000000000E+01 2.25000000000E+01 2.30000000000E+01 1.06105441667E+03 3.62367805861E+02 -1.94740858940E+02 5.03376456016E+02 1.96662926157E+03 2.69179142937E+02 1.70758079219E+03 3.40985222305E+02 5.02007210191E+02 3.78937298092E+02 5.17191236074E+02 4.74485336595E+02 1.56425409707E+03 2.81632390382E+02 
2.30000000000E+01 2.35000000000E+01 2.40000000000E+01 1.63970653765E+03 1.26695270638E+02 6.59021937652E+02 1.71334122097E+02 2.29132442576E+03 9.73657492540E+01 2.14402812015E+03 1.24199264299E+02 1.16933283927E+03 1.37090733486E+02 1.18739733714E+03 1.68998586248E+02 1.89746981693E+03 1.06227659362E+02 
2.40000000000E+01 2.45000000000E+01 2.50000000000E+01 6.74297415011E+02 1.32787925235E+02 -4.62494316407E+02 1.79336356651E+02 1.57925410013E+03 1.00931135859E+02 1.12707441736E+03 1.26292151468E+02 4.23719710185E+02 1.33999051257E+02 -3.68200487921E+02 1.87039647331E+02 1.22069124905E+03 1.03817217478E+02 
2.50000000000E+01 2.55000000000E+01 2.60000000000E+01 1.16236488710E+03 1.28508334598E+02 1.50947001253E+02 1.75428736496E+02 1.84531887960E+03 9.69152989345E+01 1.53640449295E+03 1.21493636467E+02 6.49130068432E+02 1.33604451579E+02 6.35856550472E+02 1.67898064980E+02 1.47605030300E+03 1.03664287171E+02 
2.60000000000E+01 2.65000000000E+01 2.70000000000E+01 1.10049639302E+03 1.08473648501E+02 2.23200182711E+02 1.48791442152E+02 1.78246355404E+03 8.37846775690E+01 1.54130752759E+03 1.01175228546E+02 7.04881423968E+02 1.15625638275E+02 7.18182177672E+02 1.36887179369E+02 1.46811810683E+03 8.95471984986E+01 
2.70000000000E+01 2.75000000000E+01 2.80000000000E+01 1.27903052365E+03 1.14478198449E+02 5.40750576349E+02 1.55888874296E+02 1.79524841961E+03 8.40068203239E+01 1.77784737616E+03 1.02281062418E+02 9.37138726899E+02 1.16414874217E+02 1.01060049539E+03 1.39145490137E+02 1.48613402808E+03 8.91037665177E+01 
2.80000000000E+01 2.85000000000E+01 2.90000000000E+01 1.22853485753E+03 1.19090664716E+02 5.03562433255E+02 1.61078084048E+02 1.78636173168E+03 9.01678943254E+01 1.68661058766E+03 1.12573504926E+02 9.03280347955E+02 1.16585165828E+02 9.86673898954E+02 1.53689483184E+02 1.37682999519E+03 9.05130522800E+01 
2.90000000000E+01 2.95000000000E+01 3.00000000000E+01 7.79530723304E+02 1.03148235511E+02 4.38230394837E+01 1.38819078749E+02 1.32845848884E+03 8.04288387809E+01 1.20393069115E+03 1.05321481745E+02 4.59767198907E+02 1.11583176025E+02 4.83373777136E+02 1.36843257587E+02 1.01511503172E+03 8.39726217810E+01 
3.00000000000E+01 3.05000000000E+01 3.10000000000E+01 1.29525320479E+03 1.42560101936E+02 7.39917864973E+02 1.95755087740E+02 1.70571402347E+03 1.07015797833E+02 1.76104391647E+03 1.36713694821E+02 9.53870702697E+02 1.49634420210E+02 1.29122853199E+03 1.93078984847E+02 1.41573651401E+03 1.13589794371E+02 
3.10000000000E+01 3.15000000000E+01 3.20000000000E+01 6.33210498148E+02 1.39739328082E+02 -1.90166295077E+02 1.91936750433E+02 1.19562548168E+03 1.05328434106E+02 8.21919511808E+02 1.29630246255E+02 3.83986122999E+02 1.50487823546E+02 1.07651538724E+01 1.78267571035E+02 9.74229111216E+02 1.13627856877E+02 
3.20000000000E+01 3.25000000000E+01 3.30000000000E+01 1.01784273883E+03 9.96267178726E+01 4.25643674885E+02 1.36170033386E+02 1.43558492664E+03 7.61463528980E+01 1.39337038061E+03 9.63866579696E+01 7.53445079340E+02 1.06838268937E+02 8.13578602551E+02 1.32420579580E+02 1.24509581962E+03 8.16646466792E+01 
3.30000000000E+01 3.35000000000E+01 3.40000000000E+01 5.88322348569E+02 1.02402198111E+02 -1.47864690229E+01 1.39528966029E+02 1.06037258690E+03 7.78802490205E+01 9.38254329818E+02 9.87200800414E+01 4.15132217124E+02 1.12725135712E+02 2.53183158599E+02 1.34600345769E+02 9.10168793547E+02 8.57852307001E+01 
3.40000000000E+01 3.45000000000E+01 3.50000000000E+01 9.26595572064E+02 8.19156814982E+01 3.67891349116E+02 1.08900824854E+02 1.23753917462E+03 6.47946203189E+01 1.12998909074E+03 7.99095508489E+01 8.08487091601E+02 8.82893826269E+01 5.42361835685E+02 1.09734634780E+02 1.17213017499E+03 6.78877007616E+01 
3.50000000000E+01 3.55000000000E+01 3.60000000000E+01 7.43400459962E+02 7.63161087960E+01 1.99058089396E+02 1.03882962396E+02 1.08854471410E+03 5.77492708353E+01 8.11199134819E+02 7.47061521421E+01 6.21016837337E+02 8.18641411572E+01 1.92100662909E+02 1.01863419741E+02 9.72972083262E+02 6.27068887332E+01 
3.60000000000E+01 3.65000000000E+01 3.70000000000E+01 7.33226223103E+02 6.91939369061E+01 3.03519356531E+02 9.47200399123E+01 1.04905083099E+03 5.36129534499E+01 9.21794316172E+02 6.73835844804E+01 6.07844597285E+02 7.42434187685E+01 4.53102846642E+02 9.22229722796E+01 9.01636286770E+02 5.66590672418E+01 
3.70000000000E+01 3.75000000000E+01 3.80000000000E+01 5.93380340187E+02 7.05575122758E+01 1.54437255569E+02 9.45261346986E+01 9.92666974519E+02 5.45732481035E+01 7.93325901926E+02 7.05178142621E+01 3.70078993608E+02 7.90616883008E+01 2.93971826918E+02 9.58789956621E+01 7.47610258609E+02 5.99209744791E+01 
3.80000000000E+01 3.85000000000E+01 3.90000000000E+01 7.82086686057E+02 9.93676007125E+01 3.74526203506E+02 1.37165936512E+02 1.03826841167E+03 7.48433351279E+01 9.97925659611E+02 9.77361986786E+01 5.56919656024E+02 1.03145010460E+02 5.12271183993E+02 1.34685168544E+02 8.89364164836E+02 7.80547816795E+01 
3.90000000000E+01 3.95000000000E+01 4.00000000000E+01 8.49387314960E+02 1.00029920136E+02 5.39588083051E+02 1.38375580925E+02 1.10795315655E+03 7.52439290621E+01 1.05079130017E+03 9.74903476669E+01 7.59309618240E+02 1.03764517581E+02 7.14111432784E+02 1.36128086519E+02 9.99363328414E+02 7.83317452339E+01 
4.00000000000E+01 4.05000000000E+01 4.10000000000E+01 5.68292066082E+02 6.86775189145E+01 1.13069668407E+02 9.38647010403E+01 8.07871053617E+02 5.44399984101E+01 6.77517632110E+02 6.97170737402E+01 3.86483316247E+02 7.25224574477E+01 2.80501290382E+02 9.45047509782E+01 7.06339601618E+02 5.61329479383E+01 
4.10000000000E+01 4.15000000000E+01 4.20000000000E+01 6.31748620455E+02 6.28009589839E+01 3.08929625857E+02 8.45016134687E+01 9.08707312665E+02 4.91016540897E+01 8.69218395734E+02 6.05868505406E+01 5.47126202627E+02 6.76264000302E+01 5.11318889212E+02 8.33096916702E+01 7.83261719831E+02 5.24747965103E+01 
4.20000000000E+01 4.25000000000E+01 4.30000000000E+01 6.66686323901E+02 6.61344664111E+01 2.29092310360E+02 9.09459201232E+01 9.33573118579E+02 5.09889464645E+01 7.76634474685E+02 6.63547847567E+01 5.53439337917E+02 7.44620170625E+01 3.59683499808E+02 9.02749102778E+01 8.17798817963E+02 5.72719845320E+01 
4.30000000000E+01 4.35000000000E+01 4.40000000000E+01 5.12805100978E+02 5.90220533222E+01 1.37677395388E+02 8.05557498445E+01 8.07613752919E+02 4.74639711885E+01 6.03196038851E+02 5.78706584949E+01 4.11075526325E+02 6.64199856433E+01 2.81615312000E+02 7.83936875748E+01 7.02946558277E+02 5.28253791743E+01 
4.40000000000E+01 4.45000000000E+01 4.50000000000E+01 4.54922746628E+02 5.93835940985E+01 2.52695116624E+01 7.91526140673E+01 6.99172165906E+02 4.59065875765E+01 5.91301022021E+02 5.63161418861E+01 2.69995992258E+02 6.16620023146E+01 1.57112114426E+02 7.52624317672E+01 5.66691764621E+02 4.76271143757E+01 
4.50000000000E+01 4.55000000000E+01 4.60000000000E+01 5.65830154112E+02 5.18684209229E+01 2.76283719960E+02 7.02007465154E+01 7.86335657402E+02 4.02504873970E+01 6.95836817727E+02 4.96341811882E+01 4.32410437630E+02 5.32338242771E+01 3.44413191755E+02 6.66873329857E+01 6.58795913295E+02 4.17006303607E+01 
4.60000000000E+01 4.65000000000E+01 4.70000000000E+01 5.26644255196E+02 4.80733185512E+01 2.03417763543E+02 6.40316316250E+01 7.17899624384E+02 3.78901020861E+01 6.55555000249E+02 5.06196477372E+01 4.33835377340E+02 5.67146542655E+01 4.30930366584E+02 7.11430628153E+01 6.64866710628E+02 4.38927682353E+01 
4.70000000000E+01 4.75000000000E+01 4.80000000000E+01 2.72171467268E+02 5.29211656722E+01 -8.71174200132E+01 6.70604697423E+01 5.98282595485E+02 3.79840678839E+01 4.78485209357E+02 4.88984041156E+01 2.25314345007E+02 5.29162472290E+01 3.26402184569E+01 6.93573813943E+01 4.61920817496E+02 4.09071505202E+01 
4.80000000000E+01 4.85000000000E+01 4.90000000000E+01 3.88928321392E+02 4.96821384741E+01 1.09250086155E+02 6.79802676234E+01 5.63474435068E+02 3.80945024666E+01 6.28618081698E+02 4.94404119261E+01 2.86574517417E+02 5.14307794265E+01 3.85539811515E+02 6.60017557998E+01 5.17628365322E+02 3.94383652010E+01 
4.90000000000E+01 4.95000000000E+01 5.00000000000E+01 4.54785024255E+02 4.66442626883E+01 1.57434070529E+02 6.16382751068E+01 6.50825104604E+02 3.61117189009E+01 5.19064582573E+02 4.74402630811E+01 3.38742650658E+02 5.01915652109E+01 1.65466219808E+02 6.40515554104E+01 5.70745503128E+02 3.87991303696E+01 
5.00000000000E+01 5.05000000000E+01 5.10000000000E+01 2.72774512835E+02 4.86611864399E+01 -6.15627169408E+01 6.71413624220E+01 4.90053669234E+02 3.77776710361E+01 3.71224216319E+02 4.73178274934E+01 2.01458617173E+02 5.20428186874E+01 7.26611709835E+01 6.52558766199E+01 4.01601011198E+02 4.01920480924E+01 
5.10000000000E+01 5.15000000000E+01 5.20000000000E+01 2.94906969319E+02 4.50476688339E+01 3.15994057265E+01 6.08389792865E+01 5.14430584842E+02 3.52360598714E+01 2.72240479889E+02 4.92866977509E+01 2.42125013364E+02 4.85427775790E+01 -3.48673190189E+01 6.73101226087E+01 4.43276345207E+02 3.75984091609E+01 
5.20000000000E+01 5.25000000000E+01 5.30000000000E+01 3.42449694410E+02 3.97104159625E+01 1.07146334744E+02 5.23682722369E+01 5.05560546933E+02 3.12730199010E+01 3.84376941657E+02 4.27345388595E+01 2.46046663422E+02 4.11336965955E+01 1.12088873126E+02 5.48797241724E+01 4.19487879709E+02 3.19006463704E+01 
5.30000000000E+01 5.35000000000E+01 5.40000000000E+01 3.30992575445E+02 4.36364610287E+01 7.94547378144E+01 5.88951726438E+01 5.05580679464E+02 3.37370202844E+01 4.55754130762E+02 4.04048135462E+01 2.25778803131E+02 4.68814255852E+01 2.38770010205E+02 5.47296850352E+01 4.42897949253E+02 3.53014034939E+01 
5.40000000000E+01 5.45000000000E+01 5.50000000000E+01 4.21249805883E+02 4.35012960479E+01 2.31955671123E+02 5.91712015570E+01 5.37362279216E+02 3.35624347063E+01 4.55556613726E+02 4.21736740620E+01 3.51015719347E+02 4.57635341790E+01 2.71853386900E+02 5.65915701206E+01 4.96417419868E+02 3.54179891968E+01 
5.50000000000E+01 5.55000000000E+01 5.60000000000E+01 2.84441360473E+02 3.62966924819E+01 3.25941575269E+01 4.82162918850E+01 4.32013615157E+02 2.80801344186E+01 3.42770546094E+02 3.60866476305E+01 2.36807047288E+02 3.65884305459E+01 1.02456831467E+02 5.01522518738E+01 3.99698505774E+02 2.85845885473E+01 
5.60000000000E+01 5.65000000000E+01 5.70000000000E+01 2.21712904778E+02 3.79361568771E+01 5.85677821994E+00 5.14204031931E+01 3.93308960160E+02 2.98223932579E+01 3.39573895788E+02 3.76935784583E+01 2.09899283531E+02 4.19975697757E+01 8.08014257562E+01 5.03820730685E+01 3.58419438134E+02 3.21788435226E+01 
5.70000000000E+01 5.75000000000E+01 5.80000000000E+01 2.76473056353E+02 3.43336220452E+01 5.90717466300E+00 4.89765775165E+01 4.04847664983E+02 2.64247142581E+01 3.73876917484E+02 4.06928160742E+01 2.29739955519E+02 3.67168866212E+01 1.82755917689E+02 5.55189118784E+01 3.60588571746E+02 2.81160943581E+01 
5.80000000000E+01 5.85000000000E+01 5.90000000000E+01 1.54684310743E+02 3.45754743001E+01 -6.15896626275E+01 4.72652940576E+01 3.04083260542E+02 2.68512353136E+01 2.96344857081E+02 3.48351772457E+01 8.81112414426E+01 3.53858179318E+01 5.61904952549E+01 5.07867588748E+01 2.66782530262E+02 2.77272659986E+01 
5.90000000000E+01 5.95000000000E+01 6.00000000000E+01 2.94471655032E+02 3.57578200748E+01 7.53930115734E+01 4.76464720454E+01 4.18993682392E+02 2.79825227225E+01 3.57241104128E+02 3.50199891824E+01 2.40309079120E+02 3.67591288554E+01 1.76729328484E+02 4.71580720642E+01 3.47113360951E+02 2.86419441789E+01 
6.00000000000E+01 6.05000000000E+01 6.10000000000E+01 1.94076519211E+02 5.12722252631E+01 -3.22734927935E+01 6.79489607073E+01 3.44260408321E+02 4.03111723560E+01 2.16092152772E+02 5.18689555045E+01 1.36021185608E+02 5.29864016581E+01 -2.29874129585E+01 6.87025760664E+01 2.98143307621E+02 4.15450710463E+01 
6.10000000000E+01 6.15000000000E+01 6.20000000000E+01 1.25678962746E+02 5.10455038004E+01 -7.04821737220E+01 6.79158921810E+01 2.50480828805E+02 3.92930223566E+01 2.33604387562E+02 4.93367931238E+01 3.79396987188E+01 5.16534731878E+01 7.42580566436E+01 6.54269683495E+01 1.92567752714E+02 4.03937710535E+01 
6.20000000000E+01 6.25000000000E+01 6.30000000000E+01 1.80278498729E+02 3.53064972549E+01 -2.92984390614E+01 4.77269209783E+01 2.99645257207E+02 2.71538713527E+01 2.46173295563E+02 3.47830865438E+01 1.86157164809E+02 3.50084508946E+01 2.63435326020E+01 4.71069016352E+01 3.12062826905E+02 2.72571213525E+01 
6.30000000000E+01 6.35000000000E+01 6.40000000000E+01 3.00428980016E+02 2.97492711749E+01 1.98116349275E+02 4.06954550427E+01 3.92297024783E+02 2.33728053450E+01 2.89341143372E+02 3.26845211899E+01 2.52055946218E+02 3.34078770442E+01 1.44700062225E+02 4.42127827737E+01 3.51368110853E+02 2.61538910773E+01 
6.40000000000E+01 6.45000000000E+01 6.50000000000E+01 1.69035019726E+02 3.21300621955E+01 -4.99619920757E+00 4.36088917061E+01 2.79352897610E+02 2.44227054768E+01 2.13828475279E+02 3.11878219234E+01 2.11157651509E+02 3.22052354681E+01 -2.35633356849E+01 4.20085732951E+01 3.00186449598E+02 2.48267894793E+01 
6.50000000000E+01 6.55000000000E+01 6.60000000000E+01 2.83854045153E+02 5.61728040226E+01 1.79503402264E+02 7.76580865755E+01 3.65760099385E+02 4.22857560903E+01 3.42194504761E+02 5.46568254703E+01 1.83984896657E+02 5.74996012482E+01 2.18551468203E+02 7.57081288764E+01 2.92285072000E+02 4.32145672409E+01 
6.60000000000E+01 6.65000000000E+01 6.70000000000E+01 2.02538333206E+02 2.83295087287E+01 3.75594916998E+01 3.82021705003E+01 3.07767535988E+02 2.22121341653E+01 2.48305002537E+02 2.83470295616E+01 2.18510327866E+02 2.99287141430E+01 1.04628785622E+02 3.82402604200E+01 2.87737883275E+02 2.30522577961E+01 
6.70000000000E+01 6.75000000000E+01 6.80000000000E+01 1.15562624291E+02 2.78251110975E+01 -5.78458655360E+01 3.75525500341E+01 2.29103428125E+02 2.20676786529E+01 8.85274137315E+01 3.14258214818E+01 1.28877463323E+02 2.83054523605E+01 -1.06243071283E+02 4.29415727831E+01 2.29635883636E+02 2.22939347802E+01 
6.80000000000E+01 6.85000000000E+01 6.90000000000E+01 2.10295190477E+02 2.77980365959E+01 1.10831928228E+00 3.97497587048E+01 2.77191742424E+02 2.15534353188E+01 2.26408602273E+02 2.85609406878E+01 1.70125452860E+02 2.65506572834E+01 7.38218333757E+01 3.97206574357E+01 2.36214243298E+02 2.04847815329E+01 
6.90000000000E+01 6.95000000000E+01 7.00000000000E+01 1.69216870453E+02 2.84686738314E+01 5.86230376927E+01 3.79975943956E+01 2.69251451922E+02 2.24737605675E+01 2.18965413427E+02 2.83320396728E+01 1.39077783523E+02 2.95486359095E+01 8.91523022500E+01 3.78976234616E+01 2.35476107632E+02 2.34007672649E+01 
7.00000000000E+01 7.05000000000E+01 7.10000000000E+01 1.15788031283E+02 2.68448104574E+01 -6.80647097753E+01 3.71292534279E+01 2.05259203733E+02 2.12354935136E+01 1.53281106724E+02 2.71481815377E+01 1.11531630438E+02 2.89720269087E+01 6.16727379081E+00 3.59946651094E+01 1.86329138321E+02 2.27070943954E+01 
7.10000000000E+01 7.15000000000E+01 7.20000000000E+01 1.03847371062E+02 2.68493982903E+01 -4.26103640508E+01 3.69038793543E+01 1.86692832647E+02 2.06245419805E+01 1.36455760021E+02 2.67138650627E+01 8.35082704330E+01 2.78190178982E+01 -5.91667485651E+00 3.64155436961E+01 1.74145939416E+02 2.15267197303E+01 
7.20000000000E+01 7.25000000000E+01 7.30000000000E+01 1.47242806030E+02 2.50335826021E+01 3.51009891420E+01 3.33527980861E+01 2.17974236921E+02 1.93774516999E+01 1.73468218331E+02 2.33051255712E+01 1.29604881156E+02 2.51402348870E+01 5.06889739478E+01 3.16586315389E+01 2.02589722220E+02 1.95503890784E+01 
7.30000000000E+01 7.35000000000E+01 7.40000000000E+01 -1.34348721062E+01 2.29311679384E+01 -1.79818144936E+02 3.12251753494E+01 1.17343243796E+02 1.78432783913E+01 5.85623291747E+00 2.38590580066E+01 2.45819012882E+01 2.29683678315E+01 -1.71301362562E+02 3.26818567293E+01 1.05119249511E+02 1.84128680220E+01 
7.40000000000E+01 7.45000000000E+01 7.50000000000E+01 1.32352909832E+02 2.25352786432E+01 3.99224155398E+01 3.09328304276E+01 2.06294057364E+02 1.71767378338E+01 1.81663438731E+02 2.20104538852E+01 1.20542900536E+02 2.10208172112E+01 7.69634778785E+01 2.95246243536E+01 1.79569243246E+02 1.61976490000E+01 
7.50000000000E+01 7.55000000000E+01 7.60000000000E+01 1.02742856203E+02 2.11184073158E+01 1.83594552474E+01 2.86136174317E+01 1.85434537231E+02 1.64396512861E+01 1.43178052762E+02 2.21352612437E+01 1.16105434623E+02 2.11975418255E+01 -3.87535613314E+01 2.89460294881E+01 1.88628296699E+02 1.64402091397E+01 
7.60000000000E+01 7.65000000000E+01 7.70000000000E+01 7.16582957378E+01 2.29773562738E+01 -4.58916516804E+01 3.07767769014E+01 1.34072019107E+02 1.79304395997E+01 8.55209579670E+01 2.33474773314E+01 1.22842796899E-01 2.39002700510E+01 -3.74137891297E+01 3.11170554004E+01 1.10105904779E+02 1.91478553424E+01 
7.70000000000E+01 7.75000000000E+01 7.80000000000E+01 1.51823510463E+02 2.13335602032E+01 8.45147688771E+01 2.93851501320E+01 2.05288055449E+02 1.68869731336E+01 1.81776599877E+02 2.28793579953E+01 1.47351259013E+02 2.36528576549E+01 1.06838109552E+02 3.12226312090E+01 1.98951394136E+02 1.84355908818E+01 
7.80000000000E+01 7.85000000000E+01 7.90000000000E+01 1.05702089389E+02 1.80312384792E+01 -7.40933114407E+00 2.37042495569E+01 1.83174882591E+02 1.39723989293E+01 1.15489610539E+02 1.72056066141E+01 9.37184285010E+01 1.82156727650E+01 1.61627909247E+01 2.37793295657E+01 1.50480806199E+02 1.40381134473E+01 
7.90000000000E+01 7.95000000000E+01 8.00000000000E+01 1.03552578757E+02 2.60246498789E+01 1.99864020836E+01 3.58892188898E+01 1.67715820661E+02 1.99452161228E+01 1.26202295391E+02 2.61813191593E+01 9.22208669902E+01 2.55702447297E+01 1.84609044587E+01 3.69711752609E+01 1.46788105701E+02 1.94727861833E+01 
8.00000000000E+01 8.05000000000E+01 8.10000000000E+01 7.50763222552E+01 1.82912812295E+01 -3.81743266328E+01 2.42799007402E+01 1.39159438626E+02 1.38431316035E+01 9.43058452588E+01 1.76730264674E+01 5.15365451545E+01 1.74909022690E+01 -2.57150477989E+01 2.34174034601E+01 1.20408664380E+02 1.36661934863E+01 
8.10000000000E+01 8.15000000000E+01 8.20000000000E+01 1.40108772082E+02 3.19866923540E+01 2.58764702048E+01 4.39929336862E+01 1.78431971750E+02 2.38845914046E+01 1.42212448329E+02 3.09676649221E+01 1.16940050803E+02 3.34682756748E+01 2.62134989385E+01 4.25867774395E+01 1.61487261299E+02 2.50508104601E+01 
8.20000000000E+01 8.25000000000E+01 8.30000000000E+01 7.04787241109E+01 1.79822196248E+01 -5.86306456186E+01 2.37928277284E+01 1.48674642077E+02 1.43045246669E+01 1.01431360113E+02 1.81535645747E+01 7.00861785723E+01 1.83174337568E+01 -2.66687317803E+00 2.39148455586E+01 1.41519552149E+02 1.47635029291E+01 
8.30000000000E+01 8.35000000000E+01 8.40000000000E+01 9.34706592332E+01 1.84723171164E+01 1.22101477023E+01 2.44968177421E+01 1.54183758773E+02 1.47298258400E+01 1.18517269493E+02 1.92034953681E+01 7.86132758537E+01 1.97314839270E+01 1.55796575272E+01 2.56961997954E+01 1.35852840904E+02 1.58643871326E+01 
8.40000000000E+01 8.45000000000E+01 8.50000000000E+01 7.12149629900E+01 1.64365615977E+01 -3.18203815527E+01 2.22864586591E+01 1.15713895427E+02 1.25659437077E+01 6.65493764280E+01 1.74832079943E+01 6.68062401384E+01 1.75270728441E+01 -2.87421846103E+01 2.20410166886E+01 1.36320399235E+02 1.39272062081E+01 
8.50000000000E+01 8.55000000000E+01 8.60000000000E+01 5.59849890945E+01 1.51641233483E+01 -2.00199602049E+01 2.08150811426E+01 1.24952689073E+02 1.19711359754E+01 7.53063561070E+01 1.49815167004E+01 7.93979794195E+01 1.47306334596E+01 3.67976819399E+00 1.91477960692E+01 1.30497943948E+02 1.16379781621E+01 
8.60000000000E+01 8.65000000000E+01 8.70000000000E+01 9.98980605998E+01 1.50375174621E+01 3.17123485957E+01 1.90455072151E+01 1.48168841869E+02 1.16070923157E+01 1.23744003202E+02 1.63747444772E+01 6.64697077193E+01 1.52724416153E+01 2.61903176740E+01 2.12586239332E+01 1.24245736990E+02 1.22227693730E+01 
8.70000000000E+01 8.75000000000E+01 8.80000000000E+01 3.64728306565E+01 1.77131885688E+01 -5.74600016084E+01 2.24818956836E+01 8.35590462663E+01 1.27123688524E+01 2.78167912314E+01 1.87520421973E+01 3.31191723460E+01 1.74938100698E+01 -7.82186598785E+01 2.60903221881E+01 8.78051511442E+01 1.27598614322E+01 
8.80000000000E+01 8.85000000000E+01 8.90000000000E+01 1.00527436015E+01 1.98812859603E+01 -6.53357493262E+01 2.61119851819E+01 6.90765718702E+01 1.56192211993E+01 4.65879410040E+01 2.23269798290E+01 2.39202496003E+01 1.97360467268E+01 -2.91271973249E+01 2.99479568351E+01 6.24561661433E+01 1.56784334504E+01 
8.90000000000E+01 8.95000000000E+01 9.00000000000E+01 7.98884163245E+01 1.94183300295E+01 -1.20490140153E+00 2.51930182680E+01 1.20361738268E+02 1.50210386032E+01 9.22859815891E+01 2.02314662929E+01 5.73683360191E+01 1.89016688249E+01 -8.48125947823E+00 2.65577812415E+01 1.06362574976E+02 1.51069735918E+01 
9.00000000000E+01 9.05000000000E+01 9.10000000000E+01 7.48844190681E+01 1.50283118160E+01 3.08121308599E+01 2.01796040318E+01 1.32739986972E+02 1.18148455808E+01 9.99785708696E+01 1.58063485783E+01 7.88516467760E+01 1.55660888841E+01 2.80062002492E+01 2.15947632277E+01 1.20504401766E+02 1.22086862978E+01 
9.10000000000E+01 9.15000000000E+01 9.20000000000E+01 3.00873740860E+01 1.50268252697E+01 -6.48395768077E+01 2.03724731088E+01 7.80412295398E+01 1.17470463960E+01 1.40206988667E+01 1.54316354008E+01 1.29608355881E+01 1.56016787387E+01 -6.60530527931E+01 2.01710654890E+01 6.12838507308E+01 1.18155726115E+01 
9.20000000000E+01 9.25000000000E+01 9.30000000000E+01 3.80914071905E+01 1.51315870039E+01 -3.48187825310E+01 2.05915992132E+01 8.47290583749E+01 1.18845133587E+01 2.25320310916E+01 1.68804788992E+01 4.26287642605E+01 1.50940587743E+01 -5.76293213437E+01 2.25505162323E+01 8.52684421615E+01 1.16225058215E+01 
9.30000000000E+01 9.35000000000E+01 9.40000000000E+01 5.20103466931E+01 1.77427674171E+01 -3.32193270847E+00 2.36129872621E+01 9.25278635554E+01 1.40992985094E+01 6.29045709421E+01 1.80618799290E+01 6.06115291426E+01 1.96450345520E+01 -1.06101084349E+01 2.39659895332E+01 8.75711110437E+01 1.50438302692E+01 
9.40000000000E+01 9.45000000000E+01 9.50000000000E+01 4.97899089167E+01 1.61919708726E+01 -8.03452124483E+00 2.09224641789E+01 9.58589490777E+01 1.29301065944E+01 8.19747316867E+01 1.98949698341E+01 3.63139865731E+01 1.68776675078E+01 8.74240399851E+00 2.69946487477E+01 7.86361796497E+01 1.35133470532E+01 
9.50000000000E+01 9.55000000000E+01 9.60000000000E+01 2.88578051415E+01 1.19352246176E+01 -4.17419126328E+01 1.60283338512E+01 7.26706920798E+01 9.65350101644E+00 3.78490510937E+01 1.26394411238E+01 1.68329318514E+01 1.24768853289E+01 -3.35596910927E+01 1.72082394868E+01 5.51566024746E+01 9.51396340264E+00 
9.60000000000E+01 9.65000000000E+01 9.70000000000E+01 9.23113873239E+01 1.07011287515E+01 5.23680900958E+01 1.42692029564E+01 1.31765028062E+02 8.33458275451E+00 1.25933935609E+02 1.12251290878E+01 7.89959133526E+01 1.07191165575E+01 8.38750779530E+01 1.50636652343E+01 1.17585756068E+02 8.51966573250E+00 
9.70000000000E+01 9.75000000000E+01 9.80000000000E+01 9.01671592795E+01 1.05803096406E+01 3.35951678566E+01 1.41638681601E+01 1.28499450562E+02 8.40052073232E+00 7.28847806097E+01 1.06004954034E+01 7.60962177486E+01 1.06466704499E+01 2.30093872084E+00 1.45136722405E+01 1.14129002743E+02 8.34477589543E+00 
9.80000000000E+01 9.85000000000E+01 9.90000000000E+01 3.16248588582E+01 1.05242342279E+01 -2.12142562123E+01 1.45530666772E+01 6.44145527523E+01 8.15313648529E+00 3.13086548783E+01 1.09238647604E+01 2.55176128994E+01 1.05165891473E+01 -3.09059913727E+01 1.48017768589E+01 5.59750278293E+01 8.16892137939E+00 
9.90000000000E+01 9.95000000000E+01 1.00000000000E+02 3.84471215609E+01 1.00017158392E+01 -1.69426216520E+01 1.33632846954E+01 8.24086826568E+01 7.94690146582E+00 3.68776162541E+01 1.04882055689E+01 9.32986210117E+00 1.04430600205E+01 -4.15417988592E+01 1.43254966623E+01 6.03594891760E+01 8.34423826571E+00 
#nx: 3
