#labels: ptz__3p0__3p25_lower[1] ptz__3p0__3p25_center[2] ptz__3p0__3p25_upper[3] tot_scale01[4] tot_scale01_Err[5] tot_scale02[6] tot_scale02_Err[7] tot_scale03[8] tot_scale03_Err[9] tot_scale04[10] tot_scale04_Err[11] tot_scale05[12] tot_scale05_Err[13] tot_scale06[14] tot_scale06_Err[15] tot_scale07[16] tot_scale07_Err[17]
#neval: 96446578632
#overflow:lower center upper 3.90569698047E+02 1.52808067423E+00 3.92746437022E+02 2.14294136191E+00 3.80833257923E+02 1.26859994641E+00 3.92674735063E+02 1.62767371077E+00 3.89555407068E+02 1.55521252072E+00 3.93377652890E+02 2.16276554233E+00 3.79096451036E+02 1.21408933045E+00 
0.00000000000E+00 5.00000000000E-01 1.00000000000E+00 0.00000000000E+00 0.00000000000E+00 0.00000000000E+00 0.00000000000E+00 0.00000000000E+00 0.00000000000E+00 0.00000000000E+00 0.00000000000E+00 0.00000000000E+00 0.00000000000E+00 0.00000000000E+00 0.00000000000E+00 0.00000000000E+00 0.00000000000E+00 
1.00000000000E+00 1.50000000000E+00 2.00000000000E+00 -3.55838871076E+03 3.82633877336E+02 -7.51574520549E+03 5.35883941829E+02 -4.03778108257E+02 2.89096830380E+02 -2.11383443428E+03 3.11503189358E+02 -4.61486020442E+03 4.63432146906E+02 -5.46863870269E+03 4.20072549554E+02 -1.14102993408E+03 3.55307086132E+02 
2.00000000000E+00 2.50000000000E+00 3.00000000000E+00 3.11918578454E+03 1.50695036837E+02 1.43981136511E+03 2.00821642700E+02 4.35159490598E+03 1.21466263809E+02 3.39021140436E+03 1.37901940760E+02 2.96656864634E+03 1.64401724712E+02 1.96736527199E+03 1.80815871408E+02 4.36418035808E+03 1.31168406228E+02 
3.00000000000E+00 3.50000000000E+00 4.00000000000E+00 4.27597935495E+03 9.22368186486E+01 3.63054082682E+03 1.18696647969E+02 4.80100003197E+03 7.48093175618E+01 4.33584116625E+03 7.94944950765E+01 4.23546331976E+03 1.09670518186E+02 3.66722697991E+03 1.17690410533E+02 4.83332821673E+03 8.56277404634E+01 
4.00000000000E+00 4.50000000000E+00 5.00000000000E+00 4.09679412956E+03 6.88947760209E+01 3.75186289988E+03 8.67593209338E+01 4.32602999203E+03 5.38194367608E+01 4.03174176641E+03 6.22053901214E+01 4.04663601166E+03 7.76021471175E+01 3.72058294100E+03 7.95688602094E+01 4.35423303996E+03 6.27010840616E+01 
5.00000000000E+00 5.50000000000E+00 6.00000000000E+00 3.30006161769E+03 6.28036590891E+01 3.09605788398E+03 8.02779936033E+01 3.49726776924E+03 4.93137889158E+01 3.42784522831E+03 5.13825462504E+01 3.45368023227E+03 6.84459750027E+01 3.22964522117E+03 6.70332903183E+01 3.64042025296E+03 5.41697862689E+01 
6.00000000000E+00 6.50000000000E+00 7.00000000000E+00 3.22819527329E+03 4.83771971374E+01 3.14842264811E+03 6.44699726998E+01 3.24964365791E+03 3.81225245331E+01 2.99833781719E+03 5.08019864309E+01 3.29850179544E+03 5.70351848572E+01 2.89309745592E+03 6.77450394140E+01 3.35158717384E+03 4.53916289926E+01 
7.00000000000E+00 7.50000000000E+00 8.00000000000E+00 2.81431644838E+03 3.70044327733E+01 2.84533944455E+03 5.09966649331E+01 2.83555579873E+03 3.03648668769E+01 2.78210185774E+03 3.41110954147E+01 2.74498118224E+03 4.73751490314E+01 2.71900476007E+03 4.57394056444E+01 2.82029683615E+03 3.85654652504E+01 
8.00000000000E+00 8.50000000000E+00 9.00000000000E+00 2.34487542987E+03 4.18597530453E+01 2.31375157543E+03 5.38443484964E+01 2.32315647082E+03 3.30938118489E+01 2.20814619798E+03 3.78173405529E+01 2.31930010049E+03 4.92261302387E+01 2.18105677981E+03 4.27968230401E+01 2.35582388877E+03 3.90282239599E+01 
9.00000000000E+00 9.50000000000E+00 1.00000000000E+01 2.14696930739E+03 3.21650240494E+01 2.16718579803E+03 4.98329071272E+01 2.15055765485E+03 2.81097867680E+01 2.17619429056E+03 3.44302784802E+01 2.19611858615E+03 4.17610823632E+01 2.16313320789E+03 4.49160909981E+01 2.19352579237E+03 3.31641261343E+01 
1.00000000000E+01 1.05000000000E+01 1.10000000000E+01 1.91649936846E+03 2.89341289647E+01 1.89322429354E+03 3.71774271640E+01 1.90113110462E+03 2.34991894585E+01 1.77959232070E+03 3.02971783469E+01 1.96883358633E+03 3.08085111891E+01 1.74606532199E+03 3.89880022055E+01 1.92426731925E+03 2.82164996228E+01 
1.10000000000E+01 1.15000000000E+01 1.20000000000E+01 1.68779587612E+03 3.56868660095E+01 1.63650284839E+03 4.70956019057E+01 1.69913545452E+03 2.66716533089E+01 1.64436797285E+03 3.44864846162E+01 1.78283078940E+03 3.29497888546E+01 1.63042700712E+03 4.60031279305E+01 1.76908712736E+03 2.53511877943E+01 
1.20000000000E+01 1.25000000000E+01 1.30000000000E+01 1.44148750689E+03 2.86763623173E+01 1.41348414574E+03 3.81916076796E+01 1.43974021453E+03 2.24327252717E+01 1.42884240009E+03 3.00039570582E+01 1.49191699932E+03 3.34703329550E+01 1.38031825994E+03 4.51486882103E+01 1.48665615054E+03 2.62836246022E+01 
1.30000000000E+01 1.35000000000E+01 1.40000000000E+01 1.37288319967E+03 2.45548941446E+01 1.40956267674E+03 3.43424871104E+01 1.35325769333E+03 1.93971774403E+01 1.35444368660E+03 2.09473142428E+01 1.34719229018E+03 3.30937401251E+01 1.32558199042E+03 2.94504325535E+01 1.34123310629E+03 2.55804681327E+01 
1.40000000000E+01 1.45000000000E+01 1.50000000000E+01 1.29493957408E+03 2.30754259611E+01 1.31670918754E+03 2.95658399426E+01 1.26114551535E+03 1.73661246307E+01 1.28119066591E+03 2.19434765755E+01 1.30035267426E+03 2.53123883201E+01 1.31251227793E+03 2.86134236822E+01 1.26472665848E+03 2.04708078689E+01 
1.50000000000E+01 1.55000000000E+01 1.60000000000E+01 1.17607291809E+03 2.18658651892E+01 1.19295341816E+03 2.91976796895E+01 1.12600538186E+03 1.67451247786E+01 1.17213978104E+03 1.93373276134E+01 1.22230581839E+03 2.51538012053E+01 1.19450329451E+03 2.50284957114E+01 1.18821997230E+03 1.94056221868E+01 
1.60000000000E+01 1.65000000000E+01 1.70000000000E+01 1.08362101728E+03 1.68901685587E+01 1.14022033887E+03 2.34178420225E+01 1.06728496926E+03 1.39330055867E+01 1.07207540089E+03 1.85725732714E+01 1.05570872694E+03 2.05046185714E+01 1.09365310269E+03 2.45862758752E+01 1.05373076431E+03 1.65745305103E+01 
1.70000000000E+01 1.75000000000E+01 1.80000000000E+01 9.97994408308E+02 1.64275457747E+01 1.01304049539E+03 1.80055626660E+01 9.63927352148E+02 1.32459507550E+01 1.01121141392E+03 1.48506612994E+01 9.86795487839E+02 1.96191179688E+01 1.03839110675E+03 1.88805715752E+01 9.51482152591E+02 1.56720781492E+01 
1.80000000000E+01 1.85000000000E+01 1.90000000000E+01 8.61751487876E+02 1.66808707767E+01 8.81966599065E+02 2.22208656600E+01 8.50634454388E+02 1.32343178136E+01 8.63990568445E+02 1.73007900178E+01 8.99165730772E+02 1.64577457716E+01 8.98828398870E+02 2.27640056404E+01 8.71502368793E+02 1.31614231791E+01 
1.90000000000E+01 1.95000000000E+01 2.00000000000E+01 8.30688888891E+02 1.38268802926E+01 8.33885460219E+02 2.05348290075E+01 7.99480676589E+02 1.11563748977E+01 8.12056607459E+02 1.23888990907E+01 8.37714752448E+02 1.51249786698E+01 8.50099027793E+02 1.63822238663E+01 7.99216121299E+02 1.14825766777E+01 
2.00000000000E+01 2.05000000000E+01 2.10000000000E+01 8.06582238806E+02 1.27680702837E+01 8.41851882629E+02 1.65768880382E+01 7.66607992067E+02 1.00202225060E+01 7.77132072787E+02 1.25990337935E+01 7.89350976687E+02 1.54939700902E+01 8.08325072896E+02 1.61629726024E+01 7.67917412618E+02 1.22501366965E+01 
2.10000000000E+01 2.15000000000E+01 2.20000000000E+01 7.10565503375E+02 1.28889037079E+01 7.44253813837E+02 1.71649527187E+01 6.90158763178E+02 1.02784882118E+01 7.18599422964E+02 1.40916739790E+01 7.08612615871E+02 1.40246267343E+01 6.97763265073E+02 1.79043965520E+01 7.01763067056E+02 1.10355876164E+01 
2.20000000000E+01 2.25000000000E+01 2.30000000000E+01 6.46690458594E+02 1.16198039631E+01 6.58758236719E+02 1.55865942031E+01 6.28570543763E+02 9.51801052902E+00 6.28895774923E+02 1.17607265372E+01 6.58893818870E+02 1.36013726415E+01 6.50335754131E+02 1.53262635131E+01 6.41108725922E+02 1.07007290966E+01 
2.30000000000E+01 2.35000000000E+01 2.40000000000E+01 6.42480618915E+02 1.00520891596E+01 6.77900264403E+02 1.30890266410E+01 6.15815263027E+02 8.17477731792E+00 6.42934848533E+02 1.08302502919E+01 6.58005221887E+02 1.10120176456E+01 6.68709690752E+02 1.36110397675E+01 6.31532816837E+02 9.33809321438E+00 
2.40000000000E+01 2.45000000000E+01 2.50000000000E+01 5.80425076662E+02 1.04609073609E+01 5.92097669025E+02 1.34480524586E+01 5.45853148255E+02 7.86459024619E+00 5.46554425727E+02 1.09304331564E+01 5.86276045378E+02 1.15103114735E+01 5.52465839278E+02 1.43828946173E+01 5.68898237493E+02 9.11856259733E+00 
2.50000000000E+01 2.55000000000E+01 2.60000000000E+01 5.54642193942E+02 1.07388949946E+01 5.36445865250E+02 1.50703380514E+01 5.10333075177E+02 7.95068694438E+00 5.28553072295E+02 1.03830386117E+01 5.54188321122E+02 1.06404594228E+01 5.63488479954E+02 1.46284526402E+01 5.13631651671E+02 8.35485584197E+00 
2.60000000000E+01 2.65000000000E+01 2.70000000000E+01 5.07360962687E+02 9.40271329127E+00 5.16954943184E+02 1.25098212512E+01 4.97315264840E+02 7.75002354097E+00 5.08599199735E+02 9.79351889523E+00 5.04146322100E+02 1.02753698764E+01 5.29947675577E+02 1.31350347916E+01 4.90034110849E+02 8.15752662677E+00 
2.70000000000E+01 2.75000000000E+01 2.80000000000E+01 4.79336610090E+02 8.02032604820E+00 5.04505893967E+02 9.78542876406E+00 4.60645498353E+02 6.49623991207E+00 4.77914782522E+02 7.91822534039E+00 4.79045915707E+02 8.90890210779E+00 4.96748957258E+02 9.76902412105E+00 4.63625465378E+02 7.16260736332E+00 
2.80000000000E+01 2.85000000000E+01 2.90000000000E+01 4.79684165785E+02 8.42741586662E+00 5.26438413885E+02 1.21569747062E+01 4.53036723769E+02 6.58112399935E+00 4.73914829557E+02 8.51854021439E+00 5.03595277316E+02 1.01112775565E+01 4.88844010874E+02 1.07855889202E+01 4.69541970776E+02 7.84519655574E+00 
2.90000000000E+01 2.95000000000E+01 3.00000000000E+01 4.13728060479E+02 7.47594896950E+00 4.25774462868E+02 9.14537862978E+00 3.96496102348E+02 6.13508161072E+00 4.04605464039E+02 7.67977345036E+00 4.06081849114E+02 7.82622062634E+00 4.34991037053E+02 8.99978577778E+00 3.89126107837E+02 6.35135833193E+00 
3.00000000000E+01 3.05000000000E+01 3.10000000000E+01 3.41787559398E+02 1.01771708889E+01 3.32404209373E+02 1.36315631144E+01 3.46962855921E+02 8.04279648380E+00 3.78261441940E+02 7.49504121847E+00 3.81012193783E+02 8.02162500839E+00 3.83551010909E+02 9.27748300977E+00 3.68345462141E+02 6.32859407289E+00 
3.10000000000E+01 3.15000000000E+01 3.20000000000E+01 4.05964661997E+02 7.68176486457E+00 4.24948673280E+02 9.89954121134E+00 3.84686736989E+02 6.24305702572E+00 4.08164929958E+02 7.04607762401E+00 4.16103990780E+02 7.89544683918E+00 4.31622068555E+02 8.76458821014E+00 3.90221333381E+02 6.25719797811E+00 
3.20000000000E+01 3.25000000000E+01 3.30000000000E+01 3.41483596414E+02 8.03718259814E+00 3.46852447698E+02 1.02859717237E+01 3.27757604255E+02 6.30502349595E+00 3.36868089702E+02 7.05875157769E+00 3.40275679097E+02 8.10866946901E+00 3.48099158466E+02 9.03094640365E+00 3.31646115438E+02 6.41720400223E+00 
3.30000000000E+01 3.35000000000E+01 3.40000000000E+01 3.18614855724E+02 7.07897835117E+00 3.43471536670E+02 9.83715939601E+00 2.98042173414E+02 5.42109562493E+00 3.05654184099E+02 7.03176109154E+00 3.31322026760E+02 6.89926037158E+00 3.16525101414E+02 9.36311460799E+00 3.13663857335E+02 5.17038977031E+00 
3.40000000000E+01 3.45000000000E+01 3.50000000000E+01 3.00181099249E+02 5.55716538191E+00 3.06331414092E+02 7.21656057767E+00 3.03358025891E+02 5.61921313397E+00 2.98345246791E+02 6.70787225300E+00 3.05063252700E+02 6.17148913343E+00 2.86272154303E+02 8.70915368497E+00 3.05783937623E+02 5.46114804764E+00 
3.50000000000E+01 3.55000000000E+01 3.60000000000E+01 2.74185023533E+02 6.50067840636E+00 2.85700125238E+02 8.77488083466E+00 2.70425055059E+02 5.31317504749E+00 2.76318836165E+02 6.58910312288E+00 2.88167662375E+02 7.16317828547E+00 2.87449264547E+02 8.76089124223E+00 2.82141756643E+02 5.78221378105E+00 
3.60000000000E+01 3.65000000000E+01 3.70000000000E+01 2.73872722347E+02 6.41618413362E+00 2.92766769877E+02 8.33128169146E+00 2.63534957499E+02 4.60911157971E+00 2.61552465589E+02 5.78705785426E+00 2.64433529235E+02 5.97670898956E+00 2.95968843191E+02 7.99876931791E+00 2.65737873268E+02 5.00769858805E+00 
3.70000000000E+01 3.75000000000E+01 3.80000000000E+01 2.17209979598E+02 1.18606471421E+01 2.39481337417E+02 8.25590120122E+00 2.30949157125E+02 4.97310109600E+00 2.46564626448E+02 6.22455152368E+00 2.42989849744E+02 5.80648469171E+00 2.54287077961E+02 8.10210401982E+00 2.36339653789E+02 4.67451526375E+00 
3.80000000000E+01 3.85000000000E+01 3.90000000000E+01 2.65775100884E+02 6.05282438141E+00 2.86970681140E+02 7.92785374635E+00 2.56617582949E+02 5.06002951899E+00 2.49555452106E+02 5.39050783025E+00 2.56507011495E+02 6.68012781462E+00 2.73026774506E+02 7.32781715774E+00 2.55821513058E+02 5.62688383170E+00 
3.90000000000E+01 3.95000000000E+01 4.00000000000E+01 2.43060092228E+02 5.48823507559E+00 2.58471552711E+02 7.73255204577E+00 2.35203618333E+02 5.26778963837E+00 2.35709467285E+02 6.53442076965E+00 2.48890805780E+02 6.80853794420E+00 2.42197908710E+02 8.30654789320E+00 2.37707789964E+02 5.47367203456E+00 
4.00000000000E+01 4.05000000000E+01 4.10000000000E+01 2.10598779566E+02 4.48073273925E+00 2.14220519426E+02 5.60528891971E+00 2.07098556731E+02 3.80742854017E+00 2.10526915172E+02 4.39797519155E+00 2.03642576050E+02 5.78316089415E+00 2.15678590036E+02 5.47582331205E+00 1.97644313858E+02 4.55921693598E+00 
4.10000000000E+01 4.15000000000E+01 4.20000000000E+01 2.02974181492E+02 4.03182581455E+00 2.09148721407E+02 5.14084323443E+00 1.93784225339E+02 3.28565080774E+00 1.95031783080E+02 4.40732283494E+00 2.02685479093E+02 4.87139045648E+00 2.01261110443E+02 5.56040330212E+00 1.94052385876E+02 3.91375034169E+00 
4.20000000000E+01 4.25000000000E+01 4.30000000000E+01 2.12838915043E+02 4.44319503132E+00 2.21823085015E+02 5.69327357483E+00 2.01479206428E+02 3.64564259744E+00 2.01652871353E+02 4.64177315188E+00 2.14136719028E+02 4.82095515765E+00 2.13864124478E+02 6.42347409142E+00 2.00135577599E+02 3.95528343274E+00 
4.30000000000E+01 4.35000000000E+01 4.40000000000E+01 1.82467202075E+02 4.35917782248E+00 1.89545517664E+02 5.40400835761E+00 1.71217541825E+02 3.34092010952E+00 1.75286112139E+02 4.10614904200E+00 1.81475416744E+02 4.53226357200E+00 1.75397535570E+02 4.93524437841E+00 1.70549724607E+02 3.49430387425E+00 
4.40000000000E+01 4.45000000000E+01 4.50000000000E+01 1.67510488535E+02 4.05809964462E+00 1.85590632299E+02 5.74471574384E+00 1.65193025297E+02 3.35799268479E+00 1.79529852659E+02 5.09104614190E+00 1.70123829521E+02 4.38814075318E+00 1.83205072832E+02 6.64516908287E+00 1.78695579400E+02 3.99428237540E+00 
4.50000000000E+01 4.55000000000E+01 4.60000000000E+01 1.67970835805E+02 3.22072947702E+00 1.77155152353E+02 4.33585353606E+00 1.58896350560E+02 2.60037759375E+00 1.64241602666E+02 3.25942754890E+00 1.69745983512E+02 3.53967107494E+00 1.74477614463E+02 4.30635304928E+00 1.60697806164E+02 2.85989967899E+00 
4.60000000000E+01 4.65000000000E+01 4.70000000000E+01 1.44007171163E+02 3.29335294598E+00 1.48651492787E+02 4.20476410194E+00 1.38648840184E+02 2.54321003982E+00 1.39932249973E+02 3.13885499318E+00 1.46281065724E+02 3.89577373856E+00 1.45665250421E+02 4.35906835298E+00 1.41422885275E+02 3.12487281737E+00 
4.70000000000E+01 4.75000000000E+01 4.80000000000E+01 1.42158570364E+02 3.98034030820E+00 1.48293647100E+02 5.46859591756E+00 1.46013335103E+02 3.39080123485E+00 1.46011540843E+02 4.70881429095E+00 1.32050319838E+02 4.77710270542E+00 1.65370337989E+02 4.93965994407E+00 1.37923899681E+02 3.75470480375E+00 
4.80000000000E+01 4.85000000000E+01 4.90000000000E+01 1.44128826783E+02 2.98938849670E+00 1.45847292258E+02 3.66389717058E+00 1.36150271388E+02 2.56617118580E+00 1.43900629515E+02 2.89567533583E+00 1.39887979685E+02 3.52396936407E+00 1.53664299418E+02 3.93057392399E+00 1.29518785324E+02 2.75023349443E+00 
4.90000000000E+01 4.95000000000E+01 5.00000000000E+01 1.38394999977E+02 3.22103048815E+00 1.43273509714E+02 4.27916147979E+00 1.35098885282E+02 2.78918410168E+00 1.35397274721E+02 3.31160476643E+00 1.42672309612E+02 3.72367126853E+00 1.38103486622E+02 4.19052513748E+00 1.36357623089E+02 2.90512045521E+00 
5.00000000000E+01 5.05000000000E+01 5.10000000000E+01 1.43043897797E+02 3.75739025846E+00 1.46291964488E+02 4.87009436763E+00 1.35422014948E+02 3.01847824585E+00 1.38254164206E+02 3.57908846682E+00 1.43903674751E+02 3.81640605341E+00 1.45517584766E+02 4.70066308719E+00 1.34095985379E+02 3.03274059186E+00 
5.10000000000E+01 5.15000000000E+01 5.20000000000E+01 1.27065488279E+02 3.45698473661E+00 1.13599775197E+02 3.64468159926E+00 1.08369178053E+02 2.24581891194E+00 1.28368760969E+02 3.28130136310E+00 1.24801301021E+02 3.67008933142E+00 1.26597310697E+02 3.76833977225E+00 1.08257580368E+02 2.48297720313E+00 
5.20000000000E+01 5.25000000000E+01 5.30000000000E+01 1.13419019887E+02 2.69333702361E+00 1.15368427913E+02 3.63324374653E+00 1.08187966593E+02 2.27758741567E+00 1.10957535647E+02 2.94518776038E+00 1.10094521398E+02 3.06606266930E+00 1.10107403708E+02 3.81628618586E+00 1.07374905492E+02 2.41341564930E+00 
5.30000000000E+01 5.35000000000E+01 5.40000000000E+01 1.05448066588E+02 3.25437536509E+00 1.12810152984E+02 4.87445760945E+00 1.08582514951E+02 2.70656554600E+00 1.14957270614E+02 3.10961221511E+00 1.18466323986E+02 3.05929776274E+00 1.18589678673E+02 4.14485188055E+00 1.14073798651E+02 2.40724315759E+00 
5.40000000000E+01 5.45000000000E+01 5.50000000000E+01 1.01730740815E+02 2.25281287900E+00 1.05622894786E+02 2.72549872239E+00 1.03262756111E+02 2.23393493971E+00 1.05280589271E+02 2.34162994800E+00 1.00546136961E+02 2.33996463821E+00 1.08853465890E+02 2.91546307997E+00 9.80672754806E+01 2.02043219004E+00 
5.50000000000E+01 5.55000000000E+01 5.60000000000E+01 9.94239648703E+01 2.27222809426E+00 1.03851072587E+02 2.77458152238E+00 9.15231369540E+01 2.00412342057E+00 9.84008236744E+01 2.46157460261E+00 1.01797707288E+02 3.20138535107E+00 1.03078508862E+02 3.11803831236E+00 9.88345173288E+01 2.57150921703E+00 
5.60000000000E+01 5.65000000000E+01 5.70000000000E+01 1.03985004387E+02 2.92747166927E+00 1.00562604258E+02 3.26687455230E+00 9.96042686769E+01 2.38493574521E+00 9.33045715619E+01 2.32649739615E+00 9.32897988852E+01 2.58770989125E+00 9.73127554390E+01 2.86258933435E+00 1.00128221001E+02 2.42497559583E+00 
5.70000000000E+01 5.75000000000E+01 5.80000000000E+01 8.74317712454E+01 2.56835174818E+00 9.14116591114E+01 3.52200598962E+00 9.08992814437E+01 2.29275123847E+00 8.90600310821E+01 2.19289284279E+00 1.00808580865E+02 2.29537675443E+00 9.63097285520E+01 2.96257605044E+00 9.89158482389E+01 2.01355384097E+00 
5.80000000000E+01 5.85000000000E+01 5.90000000000E+01 8.90409087355E+01 2.03910687715E+00 9.25500775347E+01 2.38654407094E+00 8.45805845494E+01 1.82719248030E+00 8.43765261001E+01 2.11467292340E+00 8.75302343195E+01 2.07619860545E+00 8.97183269826E+01 3.07321013243E+00 8.22204102447E+01 2.02521973473E+00 
5.90000000000E+01 5.95000000000E+01 6.00000000000E+01 8.35112515225E+01 1.94280451137E+00 8.80996584151E+01 2.38475210982E+00 8.05987869995E+01 1.66559951227E+00 8.51233118102E+01 2.06590103090E+00 8.40812160838E+01 2.01890233206E+00 8.71467314537E+01 2.55767348069E+00 8.02328051866E+01 1.71778754307E+00 
6.00000000000E+01 6.05000000000E+01 6.10000000000E+01 7.76130143083E+01 2.18868597432E+00 7.49830151394E+01 2.51821206179E+00 7.11669337128E+01 1.55211918899E+00 7.66787284777E+01 2.01265925832E+00 6.94821209655E+01 2.26640340257E+00 7.81220503597E+01 2.40036651316E+00 7.26397215679E+01 2.00204150148E+00 
6.10000000000E+01 6.15000000000E+01 6.20000000000E+01 7.10932563272E+01 2.74786849735E+00 6.66552907289E+01 3.48161319658E+00 6.69752012828E+01 2.12686034487E+00 6.83716947149E+01 2.13250449632E+00 7.19045528936E+01 2.90341621741E+00 7.41024856859E+01 2.79136377853E+00 6.82101165582E+01 2.27992899603E+00 
6.20000000000E+01 6.25000000000E+01 6.30000000000E+01 7.27994972201E+01 1.99143839450E+00 7.61849344980E+01 2.67140646072E+00 7.11598733185E+01 1.59572925243E+00 7.57388276954E+01 1.86545337354E+00 6.95016729574E+01 1.71330022397E+00 8.06600482210E+01 2.59715040305E+00 6.95768918145E+01 1.53036804793E+00 
6.30000000000E+01 6.35000000000E+01 6.40000000000E+01 5.95519080761E+01 2.40376906630E+00 5.80727529188E+01 3.19430510393E+00 5.90658616140E+01 1.96384287447E+00 6.19860811739E+01 2.69758544098E+00 6.10464442821E+01 2.23934503871E+00 6.18823664708E+01 3.29232964259E+00 5.99501533487E+01 1.84301189154E+00 
6.40000000000E+01 6.45000000000E+01 6.50000000000E+01 5.41559690852E+01 2.27587595805E+00 5.51638356422E+01 3.25752309286E+00 6.01707503259E+01 1.69236293447E+00 6.91436786005E+01 2.10201551692E+00 5.83859066208E+01 2.15044447977E+00 6.34826275603E+01 2.67110041689E+00 6.35884012018E+01 1.74873202143E+00 
6.50000000000E+01 6.55000000000E+01 6.60000000000E+01 6.67528726804E+01 1.87276667153E+00 7.15030464527E+01 2.44189147601E+00 6.92983643325E+01 1.56849679929E+00 6.93517137459E+01 1.78685392704E+00 6.16119815381E+01 1.72668872708E+00 6.83925981257E+01 2.08221955310E+00 6.54140284358E+01 1.47412134762E+00 
6.60000000000E+01 6.65000000000E+01 6.70000000000E+01 5.53602845572E+01 1.80160085554E+00 5.64224959464E+01 2.42634228280E+00 5.85467008150E+01 1.57605919743E+00 6.44164953431E+01 2.12364540178E+00 5.64412010982E+01 1.71597220146E+00 5.94399366248E+01 2.44134218598E+00 5.97186920535E+01 1.49362528108E+00 
6.70000000000E+01 6.75000000000E+01 6.80000000000E+01 5.89568752839E+01 1.86809733618E+00 6.07809223915E+01 2.47303083016E+00 5.25225751453E+01 1.41794578794E+00 5.68390817026E+01 1.89991304366E+00 5.36596505157E+01 1.77203366073E+00 5.67165247503E+01 2.35612738546E+00 5.61605338134E+01 1.65030544083E+00 
6.80000000000E+01 6.85000000000E+01 6.90000000000E+01 5.05570122390E+01 1.63508078538E+00 5.40362122947E+01 1.99877129623E+00 4.96722311068E+01 1.36664212150E+00 5.18021465642E+01 1.69296292744E+00 5.08905454258E+01 1.52635362735E+00 5.18828279618E+01 2.03026649596E+00 4.98443234719E+01 1.31137303496E+00 
6.90000000000E+01 6.95000000000E+01 7.00000000000E+01 6.65031589782E+01 1.72599749655E+00 7.32417861508E+01 2.38483451484E+00 6.23747531515E+01 1.46669965601E+00 6.75252784637E+01 1.82856354476E+00 6.42064257745E+01 1.76401753224E+00 7.51656976270E+01 2.51989452691E+00 6.24763816777E+01 1.50159247745E+00 
7.00000000000E+01 7.05000000000E+01 7.10000000000E+01 4.65250605058E+01 1.28185891542E+00 4.89842987679E+01 1.69955097851E+00 4.70037096855E+01 1.14193679796E+00 4.60840008355E+01 1.55950866280E+00 4.42622375634E+01 1.61296634003E+00 4.95807759904E+01 2.18790630686E+00 4.52856802529E+01 1.40297810305E+00 
7.10000000000E+01 7.15000000000E+01 7.20000000000E+01 5.09749808966E+01 1.60541507638E+00 5.13080035366E+01 1.89338784707E+00 4.99547285198E+01 1.31851429091E+00 5.00518495608E+01 1.34802100169E+00 5.03535302722E+01 1.67358255135E+00 5.25419770390E+01 2.35780230873E+00 4.71524322538E+01 1.32185849276E+00 
7.20000000000E+01 7.25000000000E+01 7.30000000000E+01 5.05392469420E+01 1.62760615308E+00 4.83744413762E+01 1.83841384112E+00 4.28037087105E+01 1.14868941221E+00 4.89331308318E+01 1.69235025130E+00 4.41107005452E+01 1.69652315645E+00 5.14607870292E+01 2.20313384312E+00 4.75445253317E+01 1.50603048925E+00 
7.30000000000E+01 7.35000000000E+01 7.40000000000E+01 4.16540962062E+01 1.17667628145E+00 4.65707321050E+01 2.00651033254E+00 3.92306764489E+01 9.25116198621E-01 4.16671486401E+01 1.09854018642E+00 4.29401528810E+01 1.20039981028E+00 4.34892681288E+01 1.38035180692E+00 3.92085532292E+01 9.27867181080E-01 
7.40000000000E+01 7.45000000000E+01 7.50000000000E+01 3.98301616058E+01 1.13326513102E+00 4.12805748307E+01 1.49963504460E+00 3.83068875156E+01 1.07223322065E+00 3.96335916452E+01 1.30151573971E+00 3.83437901564E+01 1.55704547625E+00 4.05074433503E+01 1.58105201058E+00 3.64622809669E+01 1.17198934530E+00 
7.50000000000E+01 7.55000000000E+01 7.60000000000E+01 3.73062503281E+01 1.43957435373E+00 4.16015206933E+01 2.36029835353E+00 3.84660031631E+01 1.20962635769E+00 4.09563210805E+01 1.40297002794E+00 3.86353914095E+01 1.40999146551E+00 4.25605169133E+01 1.82878466268E+00 3.76444953890E+01 1.10794417900E+00 
7.60000000000E+01 7.65000000000E+01 7.70000000000E+01 3.63529687252E+01 1.12713761858E+00 3.67150006987E+01 1.51720617044E+00 3.51624756758E+01 8.97284229542E-01 3.68289948719E+01 1.04037910724E+00 3.57404778506E+01 1.13201735007E+00 3.96274118713E+01 1.28276327527E+00 3.63110519146E+01 9.93522793024E-01 
7.70000000000E+01 7.75000000000E+01 7.80000000000E+01 3.46902580902E+01 1.62998768330E+00 3.62030526011E+01 2.14546520882E+00 3.31772036742E+01 1.31619445927E+00 3.46071297406E+01 1.68115664313E+00 3.38683794310E+01 1.74405450473E+00 3.61968464481E+01 2.19728934190E+00 3.25823537589E+01 1.36073628620E+00 
7.80000000000E+01 7.85000000000E+01 7.90000000000E+01 3.18502452231E+01 1.67694422592E+00 3.49481034941E+01 2.30216653304E+00 3.17651459302E+01 1.37197477286E+00 3.48986365748E+01 1.80677161359E+00 3.40782003906E+01 1.60848226639E+00 3.92453992036E+01 2.52150781377E+00 3.68354807596E+01 1.36398772197E+00 
7.90000000000E+01 7.95000000000E+01 8.00000000000E+01 3.46135743306E+01 1.09109656817E+00 3.75498779692E+01 1.35075136250E+00 3.30986891455E+01 8.86763906116E-01 3.51342351291E+01 1.30726462544E+00 3.45894101514E+01 1.00011592866E+00 3.63041224058E+01 1.76318435224E+00 3.26393328230E+01 8.12825371604E-01 
8.00000000000E+01 8.05000000000E+01 8.10000000000E+01 3.11744674223E+01 9.43407945172E-01 3.22498005429E+01 1.14167242922E+00 3.38955196816E+01 9.08420358140E-01 3.57758072593E+01 1.17294446596E+00 3.14545641335E+01 1.07245092878E+00 3.36405976185E+01 1.28581588145E+00 3.17689094662E+01 9.42683250232E-01 
8.10000000000E+01 8.15000000000E+01 8.20000000000E+01 3.11460265508E+01 9.36077633524E-01 3.22643075972E+01 1.20506006873E+00 3.03274007288E+01 7.69756357685E-01 3.11647110737E+01 1.02709846503E+00 3.33424217511E+01 1.11360190692E+00 3.12743231721E+01 1.22664266495E+00 2.83980860401E+01 7.99210842034E-01 
8.20000000000E+01 8.25000000000E+01 8.30000000000E+01 2.89911448998E+01 9.68734039614E-01 3.06035466371E+01 1.35851369878E+00 2.96318285422E+01 8.32029105425E-01 2.84140669982E+01 1.00828051011E+00 2.70489589036E+01 9.84549312782E-01 2.82508360644E+01 1.23153117021E+00 2.81400201470E+01 8.58687703837E-01 
8.30000000000E+01 8.35000000000E+01 8.40000000000E+01 2.87870168529E+01 1.66513990939E+00 2.98906826667E+01 2.27359927168E+00 2.75001451755E+01 1.26968649294E+00 3.14330850655E+01 2.26029059369E+00 3.25438733550E+01 1.29664088209E+00 3.46616388620E+01 2.87663702784E+00 2.80259653507E+01 9.34213703354E-01 
8.40000000000E+01 8.45000000000E+01 8.50000000000E+01 2.44760761489E+01 1.45760466426E+00 2.43668532069E+01 2.00460426741E+00 2.45245447767E+01 1.10935353854E+00 2.36396144077E+01 2.02593203930E+00 2.57318891896E+01 1.09115804037E+00 2.28752707363E+01 2.80202622822E+00 2.60466980363E+01 9.24331189678E-01 
8.50000000000E+01 8.55000000000E+01 8.60000000000E+01 2.88058610171E+01 9.18701624799E-01 2.81717493196E+01 1.42545224583E+00 2.77409356125E+01 7.71645850896E-01 2.90950043255E+01 9.18833855143E-01 2.73625316264E+01 9.30284039998E-01 3.22929325858E+01 1.22287468141E+00 2.66164071989E+01 7.73471039256E-01 
8.60000000000E+01 8.65000000000E+01 8.70000000000E+01 2.48637150236E+01 7.24933858225E-01 2.59709040034E+01 9.78690749488E-01 2.31730204352E+01 6.14727075835E-01 2.53105861636E+01 7.27123361211E-01 2.44870407575E+01 8.44749995159E-01 2.58714838047E+01 1.01833245936E+00 2.33399143453E+01 6.72138803092E-01 
8.70000000000E+01 8.75000000000E+01 8.80000000000E+01 2.57233920842E+01 8.78943416940E-01 2.65092726878E+01 1.02788094657E+00 2.33783277193E+01 6.54299025959E-01 2.19980645682E+01 8.17315945492E-01 2.30342958282E+01 8.80777330501E-01 2.66583411185E+01 1.30083216445E+00 2.24532451114E+01 6.89411715255E-01 
8.80000000000E+01 8.85000000000E+01 8.90000000000E+01 2.56747256157E+01 8.01774412295E-01 2.50447003252E+01 9.34848596979E-01 2.44618965026E+01 6.77765657570E-01 2.71104845530E+01 9.29050890994E-01 2.45031190919E+01 7.41703361214E-01 2.64839974279E+01 1.00909261160E+00 2.34691667116E+01 6.21965262250E-01 
8.90000000000E+01 8.95000000000E+01 9.00000000000E+01 1.94193024514E+01 8.63379741121E-01 2.15312107059E+01 1.03755028582E+00 1.94567148097E+01 6.88995699885E-01 1.80514977400E+01 1.10001314588E+00 1.89226326172E+01 8.27029358272E-01 1.74766100473E+01 1.45277016041E+00 1.93136120451E+01 6.78839516781E-01 
9.00000000000E+01 9.05000000000E+01 9.10000000000E+01 2.10839497502E+01 7.06526270970E-01 2.16160859435E+01 9.95823538450E-01 2.03228957924E+01 6.21294095640E-01 2.04887875569E+01 7.26062763547E-01 2.14438519902E+01 8.20226241256E-01 2.11629184229E+01 9.62811801047E-01 2.07390806929E+01 6.65334374442E-01 
9.10000000000E+01 9.15000000000E+01 9.20000000000E+01 2.05784163023E+01 6.16168485910E-01 2.07901005015E+01 7.34570466857E-01 2.15659788610E+01 5.64069611502E-01 2.06779347067E+01 5.99141138660E-01 1.89977185886E+01 7.56827717880E-01 2.16108516577E+01 8.75664757465E-01 1.81807857146E+01 5.60457531545E-01 
9.20000000000E+01 9.25000000000E+01 9.30000000000E+01 1.98961729707E+01 7.39357717700E-01 1.95520106825E+01 8.73053376365E-01 1.90521734484E+01 6.11428192880E-01 1.96408292170E+01 7.78786705762E-01 1.93172572480E+01 7.00831682317E-01 1.96558910731E+01 1.06107184408E+00 1.79456718385E+01 5.67778990261E-01 
9.30000000000E+01 9.35000000000E+01 9.40000000000E+01 2.07194596211E+01 6.45524696337E-01 2.15963632353E+01 7.96987524044E-01 1.91813523003E+01 5.21242502295E-01 1.91201354576E+01 6.96178114397E-01 1.84011153929E+01 6.58337356843E-01 2.10722895347E+01 9.95989349653E-01 1.86032683042E+01 5.80427898336E-01 
9.40000000000E+01 9.45000000000E+01 9.50000000000E+01 1.84559340537E+01 6.58749492110E-01 1.98474688044E+01 8.83587028413E-01 1.70289353517E+01 5.80735084224E-01 1.81195815691E+01 8.94729030829E-01 1.75027830229E+01 7.27302042039E-01 1.88217197311E+01 1.20391116576E+00 1.70555698315E+01 6.13532195052E-01 
9.50000000000E+01 9.55000000000E+01 9.60000000000E+01 1.75592018388E+01 1.24978038370E+00 1.82912782655E+01 1.62933346642E+00 1.92529811040E+01 8.65963206767E-01 1.92984443218E+01 8.84264900894E-01 1.88597498295E+01 1.04552916911E+00 2.10333123219E+01 1.09818544661E+00 1.72631514852E+01 8.08291509479E-01 
9.60000000000E+01 9.65000000000E+01 9.70000000000E+01 1.43458463294E+01 6.42490293936E-01 1.45352897221E+01 8.28725255183E-01 1.44404808388E+01 5.39994591419E-01 1.46625130030E+01 5.96027105597E-01 1.43566074536E+01 7.44761535383E-01 1.50574225970E+01 7.91444870978E-01 1.38481150428E+01 5.77269040445E-01 
9.70000000000E+01 9.75000000000E+01 9.80000000000E+01 1.72994681338E+01 8.25878577005E-01 1.54669929216E+01 1.03104192461E+00 1.51685733789E+01 6.23488040303E-01 1.82619164453E+01 8.09564598684E-01 1.56763183269E+01 6.68152829713E-01 1.62611124390E+01 9.86763435952E-01 1.49415854955E+01 5.31556723036E-01 
9.80000000000E+01 9.85000000000E+01 9.90000000000E+01 1.61723724575E+01 6.75107541933E-01 1.69622415463E+01 8.66631619589E-01 1.56787058274E+01 5.82982367963E-01 1.65209083626E+01 7.49262241417E-01 1.63596179633E+01 6.71937500464E-01 1.72305575748E+01 1.00808521832E+00 1.51785601806E+01 5.31579849677E-01 
9.90000000000E+01 9.95000000000E+01 1.00000000000E+02 1.58453752591E+01 6.38741904133E-01 1.46964394230E+01 7.30317007107E-01 1.36657764958E+01 4.68586349597E-01 1.34827050796E+01 6.59046539146E-01 1.60275341560E+01 6.61358769768E-01 1.70778557307E+01 8.25092603604E-01 1.31788477097E+01 4.74452516031E-01 
#nx: 3
