#labels: ptz__-4p0__-3p5_lower[1] ptz__-4p0__-3p5_center[2] ptz__-4p0__-3p5_upper[3] tot_scale01[4] tot_scale01_Err[5] tot_scale02[6] tot_scale02_Err[7] tot_scale03[8] tot_scale03_Err[9] tot_scale04[10] tot_scale04_Err[11] tot_scale05[12] tot_scale05_Err[13] tot_scale06[14] tot_scale06_Err[15] tot_scale07[16] tot_scale07_Err[17]
#neval: 96446578632
#overflow:lower center upper 1.21413272204E+02 5.13371699534E-01 1.21943730740E+02 6.50635781053E-01 1.18744391817E+02 4.29034433064E-01 1.21646357768E+02 6.10601448397E-01 1.21002822226E+02 5.14374165202E-01 1.20723253446E+02 7.90793620883E-01 1.17489931452E+02 4.40484995774E-01 
0.00000000000E+00 5.00000000000E-01 1.00000000000E+00 0.00000000000E+00 0.00000000000E+00 0.00000000000E+00 0.00000000000E+00 0.00000000000E+00 0.00000000000E+00 0.00000000000E+00 0.00000000000E+00 0.00000000000E+00 0.00000000000E+00 0.00000000000E+00 0.00000000000E+00 0.00000000000E+00 0.00000000000E+00 
1.00000000000E+00 1.50000000000E+00 2.00000000000E+00 1.98295383914E+03 2.77139092079E+02 -1.68443807893E+03 3.65223267685E+02 4.96370080260E+03 2.25890135214E+02 2.92659465659E+03 2.49902183860E+02 1.08734111206E+03 3.23630621009E+02 -2.12993154922E+02 3.29829412085E+02 4.65600410044E+03 2.59033739931E+02 
2.00000000000E+00 2.50000000000E+00 3.00000000000E+00 5.79731863549E+03 1.40854867322E+02 4.26976732589E+03 1.73106459830E+02 7.05435874392E+03 1.13494760408E+02 5.81872985503E+03 1.30118551755E+02 5.86049405447E+03 1.61739923670E+02 4.32894500084E+03 1.66242955112E+02 7.09713074090E+03 1.37937702274E+02 
3.00000000000E+00 3.50000000000E+00 4.00000000000E+00 6.03028580715E+03 9.69268650747E+01 5.18623863774E+03 1.24814509529E+02 6.58204323515E+03 7.92053095652E+01 6.05097513722E+03 8.47635752210E+01 6.02312233822E+03 1.14175728177E+02 5.47736268397E+03 1.06650864450E+02 6.64039581226E+03 9.27175865119E+01 
4.00000000000E+00 4.50000000000E+00 5.00000000000E+00 5.45872392063E+03 7.39968092665E+01 5.07929504127E+03 9.58867581378E+01 5.65978408659E+03 6.10517519110E+01 5.32644953579E+03 6.63035873776E+01 5.45524787973E+03 8.44293100220E+01 5.04042149710E+03 8.80807160241E+01 5.75381922603E+03 7.09215949666E+01 
5.00000000000E+00 5.50000000000E+00 6.00000000000E+00 4.48220997672E+03 6.00240276957E+01 4.30835029842E+03 7.75787057700E+01 4.59891583037E+03 4.93135929284E+01 4.46493109797E+03 5.72345760664E+01 4.55933702764E+03 7.17792694283E+01 4.29153820819E+03 7.42967621512E+01 4.68952913879E+03 5.87117327662E+01 
6.00000000000E+00 6.50000000000E+00 7.00000000000E+00 3.88366127900E+03 5.76945762758E+01 3.68221162197E+03 7.46636060042E+01 3.91694890860E+03 4.64298956376E+01 3.79168575567E+03 4.91888120517E+01 4.15547177896E+03 5.89572717168E+01 3.64243961067E+03 6.70338136655E+01 4.16634047125E+03 4.86180840722E+01 
7.00000000000E+00 7.50000000000E+00 8.00000000000E+00 3.31815496196E+03 4.40061255334E+01 3.22660300528E+03 5.69006678302E+01 3.34146190879E+03 3.62195455470E+01 3.29272379423E+03 3.99354134226E+01 3.37397432535E+03 5.05896413125E+01 3.26481673603E+03 5.20725914157E+01 3.42371018443E+03 4.16415722302E+01 
8.00000000000E+00 8.50000000000E+00 9.00000000000E+00 3.15199202520E+03 3.73917545055E+01 3.16978881517E+03 4.76155800133E+01 3.09659364393E+03 3.04037869686E+01 3.05951050248E+03 3.51737209878E+01 3.16157070710E+03 4.24987336689E+01 3.10158933686E+03 4.54838482691E+01 3.15488247580E+03 3.54926087650E+01 
9.00000000000E+00 9.50000000000E+00 1.00000000000E+01 2.57462981527E+03 3.35068657144E+01 2.57554131297E+03 4.40060763972E+01 2.53464901460E+03 2.79315922239E+01 2.50245153622E+03 3.23036517298E+01 2.58785608963E+03 3.82298923466E+01 2.46310861703E+03 4.63383361896E+01 2.57604129855E+03 3.13952579939E+01 
1.00000000000E+01 1.05000000000E+01 1.10000000000E+01 2.28368362618E+03 3.22058916767E+01 2.21299421091E+03 4.11562390749E+01 2.27517374920E+03 2.42367284480E+01 2.23915141388E+03 2.79882539205E+01 2.34372961297E+03 3.47224984579E+01 2.23765034032E+03 3.64630255879E+01 2.31858857368E+03 2.83188440955E+01 
1.10000000000E+01 1.15000000000E+01 1.20000000000E+01 2.06801054856E+03 2.81894330646E+01 2.13292271902E+03 3.16733658324E+01 2.02309027654E+03 2.26846143113E+01 2.05074906530E+03 2.38107025334E+01 2.14957815302E+03 2.81853553555E+01 2.09716680348E+03 3.09710553813E+01 2.08495311000E+03 2.33485136965E+01 
1.20000000000E+01 1.25000000000E+01 1.30000000000E+01 1.77845655919E+03 2.64519028377E+01 1.77596467512E+03 3.14154378437E+01 1.75656899384E+03 2.14723030066E+01 1.82674903242E+03 2.39292000103E+01 1.77588968669E+03 2.84911939939E+01 1.85270431461E+03 3.12427349283E+01 1.79221526084E+03 2.26304654401E+01 
1.30000000000E+01 1.35000000000E+01 1.40000000000E+01 1.71342645503E+03 2.31080996848E+01 1.76082054279E+03 2.99244152697E+01 1.64505855609E+03 1.86798921428E+01 1.63799938706E+03 2.05183466311E+01 1.70680377066E+03 2.58576020295E+01 1.72588742826E+03 2.49560993661E+01 1.66074430997E+03 2.12239182695E+01 
1.40000000000E+01 1.45000000000E+01 1.50000000000E+01 1.55565639353E+03 1.99192498970E+01 1.60092047077E+03 2.56562536842E+01 1.51730590411E+03 1.68315333779E+01 1.54954521039E+03 1.95744059427E+01 1.56109901569E+03 2.20433245256E+01 1.62953074716E+03 2.43589905015E+01 1.51416552064E+03 1.81995093305E+01 
1.50000000000E+01 1.55000000000E+01 1.60000000000E+01 1.33626216952E+03 2.01722711868E+01 1.42566037652E+03 3.42617432793E+01 1.29131242867E+03 1.60132830399E+01 1.31854773997E+03 1.81731478001E+01 1.37636599725E+03 2.10572127620E+01 1.36275148443E+03 2.39448994473E+01 1.33900622138E+03 1.71222514064E+01 
1.60000000000E+01 1.65000000000E+01 1.70000000000E+01 1.23561583068E+03 1.71722676682E+01 1.25984272905E+03 2.22499414910E+01 1.20962904108E+03 1.39024598500E+01 1.22133287656E+03 1.67353023387E+01 1.27971568528E+03 1.70647582321E+01 1.26648205440E+03 2.06687690135E+01 1.23928271547E+03 1.43046735736E+01 
1.70000000000E+01 1.75000000000E+01 1.80000000000E+01 1.13209226258E+03 1.59375996794E+01 1.16368391093E+03 1.99081247971E+01 1.08201887589E+03 1.29081370445E+01 1.09849009339E+03 1.61053378254E+01 1.13419595712E+03 1.76738726355E+01 1.15250468445E+03 1.93005454013E+01 1.09077761576E+03 1.45336410242E+01 
1.80000000000E+01 1.85000000000E+01 1.90000000000E+01 1.02391141703E+03 1.68135202897E+01 1.04049482039E+03 2.18423840034E+01 9.96473748652E+02 1.32276331366E+01 9.76429579596E+02 1.58247408724E+01 9.98699228993E+02 1.71069320318E+01 9.90480959460E+02 2.09245139464E+01 9.88163015053E+02 1.42995386008E+01 
1.90000000000E+01 1.95000000000E+01 2.00000000000E+01 9.18861275974E+02 1.28997468218E+01 9.39917704291E+02 1.63123587595E+01 8.98609058779E+02 1.09394328128E+01 8.72232138416E+02 1.33285382827E+01 9.25652534005E+02 1.50242715096E+01 8.95983956777E+02 1.73151331503E+01 9.04355066827E+02 1.23084889607E+01 
2.00000000000E+01 2.05000000000E+01 2.10000000000E+01 8.67552897688E+02 1.22895313941E+01 9.08258026451E+02 1.59258563180E+01 8.44879021319E+02 1.00422636225E+01 8.53625796031E+02 1.23076900782E+01 8.79088220090E+02 1.49572056185E+01 8.78027987816E+02 1.57405257369E+01 8.50037810669E+02 1.14694701483E+01 
2.10000000000E+01 2.15000000000E+01 2.20000000000E+01 7.73664446513E+02 1.35096106253E+01 7.83436245073E+02 1.82092364018E+01 7.47770248567E+02 1.09155254942E+01 7.72255524905E+02 1.38614784332E+01 7.68593971613E+02 1.42379823738E+01 7.90806432628E+02 1.79236250900E+01 7.35955346747E+02 1.16945515002E+01 
2.20000000000E+01 2.25000000000E+01 2.30000000000E+01 7.84749529658E+02 1.01823156247E+01 8.26624373384E+02 1.33521047277E+01 7.48412508327E+02 8.43908281156E+00 7.12188338448E+02 1.43687904002E+01 7.98941795149E+02 1.12583591093E+01 7.39397779233E+02 1.90757947478E+01 7.52827027807E+02 9.26388851834E+00 
2.30000000000E+01 2.35000000000E+01 2.40000000000E+01 6.49535022716E+02 1.13043863128E+01 6.43755980819E+02 1.49329613361E+01 6.25975312123E+02 9.05781811502E+00 6.31406561847E+02 1.00427083664E+01 6.72630134369E+02 1.25208583896E+01 6.42340922178E+02 1.31597355657E+01 6.50769299682E+02 9.71817942210E+00 
2.40000000000E+01 2.45000000000E+01 2.50000000000E+01 6.24344532180E+02 8.98918377358E+00 6.44059925717E+02 1.15381015287E+01 5.98001390402E+02 7.27538617971E+00 6.16473704756E+02 8.69569529697E+00 6.17427869269E+02 1.03772869965E+01 6.36425101702E+02 1.12953805400E+01 5.93785278923E+02 8.90689418835E+00 
2.50000000000E+01 2.55000000000E+01 2.60000000000E+01 5.67002685422E+02 1.04399513374E+01 5.91981278334E+02 1.35642120426E+01 5.49109048977E+02 8.25944012476E+00 5.55205570877E+02 1.10908543095E+01 5.70954602709E+02 1.11687316090E+01 5.77235627150E+02 1.46395693134E+01 5.57555628033E+02 8.83529029038E+00 
2.60000000000E+01 2.65000000000E+01 2.70000000000E+01 5.23265161378E+02 9.09329649148E+00 5.35136807215E+02 1.20301373682E+01 5.05926644214E+02 7.36501399310E+00 5.20181250703E+02 9.34836549097E+00 5.31691768824E+02 9.81315659555E+00 5.49034495596E+02 1.21852112020E+01 5.16646385042E+02 7.91096613952E+00 
2.70000000000E+01 2.75000000000E+01 2.80000000000E+01 5.03318730295E+02 8.77718821263E+00 5.28895722908E+02 1.15516528247E+01 4.85276313103E+02 7.14008154663E+00 4.97220607993E+02 8.73604457756E+00 5.12706883693E+02 9.54823479311E+00 5.18749517328E+02 1.12783885455E+01 4.89555796316E+02 7.62578539996E+00 
2.80000000000E+01 2.85000000000E+01 2.90000000000E+01 4.64797480648E+02 7.77096725970E+00 4.81752894922E+02 1.01223233779E+01 4.63937635756E+02 6.47163337408E+00 4.67097522466E+02 8.66573851219E+00 4.63599084151E+02 8.71068288912E+00 4.72105257178E+02 1.12950837173E+01 4.61218149584E+02 7.23688171032E+00 
2.90000000000E+01 2.95000000000E+01 3.00000000000E+01 4.41157636533E+02 9.13128028119E+00 4.54984946329E+02 1.17981685595E+01 4.23844115558E+02 7.41982483066E+00 4.24156481947E+02 1.02864691366E+01 4.23467407987E+02 8.67219174921E+00 4.38713636385E+02 1.38008649547E+01 4.14103661261E+02 7.01938868391E+00 
3.00000000000E+01 3.05000000000E+01 3.10000000000E+01 3.99735486703E+02 7.26214728432E+00 4.01576724413E+02 8.97178878833E+00 3.83170075445E+02 5.83404457470E+00 3.91205462852E+02 6.79663534260E+00 4.00325970573E+02 7.40930819542E+00 4.02840819883E+02 8.87384690296E+00 3.87215665420E+02 6.06932873995E+00 
3.10000000000E+01 3.15000000000E+01 3.20000000000E+01 3.67246758755E+02 7.29691775941E+00 3.79532682212E+02 9.72235868122E+00 3.51761473452E+02 5.82547558373E+00 3.68289854146E+02 7.67323577963E+00 3.78766238549E+02 7.25186524045E+00 3.87807212460E+02 1.00218046581E+01 3.57235415690E+02 5.70019194249E+00 
3.20000000000E+01 3.25000000000E+01 3.30000000000E+01 3.51689600381E+02 5.68540594689E+00 3.67798375775E+02 7.41400697693E+00 3.35837888258E+02 4.69787589485E+00 3.50861214740E+02 5.89640264851E+00 3.53515469514E+02 6.18623285781E+00 3.68642339430E+02 7.55082368309E+00 3.36481821989E+02 5.13720741927E+00 
3.30000000000E+01 3.35000000000E+01 3.40000000000E+01 3.01926499866E+02 6.50842829641E+00 3.12419338276E+02 8.59533604861E+00 2.98697622294E+02 5.30232768157E+00 2.97204426542E+02 6.18293762153E+00 3.10335161773E+02 6.99595480373E+00 3.03866016857E+02 8.14381234438E+00 3.01699911921E+02 5.51546778379E+00 
3.40000000000E+01 3.45000000000E+01 3.50000000000E+01 3.28520237336E+02 5.11157082713E+00 3.55082325886E+02 6.66423366242E+00 3.12906501603E+02 4.24345495950E+00 3.31153637259E+02 5.61679184084E+00 3.13081486950E+02 6.42605190893E+00 3.53164524628E+02 7.33213946721E+00 2.95258541691E+02 5.11481363950E+00 
3.50000000000E+01 3.55000000000E+01 3.60000000000E+01 2.95490774279E+02 5.49311039525E+00 3.11499544189E+02 6.97392012295E+00 2.78534769512E+02 4.47055484118E+00 2.96107259006E+02 5.73747192818E+00 2.95667419105E+02 6.04631333999E+00 3.05464952531E+02 7.14796612699E+00 2.79395531502E+02 4.91106964831E+00 
3.60000000000E+01 3.65000000000E+01 3.70000000000E+01 2.49825623905E+02 5.59208751404E+00 2.64639791072E+02 6.91633028602E+00 2.41752748544E+02 4.46339816578E+00 2.53628229249E+02 5.30410650826E+00 2.52216120624E+02 6.09164183160E+00 2.47752578887E+02 7.21327920897E+00 2.42027601292E+02 4.82643142675E+00 
3.70000000000E+01 3.75000000000E+01 3.80000000000E+01 2.43159091166E+02 4.67964389651E+00 2.53955039031E+02 5.99735157057E+00 2.33792780645E+02 3.85259141689E+00 2.42750720517E+02 4.51984521064E+00 2.43066889867E+02 4.97515681580E+00 2.41203764142E+02 5.39711303661E+00 2.35383113515E+02 4.14481476310E+00 
3.80000000000E+01 3.85000000000E+01 3.90000000000E+01 2.36793766786E+02 5.38900209594E+00 2.51645128303E+02 7.12764861173E+00 2.26228961289E+02 4.21847992512E+00 2.27761665244E+02 4.75093631235E+00 2.38911184269E+02 5.08271865357E+00 2.28989258502E+02 6.41173445718E+00 2.26415712366E+02 4.06493576428E+00 
3.90000000000E+01 3.95000000000E+01 4.00000000000E+01 2.05594591312E+02 4.52626872523E+00 2.08153786771E+02 5.92335344971E+00 2.02076095948E+02 3.68721231929E+00 2.10572064030E+02 4.34847354911E+00 2.03394235088E+02 4.64904114106E+00 2.13358307317E+02 5.42946993819E+00 1.99235503112E+02 3.81715729937E+00 
4.00000000000E+01 4.05000000000E+01 4.10000000000E+01 2.14084016543E+02 3.73587677590E+00 2.01485833065E+02 6.54983665468E+00 2.00738959151E+02 3.05312821529E+00 2.08117412811E+02 3.98542524490E+00 2.07372469168E+02 4.48042333517E+00 2.25979912484E+02 5.22742885052E+00 1.91972176648E+02 3.57199935191E+00 
4.10000000000E+01 4.15000000000E+01 4.20000000000E+01 1.88738367393E+02 3.50665945762E+00 2.04634138661E+02 4.59584026763E+00 1.87156445852E+02 2.89023504317E+00 1.92210263521E+02 3.55070072617E+00 1.97235255296E+02 4.00145405409E+00 1.99197228220E+02 4.28905374743E+00 1.89394297479E+02 3.24419290774E+00 
4.20000000000E+01 4.25000000000E+01 4.30000000000E+01 1.69236935937E+02 4.28350183732E+00 1.66877592828E+02 5.74215253478E+00 1.62313817027E+02 3.49923820916E+00 1.84366002562E+02 3.82995324134E+00 1.84490972804E+02 4.01046591221E+00 1.88645540722E+02 4.87253062438E+00 1.70983849471E+02 3.21653117390E+00 
4.30000000000E+01 4.35000000000E+01 4.40000000000E+01 1.68391313467E+02 3.29902807647E+00 1.80375966176E+02 4.83741631437E+00 1.62580278040E+02 2.80517390489E+00 1.63537847965E+02 3.77488496681E+00 1.70052063842E+02 3.53478090601E+00 1.66457505891E+02 4.97099053446E+00 1.66073060820E+02 3.04041129793E+00 
4.40000000000E+01 4.45000000000E+01 4.50000000000E+01 1.44647416197E+02 4.63934042009E+00 1.34859773534E+02 6.06565207206E+00 1.37542161370E+02 3.55844161778E+00 1.36390626738E+02 4.45422565105E+00 1.44912803809E+02 4.66352421809E+00 1.43882327140E+02 6.08855457076E+00 1.40441548195E+02 3.64524177487E+00 
4.50000000000E+01 4.55000000000E+01 4.60000000000E+01 1.51351593610E+02 4.47072418211E+00 1.57594359485E+02 5.86173357089E+00 1.47076050734E+02 3.16744357051E+00 1.58009975915E+02 3.13025695512E+00 1.52820422879E+02 3.41927753751E+00 1.63402625446E+02 4.93728903402E+00 1.48156336821E+02 2.76106694605E+00 
4.60000000000E+01 4.65000000000E+01 4.70000000000E+01 1.52161151999E+02 3.64534115173E+00 1.58660498454E+02 4.75268978800E+00 1.36856239702E+02 2.81698754668E+00 1.52229048392E+02 3.26776197938E+00 1.40502673648E+02 3.03396561264E+00 1.66209489792E+02 4.19722228808E+00 1.32879336916E+02 2.45625489322E+00 
4.70000000000E+01 4.75000000000E+01 4.80000000000E+01 1.24206548521E+02 3.18323536854E+00 1.23285685595E+02 3.89435324486E+00 1.20851691965E+02 2.50466621095E+00 1.24944684036E+02 3.31772460059E+00 1.27051585206E+02 3.19629839048E+00 1.22883892622E+02 4.10417243733E+00 1.22948428437E+02 2.56517913808E+00 
4.80000000000E+01 4.85000000000E+01 4.90000000000E+01 1.30252510510E+02 3.26036246517E+00 1.36929307034E+02 4.21725130561E+00 1.23441973282E+02 2.63932395085E+00 1.30806360909E+02 3.40328958340E+00 1.32132904888E+02 3.36423669689E+00 1.46297301885E+02 4.55936906480E+00 1.27736151329E+02 2.76793298347E+00 
4.90000000000E+01 4.95000000000E+01 5.00000000000E+01 1.13049880922E+02 2.51282245933E+00 1.16719984599E+02 3.68603613696E+00 1.09396844961E+02 2.12385085512E+00 1.12455329132E+02 3.08311959100E+00 1.11208360536E+02 2.48397589074E+00 1.16850598924E+02 3.93154416420E+00 1.10797892964E+02 1.96252272819E+00 
5.00000000000E+01 5.05000000000E+01 5.10000000000E+01 1.02826811713E+02 2.68226820072E+00 9.39567349778E+01 4.33439080219E+00 9.93844803615E+01 2.20214914154E+00 9.36341810506E+01 3.36807835866E+00 1.02136596344E+02 2.71444465918E+00 1.02731636524E+02 4.12652109957E+00 1.01077654568E+02 2.16191851797E+00 
5.10000000000E+01 5.15000000000E+01 5.20000000000E+01 1.03570820554E+02 2.11114409419E+00 1.16234691209E+02 2.79210514178E+00 1.01298449807E+02 1.81264343531E+00 1.06470820578E+02 2.23907290088E+00 1.04226517836E+02 2.32010131673E+00 1.02633770907E+02 2.62425071043E+00 9.95508999143E+01 1.93945052743E+00 
5.20000000000E+01 5.25000000000E+01 5.30000000000E+01 9.23779729037E+01 2.20298924028E+00 9.65234740300E+01 2.90813307734E+00 9.18183065910E+01 1.81304174456E+00 9.45158390302E+01 2.23056338254E+00 9.62095755264E+01 2.26087106709E+00 9.53361072841E+01 2.82886046262E+00 8.81730181480E+01 1.72819601535E+00 
5.30000000000E+01 5.35000000000E+01 5.40000000000E+01 8.71864619202E+01 2.50734933250E+00 9.09309308101E+01 3.27860869261E+00 8.68538507179E+01 2.06385802923E+00 9.13181308938E+01 2.76090331059E+00 8.65245688555E+01 1.91378300761E+00 9.75425509868E+01 3.73995899245E+00 8.48025151339E+01 1.64660908070E+00 
5.40000000000E+01 5.45000000000E+01 5.50000000000E+01 9.24644784065E+01 2.54239990605E+00 9.49284350361E+01 3.24400268526E+00 8.51746712742E+01 1.80365035697E+00 9.16348459339E+01 2.19661085864E+00 9.79257562572E+01 2.61375831419E+00 9.76866001130E+01 2.77898994868E+00 8.81361905356E+01 2.08441711679E+00 
5.50000000000E+01 5.55000000000E+01 5.60000000000E+01 8.34950570668E+01 2.26386112038E+00 8.62910520818E+01 2.56255009573E+00 8.02285778186E+01 1.73069716266E+00 8.49739764507E+01 2.61350132028E+00 8.43952303495E+01 2.27759828237E+00 8.80506246881E+01 3.30566992077E+00 8.14696743496E+01 1.83898736357E+00 
5.60000000000E+01 5.65000000000E+01 5.70000000000E+01 7.43860930538E+01 2.05964214787E+00 7.62247297057E+01 2.78790984907E+00 7.29040865317E+01 1.72448498649E+00 7.46623111436E+01 2.64683094871E+00 7.63243008364E+01 2.11553701878E+00 7.75625633359E+01 3.06937273163E+00 7.35623520820E+01 1.74562643832E+00 
5.70000000000E+01 5.75000000000E+01 5.80000000000E+01 6.68262588149E+01 1.61993866139E+00 6.93167233142E+01 2.04878603434E+00 6.58856784692E+01 1.43715762138E+00 6.47901781750E+01 2.01200837939E+00 6.66286140995E+01 1.91963577435E+00 6.92650983291E+01 2.51308396745E+00 6.64945995899E+01 1.57874099010E+00 
5.80000000000E+01 5.85000000000E+01 5.90000000000E+01 6.51136048833E+01 1.63896312683E+00 6.35776500742E+01 1.98791400251E+00 6.38224656612E+01 1.32127978475E+00 6.52421291486E+01 1.69637486254E+00 6.25238006295E+01 1.70642861794E+00 6.15107633914E+01 2.22513206056E+00 6.41544128531E+01 1.49631114382E+00 
5.90000000000E+01 5.95000000000E+01 6.00000000000E+01 6.28740379005E+01 1.53242831820E+00 6.62372191695E+01 2.03326491075E+00 5.91272534298E+01 1.27068136984E+00 6.28007009564E+01 1.58294189679E+00 6.39269528997E+01 1.80821110293E+00 6.56482774690E+01 2.08050026873E+00 5.78831423300E+01 1.38887839960E+00 
6.00000000000E+01 6.05000000000E+01 6.10000000000E+01 6.36645181788E+01 2.97585789679E+00 6.68819255277E+01 4.10915081920E+00 6.05129271822E+01 2.28559186323E+00 6.25181136991E+01 3.22090972406E+00 6.39375949068E+01 2.86952903038E+00 6.64739123441E+01 4.45999129132E+00 6.10713441233E+01 2.19403026548E+00 
6.10000000000E+01 6.15000000000E+01 6.20000000000E+01 5.41687703244E+01 3.08180233881E+00 5.37112800111E+01 4.16529872851E+00 5.24171860750E+01 2.36276838805E+00 5.14187486749E+01 3.24483535861E+00 5.09606527912E+01 2.90242342645E+00 5.35335200178E+01 4.48493747242E+00 4.96543049357E+01 2.25594997037E+00 
6.20000000000E+01 6.25000000000E+01 6.30000000000E+01 5.14290580399E+01 1.85816103973E+00 4.72050123896E+01 2.27929230693E+00 5.03663146313E+01 1.48784946966E+00 5.06463242490E+01 1.41758980544E+00 5.39363997196E+01 1.75927817571E+00 5.80367764182E+01 2.09824497783E+00 5.21007159019E+01 1.38787478506E+00 
6.30000000000E+01 6.35000000000E+01 6.40000000000E+01 5.06007652930E+01 1.30897597725E+00 4.65322736933E+01 1.32754965288E+00 4.71385274266E+01 1.11441112695E+00 4.63842397765E+01 1.07677265462E+00 4.16619417630E+01 1.64410063306E+00 5.19608199328E+01 1.72661577491E+00 4.25565685305E+01 1.36201747189E+00 
6.40000000000E+01 6.45000000000E+01 6.50000000000E+01 4.69068132299E+01 1.25695978237E+00 4.73823907749E+01 1.57284828438E+00 4.70119327446E+01 1.06635836007E+00 4.61454650420E+01 1.36433859274E+00 5.02824373550E+01 1.29364255702E+00 4.61505045586E+01 1.66995723770E+00 4.80727129077E+01 1.03683172558E+00 
6.50000000000E+01 6.55000000000E+01 6.60000000000E+01 4.55139842998E+01 1.43429328649E+00 4.66651039616E+01 1.85371484273E+00 4.44726307482E+01 1.10514549865E+00 4.52747149388E+01 1.49166583409E+00 4.42170944070E+01 1.43526805347E+00 4.47289974023E+01 1.84897555039E+00 4.35366357915E+01 1.16230270115E+00 
6.60000000000E+01 6.65000000000E+01 6.70000000000E+01 4.61825293408E+01 1.17035348689E+00 4.64133854678E+01 1.48242109099E+00 4.21318532916E+01 9.27973716731E-01 4.58224534121E+01 1.18183671384E+00 4.71118209120E+01 1.19461724517E+00 4.52669382545E+01 1.66175702546E+00 4.47741990348E+01 1.01600680626E+00 
6.70000000000E+01 6.75000000000E+01 6.80000000000E+01 4.41894555412E+01 1.17496047107E+00 4.17072563432E+01 1.29507007109E+00 4.09995734113E+01 9.74754844373E-01 4.04711839227E+01 1.41292936615E+00 3.73889620792E+01 9.81036609969E-01 3.75706790805E+01 1.64195750247E+00 3.85688041992E+01 9.71088693655E-01 
6.80000000000E+01 6.85000000000E+01 6.90000000000E+01 3.64044853281E+01 1.02934331344E+00 4.09649473243E+01 1.97705933498E+00 3.24957040558E+01 7.48682785022E-01 3.35522750683E+01 9.18655563672E-01 3.79958914820E+01 1.06988767046E+00 3.91242867020E+01 2.03724207267E+00 3.61872995913E+01 8.68971926425E-01 
6.90000000000E+01 6.95000000000E+01 7.00000000000E+01 4.11117980464E+01 1.58437006755E+00 4.04166004159E+01 1.28664448719E+00 3.87068304558E+01 1.29181023775E+00 4.03709201564E+01 1.08894356274E+00 3.87023787580E+01 1.09626998028E+00 3.90693990639E+01 1.29692050087E+00 3.84146685453E+01 9.16439385799E-01 
7.00000000000E+01 7.05000000000E+01 7.10000000000E+01 3.04727829291E+01 9.31070895072E-01 3.06943352401E+01 1.21327839257E+00 3.08066441712E+01 8.31120695007E-01 3.10510794631E+01 1.02596392093E+00 3.15057117094E+01 1.01431524950E+00 3.22367457739E+01 1.38922178216E+00 3.07284746487E+01 8.10578937014E-01 
7.10000000000E+01 7.15000000000E+01 7.20000000000E+01 3.01874475807E+01 8.52406519254E-01 3.09139455912E+01 1.12701622343E+00 2.97799123657E+01 7.16411156052E-01 3.16417602116E+01 9.26073383367E-01 2.94823357922E+01 8.61517647078E-01 3.17820061313E+01 1.20942474720E+00 2.75162056308E+01 7.00849467068E-01 
7.20000000000E+01 7.25000000000E+01 7.30000000000E+01 2.81082569429E+01 9.91122310723E-01 2.77647290270E+01 1.27287813217E+00 2.61565019870E+01 7.72739163315E-01 2.66593176034E+01 1.09026735890E+00 2.62491747745E+01 9.12279972842E-01 2.70699404613E+01 1.12745182915E+00 2.52850467961E+01 7.76078212639E-01 
7.30000000000E+01 7.35000000000E+01 7.40000000000E+01 2.98865383981E+01 8.70714905230E-01 2.97396815539E+01 1.12551911011E+00 2.66290248941E+01 6.51806050940E-01 2.72212698666E+01 8.89725164244E-01 2.94049449601E+01 9.12990509660E-01 2.83041921854E+01 1.27559320418E+00 2.84473900804E+01 7.50705896780E-01 
7.40000000000E+01 7.45000000000E+01 7.50000000000E+01 3.03359616065E+01 8.35972512904E-01 3.25433713204E+01 1.05365992380E+00 2.88386907145E+01 7.02730559745E-01 3.05086027894E+01 9.14868075745E-01 2.95698555959E+01 8.30583739989E-01 3.41662080168E+01 1.25045745409E+00 2.87453524703E+01 7.10241548569E-01 
7.50000000000E+01 7.55000000000E+01 7.60000000000E+01 2.81415020202E+01 8.97102385850E-01 2.83254672351E+01 8.94191569777E-01 2.52209352240E+01 6.79119702991E-01 2.89081221138E+01 8.32318433741E-01 2.91166378798E+01 8.74448819991E-01 3.13594838078E+01 1.07184327581E+00 2.45145912963E+01 5.50414529975E-01 
7.60000000000E+01 7.65000000000E+01 7.70000000000E+01 2.21889751609E+01 6.70133198542E-01 2.15456543788E+01 9.81521392399E-01 2.22837819804E+01 5.60178524462E-01 2.17287053308E+01 6.70577913548E-01 2.28681520821E+01 6.29017043019E-01 2.41295487021E+01 1.00018689430E+00 2.22411523450E+01 5.25165477261E-01 
7.70000000000E+01 7.75000000000E+01 7.80000000000E+01 2.26819685458E+01 6.55026048325E-01 2.31688341077E+01 8.19126018141E-01 2.16758962406E+01 5.47450668501E-01 2.30117634805E+01 7.33622815058E-01 2.05095505638E+01 5.69743484292E-01 2.19330913996E+01 8.22115294433E-01 1.95211655471E+01 5.19967531007E-01 
7.80000000000E+01 7.85000000000E+01 7.90000000000E+01 1.96204178738E+01 6.46495820634E-01 2.07384685144E+01 7.54573525520E-01 2.00033999715E+01 5.63437439186E-01 1.94022204049E+01 6.42960004262E-01 2.10905933352E+01 6.44080558769E-01 2.04701759078E+01 8.15200357500E-01 1.91632062668E+01 4.65706780908E-01 
7.90000000000E+01 7.95000000000E+01 8.00000000000E+01 2.10916395031E+01 5.87106231786E-01 2.00479751170E+01 8.14685866095E-01 2.14043754016E+01 5.64266198684E-01 2.18467701816E+01 6.52690378873E-01 1.99179700875E+01 7.21690722249E-01 2.09348405024E+01 6.84633634437E-01 2.01439178046E+01 5.92898151348E-01 
8.00000000000E+01 8.05000000000E+01 8.10000000000E+01 1.06906816643E+01 2.63764981126E+00 1.10892574080E+01 3.54873303933E+00 1.34944797791E+01 2.05644197399E+00 9.38670413169E+00 3.10518237225E+00 1.13279717931E+01 2.31318990416E+00 6.93571029532E+00 4.15874519731E+00 1.28550119844E+01 1.80212139307E+00 
8.10000000000E+01 8.15000000000E+01 8.20000000000E+01 1.95604771645E+01 6.58764053667E-01 1.80640372601E+01 7.56600560231E-01 1.76021238296E+01 4.96654389392E-01 1.97956950586E+01 6.20213267358E-01 1.92646546174E+01 6.09598526759E-01 2.14985738422E+01 8.30062181070E-01 1.85579106250E+01 5.02668961257E-01 
8.20000000000E+01 8.25000000000E+01 8.30000000000E+01 1.83928050333E+01 6.10042465101E-01 1.94838686120E+01 7.62337278798E-01 1.75580730416E+01 4.76688262228E-01 1.90004950749E+01 6.53470013320E-01 1.82563181400E+01 6.56876274773E-01 1.95388339399E+01 8.57475686308E-01 1.72844534583E+01 5.22939042397E-01 
8.30000000000E+01 8.35000000000E+01 8.40000000000E+01 1.54433586243E+01 4.74407655709E-01 1.62367513802E+01 6.39864830146E-01 1.46357725264E+01 3.86815409051E-01 1.55098268570E+01 5.78749047984E-01 1.60047969796E+01 5.04152041440E-01 1.67873150785E+01 6.41554519284E-01 1.53042527814E+01 4.29648360725E-01 
8.40000000000E+01 8.45000000000E+01 8.50000000000E+01 1.51907668983E+01 5.26133826598E-01 1.53400700132E+01 6.40375123567E-01 1.47948890375E+01 4.76545059865E-01 1.51640776401E+01 6.20783399940E-01 1.44975739026E+01 5.02678660588E-01 1.49629786921E+01 7.90650214702E-01 1.47330507357E+01 4.33021118618E-01 
8.50000000000E+01 8.55000000000E+01 8.60000000000E+01 1.50226476063E+01 6.89404668963E-01 1.54692176261E+01 8.60467992033E-01 1.38493049012E+01 5.45259884846E-01 1.47355232181E+01 7.36250956201E-01 1.54461335658E+01 4.85710800787E-01 1.61909782378E+01 9.44905975850E-01 1.43804065537E+01 3.85125189093E-01 
8.60000000000E+01 8.65000000000E+01 8.70000000000E+01 1.55514943969E+01 5.28220768572E-01 1.64449555238E+01 6.59426200943E-01 1.36625449949E+01 3.88282937093E-01 1.29290766380E+01 6.19999315233E-01 1.37673225881E+01 6.14980074888E-01 1.40048231494E+01 9.48823606549E-01 1.30831681493E+01 4.88420187921E-01 
8.70000000000E+01 8.75000000000E+01 8.80000000000E+01 1.36535335591E+01 4.26898522942E-01 1.38904972106E+01 5.40869970740E-01 1.29651274457E+01 3.59116118967E-01 1.39262313856E+01 4.82733904276E-01 1.27326063712E+01 3.85664028794E-01 1.33853451241E+01 4.79035262916E-01 1.28454970666E+01 3.64406500057E-01 
8.80000000000E+01 8.85000000000E+01 8.90000000000E+01 1.36723019682E+01 4.95923474509E-01 1.23714918057E+01 6.23706353721E-01 1.27195514333E+01 3.79021233765E-01 1.29044393269E+01 5.14831319330E-01 1.32771443871E+01 4.28145093018E-01 1.20027717330E+01 6.08731716924E-01 1.21419163268E+01 3.38849357105E-01 
8.90000000000E+01 8.95000000000E+01 9.00000000000E+01 1.10160516477E+01 3.97815489808E-01 1.20982325435E+01 5.08434477691E-01 1.05061394441E+01 3.34458647872E-01 1.13152164098E+01 4.82748226797E-01 1.12345161660E+01 4.16996852976E-01 1.21832159728E+01 4.79318420924E-01 1.09592561522E+01 3.68945271167E-01 
9.00000000000E+01 9.05000000000E+01 9.10000000000E+01 1.08509995457E+01 3.60215419301E-01 1.16321934414E+01 4.79121091757E-01 1.06978231363E+01 2.99681433376E-01 1.09409908596E+01 3.58678711394E-01 1.06958321774E+01 3.16040094082E-01 1.37911823315E+01 4.92193799490E-01 1.28407499438E+01 3.28857439357E-01 
9.10000000000E+01 9.15000000000E+01 9.20000000000E+01 1.11147312087E+01 3.73598005901E-01 1.15803915841E+01 4.71670078027E-01 1.05030525207E+01 3.16830656304E-01 1.14206280409E+01 3.91495774006E-01 1.17258082087E+01 3.88800036312E-01 1.17879606798E+01 5.04695352496E-01 1.12047155807E+01 3.18437846230E-01 
9.20000000000E+01 9.25000000000E+01 9.30000000000E+01 8.83275147582E+00 3.22617494115E-01 9.63122328195E+00 4.41247283861E-01 8.90420321418E+00 2.83197596919E-01 9.47975501581E+00 4.11923731200E-01 8.79128988035E+00 2.88105170715E-01 1.02387090666E+01 5.31051218381E-01 8.50483369513E+00 2.57333770587E-01 
9.30000000000E+01 9.35000000000E+01 9.40000000000E+01 9.57454362204E+00 5.23541673907E-01 9.05494350599E+00 6.45694731957E-01 9.70575964576E+00 4.31770149612E-01 1.02011552492E+01 5.27753381345E-01 1.00718710003E+01 4.23464986898E-01 9.48876709806E+00 7.38717194205E-01 1.03579911338E+01 3.67024998021E-01 
9.40000000000E+01 9.45000000000E+01 9.50000000000E+01 9.23094280183E+00 3.79940737866E-01 1.06324102464E+01 4.94617385604E-01 8.29956058619E+00 2.89394030385E-01 1.06408789648E+01 4.26248504825E-01 8.13118873858E+00 3.50587729688E-01 9.27141012119E+00 4.67224173550E-01 7.82851511699E+00 2.92391823346E-01 
9.50000000000E+01 9.55000000000E+01 9.60000000000E+01 8.27465631167E+00 2.73104711622E-01 8.40876748200E+00 3.40814363153E-01 8.18914304643E+00 2.46201524524E-01 8.36769339619E+00 2.71239887180E-01 8.74971074202E+00 2.86375348594E-01 8.64401723864E+00 3.42388163293E-01 8.52800761616E+00 2.62553613840E-01 
9.60000000000E+01 9.65000000000E+01 9.70000000000E+01 8.29930438606E+00 3.03234443525E-01 8.63930878386E+00 3.90510778337E-01 7.96996118588E+00 2.55149107617E-01 8.24269834725E+00 3.15929958961E-01 7.60121185668E+00 3.17131258357E-01 8.58498608853E+00 4.06836700226E-01 7.44263400850E+00 2.53295234788E-01 
9.70000000000E+01 9.75000000000E+01 9.80000000000E+01 8.81248108477E+00 2.82208166273E-01 9.59082976992E+00 3.61981941925E-01 8.41340301276E+00 2.42053715972E-01 8.80072994712E+00 2.95535119687E-01 8.66056444609E+00 3.19112525072E-01 8.94042329347E+00 4.62417762194E-01 7.92063754050E+00 3.07191848138E-01 
9.80000000000E+01 9.85000000000E+01 9.90000000000E+01 7.04837917675E+00 2.67194852282E-01 7.36965416068E+00 3.14291850529E-01 6.69961899127E+00 2.23803230590E-01 7.08134886694E+00 2.82937736916E-01 7.11166066803E+00 2.64030305926E-01 7.26037515935E+00 3.17787089950E-01 6.65635834309E+00 2.09074247577E-01 
9.90000000000E+01 9.95000000000E+01 1.00000000000E+02 5.92219294853E+00 2.62863146525E-01 6.62724110793E+00 3.69100157033E-01 6.24703601758E+00 2.40338364329E-01 6.58508006408E+00 2.45426544403E-01 5.86706849679E+00 2.58953323899E-01 6.80533281226E+00 3.21281057300E-01 5.53007224560E+00 2.17307565220E-01 
#nx: 3
