#labels: ptz__-1p0__-0p75_lower[1] ptz__-1p0__-0p75_center[2] ptz__-1p0__-0p75_upper[3] tot_scale01[4] tot_scale01_Err[5] tot_scale02[6] tot_scale02_Err[7] tot_scale03[8] tot_scale03_Err[9] tot_scale04[10] tot_scale04_Err[11] tot_scale05[12] tot_scale05_Err[13] tot_scale06[14] tot_scale06_Err[15] tot_scale07[16] tot_scale07_Err[17]
#neval: 96446578632
#overflow:lower center upper 1.43615529663E+03 3.71512059710E+00 1.42973810391E+03 4.95943164992E+00 1.41535959337E+03 3.05114969553E+00 1.44168839511E+03 3.64078122089E+00 1.44476319320E+03 3.95010882259E+00 1.43639886804E+03 4.72751494224E+00 1.42255107042E+03 3.29492100014E+00 
0.00000000000E+00 5.00000000000E-01 1.00000000000E+00 0.00000000000E+00 0.00000000000E+00 0.00000000000E+00 0.00000000000E+00 0.00000000000E+00 0.00000000000E+00 0.00000000000E+00 0.00000000000E+00 0.00000000000E+00 0.00000000000E+00 0.00000000000E+00 0.00000000000E+00 0.00000000000E+00 0.00000000000E+00 
1.00000000000E+00 1.50000000000E+00 2.00000000000E+00 -9.24255107829E+03 3.31957329123E+02 -1.39480739374E+04 4.37813875228E+02 -4.64511479335E+03 2.61458764583E+02 -6.57603042597E+03 2.88953191554E+02 -1.13987608208E+04 3.97995506598E+02 -1.11194652882E+04 3.82618682017E+02 -6.46526127529E+03 3.05708720574E+02 
2.00000000000E+00 2.50000000000E+00 3.00000000000E+00 2.57839725202E+03 1.74716222798E+02 2.75557391692E+02 2.29485410179E+02 4.49520088376E+03 1.38551433400E+02 3.21050343228E+03 1.46850520997E+02 1.84088532374E+03 2.00155466631E+02 1.13811884500E+03 1.92066776280E+02 4.03421110251E+03 1.59595173878E+02 
3.00000000000E+00 3.50000000000E+00 4.00000000000E+00 4.56039620621E+03 1.18693404421E+02 3.23394448081E+03 1.55763654232E+02 5.46430401236E+03 9.63848171232E+01 4.78941364505E+03 9.94282558547E+01 4.24441315312E+03 1.38756425121E+02 3.70332363769E+03 1.29377633779E+02 5.38810999117E+03 1.12145005885E+02 
4.00000000000E+00 4.50000000000E+00 5.00000000000E+00 4.22727460995E+03 1.55080918842E+02 3.58620456691E+03 2.12415087390E+02 4.87251385123E+03 1.18842915217E+02 4.37260101457E+03 1.48925829633E+02 4.14966472060E+03 1.66738349408E+02 3.44615475981E+03 2.02811273553E+02 4.93465467718E+03 1.28094446285E+02 
5.00000000000E+00 5.50000000000E+00 6.00000000000E+00 4.73071263411E+03 6.85844999997E+01 4.30875505553E+03 8.97221829584E+01 4.97900322367E+03 5.56189627412E+01 4.82800400250E+03 6.41401516086E+01 4.59779158173E+03 8.16241345889E+01 4.54929337858E+03 8.47929227925E+01 5.01538492646E+03 6.58192536511E+01 
6.00000000000E+00 6.50000000000E+00 7.00000000000E+00 4.10197857620E+03 2.25306963008E+02 3.78127995533E+03 3.12651117530E+02 4.28637821647E+03 1.68359721739E+02 4.00730423689E+03 2.12091508834E+02 4.02661292981E+03 2.36707277370E+02 3.72965827815E+03 2.94569976455E+02 4.29668733976E+03 1.77221927260E+02 
7.00000000000E+00 7.50000000000E+00 8.00000000000E+00 3.54808103156E+03 9.44287280223E+01 3.33006216784E+03 1.29086014813E+02 3.71796208133E+03 7.25776435808E+01 3.51671175173E+03 8.18797707936E+01 3.66936766239E+03 1.07424905363E+02 3.38977409083E+03 1.12272795268E+02 3.84310157004E+03 8.18115638502E+01 
8.00000000000E+00 8.50000000000E+00 9.00000000000E+00 3.25052673194E+03 4.20867918430E+01 3.07182603570E+03 5.32723840412E+01 3.34275791459E+03 3.45478392954E+01 3.18063560564E+03 3.80675611046E+01 3.24118852327E+03 5.10275286910E+01 3.04513743328E+03 4.94208844050E+01 3.40610751428E+03 4.20364645532E+01 
9.00000000000E+00 9.50000000000E+00 1.00000000000E+01 2.91686276865E+03 3.90095538108E+01 2.62810392643E+03 8.13766883998E+01 2.98989411300E+03 3.21953638929E+01 2.76084169871E+03 5.50224327778E+01 2.97264187556E+03 4.53341607340E+01 2.66892995106E+03 7.45332760370E+01 3.06746145667E+03 3.68344243763E+01 
1.00000000000E+01 1.05000000000E+01 1.10000000000E+01 2.67183029071E+03 3.41066413545E+01 2.61147482094E+03 4.44661898336E+01 2.75731582576E+03 2.81695506181E+01 2.71509741592E+03 2.98571137912E+01 2.64126612171E+03 4.06109602249E+01 2.66059198958E+03 3.88225849573E+01 2.72134642461E+03 3.31114776125E+01 
1.10000000000E+01 1.15000000000E+01 1.20000000000E+01 2.49654172366E+03 3.41541670363E+01 2.40416740159E+03 4.35032643184E+01 2.47204022030E+03 2.67960259535E+01 2.43504106386E+03 2.95874359357E+01 2.51086928193E+03 3.82146363686E+01 2.41100771288E+03 3.82011510096E+01 2.50604384586E+03 3.02916966727E+01 
1.20000000000E+01 1.25000000000E+01 1.30000000000E+01 2.42885244896E+03 7.15095810027E+01 2.41371710753E+03 9.97158920178E+01 2.40218828421E+03 5.36495177695E+01 2.34217726345E+03 6.19580106118E+01 2.46464923347E+03 8.16446409000E+01 2.37697546215E+03 8.62411155542E+01 2.43874517634E+03 6.12209822618E+01 
1.30000000000E+01 1.35000000000E+01 1.40000000000E+01 2.12153948724E+03 2.80040743198E+01 2.13522752328E+03 3.67300704296E+01 2.11155006191E+03 2.27909419044E+01 2.08761019289E+03 2.56311612636E+01 2.11992770587E+03 3.25943356558E+01 2.07577446295E+03 3.26168502887E+01 2.12425620272E+03 2.66300811324E+01 
1.40000000000E+01 1.45000000000E+01 1.50000000000E+01 1.95264045580E+03 2.77845922635E+01 1.94674712434E+03 3.55816679646E+01 1.92632065034E+03 2.26981548922E+01 1.87951787371E+03 2.51773040814E+01 1.95405303922E+03 3.25509309529E+01 1.89202321735E+03 3.22257304008E+01 1.94055234301E+03 2.64773732904E+01 
1.50000000000E+01 1.55000000000E+01 1.60000000000E+01 1.72688314419E+03 2.50440124094E+01 1.72380419630E+03 3.19504322497E+01 1.71777096342E+03 2.04324646122E+01 1.69219659157E+03 2.22495254012E+01 1.74285209026E+03 2.84008610663E+01 1.72396651892E+03 2.89361697269E+01 1.74841240777E+03 2.31374935347E+01 
1.60000000000E+01 1.65000000000E+01 1.70000000000E+01 1.61806709991E+03 2.22678199157E+01 1.61797874199E+03 2.91255446025E+01 1.60529631294E+03 1.82151147601E+01 1.59492512249E+03 1.96042301312E+01 1.65368596616E+03 2.59548778135E+01 1.63461402754E+03 2.56617903772E+01 1.63130329500E+03 2.08943014705E+01 
1.70000000000E+01 1.75000000000E+01 1.80000000000E+01 1.51677626101E+03 2.49415113193E+01 1.52172678348E+03 3.21992102982E+01 1.48769329308E+03 2.02103364494E+01 1.46804485789E+03 2.35363665602E+01 1.53098599093E+03 2.80987958198E+01 1.47481382682E+03 3.03505312048E+01 1.51241524872E+03 2.25497802875E+01 
1.80000000000E+01 1.85000000000E+01 1.90000000000E+01 1.34095412962E+03 2.41224403319E+01 1.33236975760E+03 3.12829914005E+01 1.33016426044E+03 1.92589309723E+01 1.33243287387E+03 2.17639847639E+01 1.37648242851E+03 2.63336057155E+01 1.35098050414E+03 2.78698672970E+01 1.37262245754E+03 2.13974830397E+01 
1.90000000000E+01 1.95000000000E+01 2.00000000000E+01 1.24216370986E+03 1.87528371263E+01 1.24173369674E+03 2.47088257956E+01 1.22799284128E+03 1.50712223807E+01 1.18787685814E+03 1.67784022339E+01 1.25234453882E+03 2.14663039734E+01 1.20885318138E+03 2.20206733610E+01 1.23762955817E+03 1.72462888500E+01 
2.00000000000E+01 2.05000000000E+01 2.10000000000E+01 1.25465659688E+03 1.64879861533E+01 1.27937726727E+03 2.14952962164E+01 1.22665163553E+03 1.37797259336E+01 1.24235576230E+03 1.48784244914E+01 1.24816347820E+03 1.89752841061E+01 1.28315975131E+03 1.92049963044E+01 1.23129799601E+03 1.55250851379E+01 
2.10000000000E+01 2.15000000000E+01 2.20000000000E+01 1.05987949162E+03 1.88486861566E+01 1.08278650608E+03 2.52906845470E+01 1.05746779519E+03 1.48939011517E+01 1.07997543811E+03 1.67186453089E+01 1.10397160962E+03 2.07054663869E+01 1.11000060517E+03 2.22403750553E+01 1.08956906540E+03 1.62492940969E+01 
2.20000000000E+01 2.25000000000E+01 2.30000000000E+01 1.06459448770E+03 1.62453778988E+01 1.06966258674E+03 2.12418136572E+01 1.03911820614E+03 1.30751167646E+01 9.44329368680E+02 2.81337948874E+01 1.08224060597E+03 1.77484198159E+01 9.67973189116E+02 3.84140243567E+01 1.06138213675E+03 1.45031524474E+01 
2.30000000000E+01 2.35000000000E+01 2.40000000000E+01 1.00600391169E+03 1.64141454953E+01 1.01547785778E+03 2.09148353943E+01 9.72748973600E+02 1.33960408244E+01 9.60739204280E+02 1.49413804242E+01 9.79812609628E+02 1.80395028956E+01 9.88506112967E+02 1.91635914998E+01 9.75051272127E+02 1.47773573027E+01 
2.40000000000E+01 2.45000000000E+01 2.50000000000E+01 9.00180725467E+02 1.44656681418E+01 9.13148392759E+02 1.87789340250E+01 8.78003208694E+02 1.17189269491E+01 8.65990888876E+02 1.29821727301E+01 9.07848390101E+02 1.69068942274E+01 8.79375070997E+02 1.69902245317E+01 8.87625418160E+02 1.36554096442E+01 
2.50000000000E+01 2.55000000000E+01 2.60000000000E+01 8.82343237570E+02 1.32617113571E+01 9.17585165977E+02 1.72339188473E+01 8.49917968182E+02 1.04999300500E+01 8.68317794062E+02 1.19129193158E+01 8.83809654546E+02 1.54083905826E+01 9.05772769296E+02 1.55576694353E+01 8.68673684694E+02 1.25975566853E+01 
2.60000000000E+01 2.65000000000E+01 2.70000000000E+01 7.46797126948E+02 1.26448631252E+01 7.28767715954E+02 1.62780454367E+01 7.52241750393E+02 1.04225870348E+01 7.40892751711E+02 1.18456012216E+01 7.42812092696E+02 1.49044330383E+01 7.42328963291E+02 1.55178209117E+01 7.73293109843E+02 1.19730676026E+01 
2.70000000000E+01 2.75000000000E+01 2.80000000000E+01 7.85243873148E+02 1.16490328969E+01 8.08045415854E+02 1.48713034471E+01 7.57161724371E+02 9.41629591808E+00 7.74334910402E+02 1.01601853968E+01 7.78671798246E+02 1.34038258513E+01 7.90626826684E+02 1.31602475096E+01 7.57711123209E+02 1.08872685127E+01 
2.80000000000E+01 2.85000000000E+01 2.90000000000E+01 7.21461054586E+02 1.06009604952E+01 7.34853388863E+02 1.34650746481E+01 7.05582814070E+02 8.84299403361E+00 7.37193029804E+02 9.66341512408E+00 7.14520887874E+02 1.26827952414E+01 7.64148638190E+02 1.21485784391E+01 7.14643525372E+02 1.04202341263E+01 
2.90000000000E+01 2.95000000000E+01 3.00000000000E+01 6.61979291849E+02 1.09552034328E+01 6.58593363080E+02 1.40014295572E+01 6.44456478869E+02 8.91155210599E+00 6.48967282336E+02 9.93494114041E+00 6.58217166040E+02 1.25884555940E+01 6.50918901303E+02 1.28182073709E+01 6.42691218681E+02 1.01992957021E+01 
3.00000000000E+01 3.05000000000E+01 3.10000000000E+01 6.22423921603E+02 1.08877237566E+01 6.37130652822E+02 1.42182888308E+01 6.13286086844E+02 9.00614339994E+00 6.04068721603E+02 1.04554747286E+01 6.45175838494E+02 1.30046444890E+01 6.14768485685E+02 1.41250335361E+01 6.27740359398E+02 1.07056748845E+01 
3.10000000000E+01 3.15000000000E+01 3.20000000000E+01 6.05421051417E+02 9.19143614988E+00 6.21406978142E+02 1.17172282941E+01 5.87551664983E+02 7.60214085774E+00 5.88265380198E+02 8.06737947049E+00 6.06879323405E+02 1.07863728300E+01 6.01238565970E+02 1.03937551880E+01 5.89852480981E+02 8.78999656236E+00 
3.20000000000E+01 3.25000000000E+01 3.30000000000E+01 5.50597163645E+02 9.23813453714E+00 5.53387906971E+02 1.17173065036E+01 5.36387550454E+02 7.40023749798E+00 5.46509328172E+02 8.10652506710E+00 5.47616768530E+02 1.13572415918E+01 5.53072345661E+02 1.05751334516E+01 5.46663188956E+02 9.12847448025E+00 
3.30000000000E+01 3.35000000000E+01 3.40000000000E+01 5.56430191042E+02 1.52780513889E+01 5.72436739096E+02 2.07701359262E+01 5.36990544516E+02 1.17406795524E+01 5.43509792089E+02 1.42410817830E+01 5.54319288508E+02 1.62427214043E+01 5.73483205374E+02 1.96131421028E+01 5.33673551482E+02 1.26329828103E+01 
3.40000000000E+01 3.45000000000E+01 3.50000000000E+01 4.80876137354E+02 1.21490299615E+01 4.78306749160E+02 1.62289034980E+01 4.81221051725E+02 9.41962053167E+00 4.89337342894E+02 1.13646956647E+01 5.08222607039E+02 1.31951713333E+01 4.90007074064E+02 1.51765792323E+01 4.96518059758E+02 1.01949051578E+01 
3.50000000000E+01 3.55000000000E+01 3.60000000000E+01 4.90290256849E+02 7.94795491914E+00 4.97886390427E+02 1.00695930564E+01 4.76446541519E+02 6.55051107610E+00 4.81193866774E+02 7.10044871578E+00 4.93629226240E+02 9.48070804320E+00 4.98582175327E+02 9.40946877074E+00 4.77151913325E+02 7.72025381915E+00 
3.60000000000E+01 3.65000000000E+01 3.70000000000E+01 4.42935581107E+02 7.80077847749E+00 4.46041990091E+02 9.86084540034E+00 4.39193659255E+02 6.50913223985E+00 4.42917668625E+02 6.99408193647E+00 4.58567835609E+02 8.87654815797E+00 4.54249072548E+02 8.86800988169E+00 4.46887044016E+02 7.31814787535E+00 
3.70000000000E+01 3.75000000000E+01 3.80000000000E+01 4.44338947753E+02 7.27749616468E+00 4.62554341407E+02 9.43886099374E+00 4.27370531777E+02 6.06124949359E+00 4.43664581207E+02 6.89817186966E+00 4.61902750289E+02 8.16521878488E+00 4.66563625184E+02 8.95269958790E+00 4.45727311514E+02 6.72030295603E+00 
3.80000000000E+01 3.85000000000E+01 3.90000000000E+01 4.21443902718E+02 7.43447415917E+00 4.25190113285E+02 9.49499288422E+00 4.04050665738E+02 5.96479456098E+00 4.06326984582E+02 7.17241763906E+00 4.34029314442E+02 7.98291848277E+00 4.24181695706E+02 9.50584827097E+00 4.20462600300E+02 6.54508091913E+00 
3.90000000000E+01 3.95000000000E+01 4.00000000000E+01 3.98216292915E+02 7.36871493527E+00 4.08080806671E+02 9.43627388693E+00 3.84635843419E+02 5.90625526271E+00 3.93455105313E+02 7.13221915540E+00 4.09554005640E+02 7.84573978021E+00 4.12579315067E+02 9.31129146756E+00 3.96174330703E+02 6.54541310460E+00 
4.00000000000E+01 4.05000000000E+01 4.10000000000E+01 3.57094146465E+02 6.91974738739E+00 3.59607568220E+02 9.16660259071E+00 3.46729550728E+02 5.54212851032E+00 3.49909147548E+02 6.60227919790E+00 3.57044982424E+02 7.83812158288E+00 3.41881630308E+02 8.49325457421E+00 3.50938773303E+02 6.29045710416E+00 
4.10000000000E+01 4.15000000000E+01 4.20000000000E+01 3.56151473900E+02 7.77106926568E+00 3.68684105815E+02 1.02888796341E+01 3.45101339744E+02 6.31622418692E+00 3.46888366860E+02 7.20739206702E+00 3.63860062740E+02 8.22103445185E+00 3.54856071942E+02 9.43201748159E+00 3.57859167880E+02 6.80737129390E+00 
4.20000000000E+01 4.25000000000E+01 4.30000000000E+01 3.38248507405E+02 6.13028376411E+00 3.49791229577E+02 7.89471006609E+00 3.32179059943E+02 5.13701301262E+00 3.25982776104E+02 5.77836711551E+00 3.46673935674E+02 7.19861072012E+00 3.33461948263E+02 7.58427039900E+00 3.35569256100E+02 5.89570105527E+00 
4.30000000000E+01 4.35000000000E+01 4.40000000000E+01 3.33531495242E+02 6.68884582589E+00 3.40119839990E+02 8.66919015058E+00 3.22221889794E+02 5.45386544600E+00 3.27659420965E+02 6.63690907085E+00 3.44142750279E+02 7.74162714163E+00 3.32315134735E+02 8.25174630144E+00 3.32226077977E+02 6.06066077959E+00 
4.40000000000E+01 4.45000000000E+01 4.50000000000E+01 3.06664434815E+02 6.78019205505E+00 3.11147294281E+02 9.02980588286E+00 3.02010604243E+02 5.49064986157E+00 3.16951105876E+02 7.43329128948E+00 3.15753959344E+02 7.29679911085E+00 3.22104857026E+02 9.85262378737E+00 3.08107124893E+02 5.94269613300E+00 
4.50000000000E+01 4.55000000000E+01 4.60000000000E+01 3.11632297182E+02 5.31154882330E+00 3.26012028047E+02 6.74346315723E+00 3.01106410083E+02 4.40180623033E+00 3.08091775958E+02 4.91659126755E+00 3.11496706214E+02 6.13856826048E+00 3.24687943933E+02 6.48054016507E+00 3.00085569469E+02 5.07354508837E+00 
4.60000000000E+01 4.65000000000E+01 4.70000000000E+01 2.93154637346E+02 9.49033241264E+00 3.07922006196E+02 1.29329809779E+01 2.90554455987E+02 7.35143307529E+00 2.87701773019E+02 8.75378481343E+00 2.91196570589E+02 1.01671821312E+01 3.06903131792E+02 1.20147287491E+01 2.88314003123E+02 7.89123924203E+00 
4.70000000000E+01 4.75000000000E+01 4.80000000000E+01 2.70055989990E+02 5.74698991936E+00 2.77180999967E+02 7.57676735368E+00 2.62149970946E+02 4.75250758110E+00 2.64957316738E+02 5.72089262226E+00 2.73129500472E+02 6.56064370903E+00 2.62573467697E+02 7.16687466094E+00 2.66969436179E+02 5.28512955572E+00 
4.80000000000E+01 4.85000000000E+01 4.90000000000E+01 2.56974588827E+02 5.38905739876E+00 2.58040022085E+02 7.05598680170E+00 2.52360165993E+02 4.41561368083E+00 2.64750910457E+02 5.31194813069E+00 2.56096103094E+02 6.08639157612E+00 2.71189123035E+02 7.11197817662E+00 2.51966430063E+02 4.88592127470E+00 
4.90000000000E+01 4.95000000000E+01 5.00000000000E+01 2.49481890521E+02 5.20115727642E+00 2.49415139252E+02 6.83871265708E+00 2.39780187444E+02 4.28138181222E+00 2.45737672539E+02 4.98640020247E+00 2.52322044578E+02 5.84842577416E+00 2.51022587973E+02 6.50112412351E+00 2.46317674009E+02 4.67760490622E+00 
5.00000000000E+01 5.05000000000E+01 5.10000000000E+01 2.40037638178E+02 6.43178277007E+00 2.43190928244E+02 8.61747545785E+00 2.27209179478E+02 5.02760206947E+00 2.39031970895E+02 1.08129288312E+01 2.32932618465E+02 6.56564905915E+00 2.49841891949E+02 1.51114916383E+01 2.26486361295E+02 5.06227820434E+00 
5.10000000000E+01 5.15000000000E+01 5.20000000000E+01 2.28169570529E+02 6.26783924643E+00 2.27236459481E+02 8.33645106405E+00 2.23012224272E+02 4.89968181217E+00 2.20506163453E+02 1.08515738941E+01 2.36560711866E+02 6.23073902902E+00 2.21531843278E+02 1.50783343108E+01 2.30969330666E+02 4.99259894884E+00 
5.20000000000E+01 5.25000000000E+01 5.30000000000E+01 2.28291262247E+02 5.16534407492E+00 2.27661927242E+02 6.43536045596E+00 2.18660288553E+02 4.23581430687E+00 2.21247981589E+02 4.99586973304E+00 2.27980953100E+02 5.63416629434E+00 2.28931483862E+02 6.30309809227E+00 2.26606353639E+02 4.73700832691E+00 
5.30000000000E+01 5.35000000000E+01 5.40000000000E+01 2.11781686170E+02 4.41497414247E+00 2.17734455927E+02 5.67436492294E+00 2.04469485924E+02 3.59553511077E+00 2.10727820449E+02 3.94455666201E+00 2.18565256399E+02 4.98442173476E+00 2.19657867861E+02 5.06398068765E+00 2.10176233594E+02 4.11107563771E+00 
5.40000000000E+01 5.45000000000E+01 5.50000000000E+01 1.83772199666E+02 4.58421497795E+00 1.83018471204E+02 5.78345406980E+00 1.81794331544E+02 3.83307548569E+00 1.90356495609E+02 4.21267798773E+00 1.78941120674E+02 5.31665242767E+00 1.92199119498E+02 5.22027006776E+00 1.79130462284E+02 4.40023733559E+00 
5.50000000000E+01 5.55000000000E+01 5.60000000000E+01 1.91655290970E+02 4.66065573299E+00 1.91821329596E+02 5.82389918528E+00 1.87913338970E+02 3.81175333540E+00 1.89006348185E+02 4.54457080012E+00 1.92121452436E+02 5.20854152424E+00 1.95328833092E+02 5.83038044991E+00 1.90469520908E+02 4.35699984367E+00 
5.60000000000E+01 5.65000000000E+01 5.70000000000E+01 1.73119476827E+02 4.44837081899E+00 1.75298256149E+02 5.64607794346E+00 1.68799516614E+02 3.66839331485E+00 1.80122229493E+02 4.03065249681E+00 1.71718141611E+02 5.64901243285E+00 1.87773075725E+02 5.17695688678E+00 1.69741735055E+02 4.51793156142E+00 
5.70000000000E+01 5.75000000000E+01 5.80000000000E+01 1.77433749927E+02 4.05624048748E+00 1.81660600099E+02 5.26485662497E+00 1.73771814750E+02 3.42510296484E+00 1.75846055187E+02 3.76531938967E+00 1.78607819525E+02 5.51707525400E+00 1.81897606230E+02 5.11879177652E+00 1.76161555118E+02 4.44346961857E+00 
5.80000000000E+01 5.85000000000E+01 5.90000000000E+01 1.71781785162E+02 4.44802518843E+00 1.82035334131E+02 5.71775633150E+00 1.69338880480E+02 3.66729771467E+00 1.62862613373E+02 4.15094319376E+00 1.67249121422E+02 4.88855831662E+00 1.78728810403E+02 5.53299692898E+00 1.65048885106E+02 4.00207228053E+00 
5.90000000000E+01 5.95000000000E+01 6.00000000000E+01 1.46933227315E+02 3.48662068673E+00 1.51837068673E+02 4.61975091392E+00 1.44077167452E+02 2.85992814930E+00 1.49821944381E+02 3.35964031958E+00 1.47993026031E+02 4.04225015453E+00 1.49259237029E+02 4.34830149308E+00 1.42884473745E+02 3.21613118505E+00 
6.00000000000E+01 6.05000000000E+01 6.10000000000E+01 1.53619985322E+02 3.30668325971E+00 1.57267668237E+02 4.17428217923E+00 1.48326242484E+02 2.72742535402E+00 1.53634527832E+02 3.12466252133E+00 1.54666399899E+02 3.79441024802E+00 1.63056627997E+02 4.03011396885E+00 1.47519369725E+02 3.14726779694E+00 
6.10000000000E+01 6.15000000000E+01 6.20000000000E+01 1.48986614476E+02 2.83906619644E+00 1.52844686028E+02 3.57120630990E+00 1.44255485976E+02 2.37647566056E+00 1.46700406431E+02 2.88529293306E+00 1.59015254938E+02 3.37454496806E+00 1.50476717812E+02 3.70578253052E+00 1.52423386761E+02 2.79804002216E+00 
6.20000000000E+01 6.25000000000E+01 6.30000000000E+01 1.48814177775E+02 3.39228963588E+00 1.50892785930E+02 4.36541466418E+00 1.41228145691E+02 2.72452785049E+00 1.45510276322E+02 3.42132456078E+00 1.48198813595E+02 3.68415521302E+00 1.47757081411E+02 4.59882601750E+00 1.41612548735E+02 2.98998397161E+00 
6.30000000000E+01 6.35000000000E+01 6.40000000000E+01 1.34047504559E+02 3.25999543321E+00 1.37214651105E+02 4.18924393269E+00 1.29597319737E+02 2.69392040967E+00 1.33233296976E+02 3.33378409876E+00 1.29687655131E+02 3.41020423753E+00 1.40399262472E+02 3.98283586240E+00 1.27452492727E+02 2.80331769699E+00 
6.40000000000E+01 6.45000000000E+01 6.50000000000E+01 1.34915200953E+02 3.32970262407E+00 1.28823659376E+02 4.22830583949E+00 1.30387203380E+02 2.69460588113E+00 1.27842895726E+02 3.37470877810E+00 1.38637206685E+02 3.69102277267E+00 1.23686676641E+02 4.22004112928E+00 1.33330258854E+02 3.03717777191E+00 
6.50000000000E+01 6.55000000000E+01 6.60000000000E+01 1.30452287051E+02 2.70685112359E+00 1.39880379852E+02 3.59442810429E+00 1.27300203604E+02 2.28608326034E+00 1.33432944847E+02 2.86063235001E+00 1.34893478936E+02 3.02585954211E+00 1.38317814269E+02 3.68489638875E+00 1.30992735496E+02 2.54317843080E+00 
6.60000000000E+01 6.65000000000E+01 6.70000000000E+01 1.18616820564E+02 2.60368193269E+00 1.17377390159E+02 3.41191313616E+00 1.15804919611E+02 2.15980588456E+00 1.17054289078E+02 2.42259207396E+00 1.21780610638E+02 3.46107992693E+00 1.19071071116E+02 3.12199326444E+00 1.16316726492E+02 2.74247024093E+00 
6.70000000000E+01 6.75000000000E+01 6.80000000000E+01 1.10472474789E+02 2.67786908230E+00 1.06319601713E+02 3.31232874203E+00 1.10654624051E+02 2.28924250959E+00 1.03927083914E+02 2.34726757094E+00 1.13490486906E+02 3.36026690671E+00 1.07247842670E+02 3.05181257638E+00 1.08576502331E+02 2.72407491487E+00 
6.80000000000E+01 6.85000000000E+01 6.90000000000E+01 1.15754482400E+02 2.66548708661E+00 1.16605312459E+02 3.30334430053E+00 1.12593721600E+02 2.22781295891E+00 1.08230303071E+02 2.62450762693E+00 1.21714991743E+02 3.00751339612E+00 1.11115746399E+02 3.32137756612E+00 1.11718224572E+02 2.49730534312E+00 
6.90000000000E+01 6.95000000000E+01 7.00000000000E+01 1.08753801288E+02 2.54088747744E+00 1.09885095217E+02 3.29122766334E+00 1.02542816472E+02 2.09495740239E+00 1.05766511536E+02 2.26585674089E+00 1.08954402133E+02 2.77875558511E+00 1.07147041531E+02 2.90090761694E+00 1.07311141074E+02 2.23746127494E+00 
7.00000000000E+01 7.05000000000E+01 7.10000000000E+01 1.09521497654E+02 2.35413266725E+00 1.09415420499E+02 2.77641704231E+00 1.05617679644E+02 1.94130739024E+00 1.04824665955E+02 2.25607712506E+00 1.13427236101E+02 2.50504992976E+00 1.12792471219E+02 2.78062919697E+00 1.10639837528E+02 2.14774216733E+00 
7.10000000000E+01 7.15000000000E+01 7.20000000000E+01 9.99906357793E+01 2.19716666439E+00 1.03372847133E+02 2.85248322908E+00 9.70134923357E+01 1.77022522538E+00 1.00843187022E+02 2.08098455389E+00 1.02208538786E+02 2.44321329690E+00 1.04439880615E+02 2.62937392117E+00 9.76185945933E+01 1.94758043332E+00 
7.20000000000E+01 7.25000000000E+01 7.30000000000E+01 9.94092514767E+01 1.97486595709E+00 9.70736357630E+01 2.38678771350E+00 9.26099212158E+01 1.62621496604E+00 9.81590997938E+01 1.96876535726E+00 9.87336026906E+01 2.21989091921E+00 1.05357653081E+02 2.57892756483E+00 9.59853757920E+01 1.89722437024E+00 
7.30000000000E+01 7.35000000000E+01 7.40000000000E+01 9.39331325197E+01 2.31053648984E+00 9.12484830488E+01 2.78981816516E+00 9.19807400046E+01 1.94720819092E+00 9.01380110282E+01 2.24421173188E+00 1.01705995651E+02 2.61184919879E+00 8.91192448848E+01 2.77550290936E+00 9.98745376162E+01 2.15560893114E+00 
7.40000000000E+01 7.45000000000E+01 7.50000000000E+01 8.76634801657E+01 2.07557647823E+00 9.40686032572E+01 2.64892261809E+00 8.70663096064E+01 1.75695662886E+00 9.03976879405E+01 2.29552260563E+00 8.85825147928E+01 2.42238716058E+00 9.53213263128E+01 2.91661712510E+00 8.39852559620E+01 1.95894619759E+00 
7.50000000000E+01 7.55000000000E+01 7.60000000000E+01 8.48777306896E+01 2.47166493408E+00 7.71541285970E+01 3.07776497716E+00 8.04204025019E+01 1.97616881195E+00 8.00845840758E+01 2.46309016127E+00 9.11591007540E+01 2.77489048614E+00 8.15692562361E+01 3.23071592080E+00 8.40498414972E+01 2.22299070146E+00 
7.60000000000E+01 7.65000000000E+01 7.70000000000E+01 8.61523597010E+01 2.07428248505E+00 8.91531653236E+01 2.70310465569E+00 8.16559077825E+01 1.68198612296E+00 8.18704364762E+01 2.20598940149E+00 9.09445133219E+01 2.55609189852E+00 8.67175788340E+01 2.95104621334E+00 8.61055257185E+01 2.08415616258E+00 
7.70000000000E+01 7.75000000000E+01 7.80000000000E+01 8.05884349043E+01 2.08055094635E+00 7.71766019120E+01 2.30794552291E+00 8.08883014462E+01 1.77532790999E+00 7.94992088218E+01 2.02752043522E+00 8.08147076336E+01 2.31311714367E+00 7.72079225565E+01 2.47765359974E+00 7.77788303342E+01 1.90630238441E+00 
7.80000000000E+01 7.85000000000E+01 7.90000000000E+01 7.98522531232E+01 1.87241107332E+00 8.06891686961E+01 2.35939660887E+00 7.77148753715E+01 1.53399399352E+00 7.44279808979E+01 1.85789022672E+00 7.72633794178E+01 2.01636520952E+00 7.16778850448E+01 2.38348431491E+00 7.82624932593E+01 1.71330257301E+00 
7.90000000000E+01 7.95000000000E+01 8.00000000000E+01 7.39381219320E+01 1.80853780485E+00 7.97183075060E+01 2.35845918763E+00 7.28231022958E+01 1.51643033638E+00 7.46199374068E+01 1.90736813779E+00 7.39550942647E+01 2.02799302053E+00 7.96458401380E+01 2.26784455317E+00 7.19353700306E+01 1.65864541946E+00 
8.00000000000E+01 8.05000000000E+01 8.10000000000E+01 7.39278297326E+01 2.15977976774E+00 7.61056507848E+01 2.84832017577E+00 7.37444141850E+01 1.79590180412E+00 7.41388899161E+01 2.10061467663E+00 7.74855116052E+01 2.35569040435E+00 7.50067763688E+01 2.71266831378E+00 7.61950360796E+01 1.93715413021E+00 
8.10000000000E+01 8.15000000000E+01 8.20000000000E+01 7.61296120856E+01 2.01252897095E+00 7.62333978367E+01 2.60745883282E+00 7.02244908330E+01 1.64573395652E+00 7.28480149695E+01 2.00540117978E+00 7.04128529590E+01 2.09154914172E+00 7.76754844446E+01 2.67502120760E+00 7.42052655886E+01 1.78705790021E+00 
8.20000000000E+01 8.25000000000E+01 8.30000000000E+01 6.88785305364E+01 1.92852330906E+00 6.98422345162E+01 2.40789720816E+00 6.80125113061E+01 1.69087855430E+00 6.85716440876E+01 1.99177771635E+00 6.64406948101E+01 2.03391959301E+00 7.09493358542E+01 2.10577894600E+00 6.66771788838E+01 1.95717767122E+00 
8.30000000000E+01 8.35000000000E+01 8.40000000000E+01 6.86273170018E+01 1.55941036052E+00 7.49869824499E+01 2.07696609219E+00 6.74573906372E+01 1.33782419787E+00 6.84600400382E+01 1.64161249224E+00 6.70372331047E+01 1.84310800036E+00 7.03082439045E+01 2.07631561471E+00 6.56382460345E+01 1.51516010264E+00 
8.40000000000E+01 8.45000000000E+01 8.50000000000E+01 6.88953475944E+01 1.84583594619E+00 7.53675380249E+01 2.40458365092E+00 6.64456852766E+01 1.49264286503E+00 6.70242684437E+01 1.88384186369E+00 6.85683512090E+01 1.92344616146E+00 6.98486804726E+01 2.48579024220E+00 6.63344617143E+01 1.53439442608E+00 
8.50000000000E+01 8.55000000000E+01 8.60000000000E+01 5.75617234271E+01 2.68995418664E+00 5.91881942743E+01 3.39179355714E+00 5.77188629861E+01 2.21460440394E+00 5.62579414429E+01 2.52056185311E+00 5.54486505059E+01 2.87665051607E+00 5.47803507690E+01 3.15823769864E+00 5.64639294700E+01 2.38700654233E+00 
8.60000000000E+01 8.65000000000E+01 8.70000000000E+01 6.51041786164E+01 2.53970803716E+00 6.47227865958E+01 3.20375384768E+00 6.24159424515E+01 2.10153993681E+00 6.34170024854E+01 2.33408270672E+00 6.53741327310E+01 2.70975603566E+00 6.54584518533E+01 2.91263256207E+00 6.44233422521E+01 2.24413159719E+00 
8.70000000000E+01 8.75000000000E+01 8.80000000000E+01 5.88071613903E+01 1.43006403792E+00 6.06783903388E+01 1.92593362570E+00 5.49443430133E+01 1.12707236852E+00 5.71410003421E+01 1.42888703380E+00 5.73365085350E+01 1.54447002247E+00 6.11124492388E+01 1.82877805587E+00 5.46866943738E+01 1.23463049930E+00 
8.80000000000E+01 8.85000000000E+01 8.90000000000E+01 5.72053984358E+01 1.41710095096E+00 5.80071112802E+01 1.79456861610E+00 5.49002361984E+01 1.18257214952E+00 5.81606672213E+01 1.37353334143E+00 5.80139487915E+01 1.47814173570E+00 6.02216706282E+01 1.79437771697E+00 5.60285624724E+01 1.23593025791E+00 
8.90000000000E+01 8.95000000000E+01 9.00000000000E+01 5.44482472280E+01 1.37091147015E+00 5.34569359153E+01 1.71549638593E+00 5.35204144628E+01 1.16454408056E+00 5.53332714285E+01 1.47120912044E+00 5.27734763126E+01 1.45077597809E+00 5.35374810172E+01 1.83609900355E+00 5.35870490400E+01 1.27044786613E+00 
9.00000000000E+01 9.05000000000E+01 9.10000000000E+01 5.12841601711E+01 1.57506818133E+00 5.25520812363E+01 2.04047629429E+00 4.95767466517E+01 1.27249209462E+00 5.12515493390E+01 1.61586528532E+00 5.01752330570E+01 1.59518802752E+00 5.28318027236E+01 2.11628487351E+00 5.02833568612E+01 1.34158562045E+00 
9.10000000000E+01 9.15000000000E+01 9.20000000000E+01 5.09531198444E+01 1.71400959828E+00 5.09684870354E+01 2.21287638867E+00 5.09728954116E+01 1.39503275895E+00 4.82993113516E+01 1.65535303406E+00 4.96395968059E+01 1.83733954644E+00 4.98118001318E+01 2.22672144397E+00 4.80333281147E+01 1.49724137599E+00 
9.20000000000E+01 9.25000000000E+01 9.30000000000E+01 4.66789400896E+01 2.33813534761E+00 4.94827353751E+01 3.24386388829E+00 4.60403070423E+01 1.79318122423E+00 4.43071376497E+01 3.29269641223E+00 4.92656970443E+01 1.75831262255E+00 4.62136701790E+01 4.56995353386E+00 4.78502191725E+01 1.41817764561E+00 
9.30000000000E+01 9.35000000000E+01 9.40000000000E+01 4.50532056834E+01 3.93398906655E+00 4.46741946975E+01 5.44888494723E+00 4.39834204385E+01 2.94367082148E+00 4.48763679253E+01 4.58187409230E+00 4.46889451226E+01 3.59384118587E+00 4.78224919930E+01 6.34537379126E+00 4.31071467571E+01 2.69507612922E+00 
9.40000000000E+01 9.45000000000E+01 9.50000000000E+01 4.75340012519E+01 3.72358415768E+00 5.09701277740E+01 5.13682209180E+00 4.44471054537E+01 2.80755734416E+00 4.71044201829E+01 3.68721399882E+00 4.95104138184E+01 3.71388798247E+00 5.34810343221E+01 5.14687676999E+00 4.56802469395E+01 2.80826839010E+00 
9.50000000000E+01 9.55000000000E+01 9.60000000000E+01 4.03213351651E+01 1.29291010418E+00 3.96860006688E+01 1.64632556730E+00 3.89270608535E+01 1.04619670649E+00 4.10709333137E+01 1.26979341772E+00 4.10540786146E+01 1.36164535417E+00 4.13835773686E+01 1.58964791039E+00 3.88308291498E+01 1.09838852478E+00 
9.60000000000E+01 9.65000000000E+01 9.70000000000E+01 4.36179207671E+01 1.08268870513E+00 4.56455039085E+01 1.39088804271E+00 4.12643458712E+01 8.97648749698E-01 4.30456310935E+01 1.19090250480E+00 4.26352138257E+01 1.21713276037E+00 4.51400366738E+01 1.52605865197E+00 4.23515123287E+01 1.04457597669E+00 
9.70000000000E+01 9.75000000000E+01 9.80000000000E+01 3.87504802054E+01 1.04242063778E+00 3.93188845061E+01 1.33939815702E+00 3.92217668788E+01 8.82311236439E-01 3.75198681008E+01 1.19723426356E+00 3.93266947098E+01 1.16669722796E+00 3.82136182581E+01 1.57707761968E+00 3.87674414461E+01 9.72581548725E-01 
9.80000000000E+01 9.85000000000E+01 9.90000000000E+01 3.79623728252E+01 9.59421680094E-01 3.82452574634E+01 1.20777450301E+00 3.63895123174E+01 7.83793143825E-01 3.87899052190E+01 1.04578869365E+00 3.74909355592E+01 1.06570253932E+00 3.91559022956E+01 1.25603356576E+00 3.58100995919E+01 8.78863538887E-01 
9.90000000000E+01 9.95000000000E+01 1.00000000000E+02 3.69925490792E+01 1.08592176800E+00 3.79062794985E+01 1.39267755239E+00 3.60060247079E+01 8.94436900486E-01 3.72669451331E+01 1.10702895695E+00 3.84804987724E+01 1.13045580490E+00 4.00812051903E+01 1.44281517818E+00 3.51113383253E+01 9.32116756147E-01 
#nx: 3
