#labels: ptz__1p25__1p5_lower[1] ptz__1p25__1p5_center[2] ptz__1p25__1p5_upper[3] tot_scale01[4] tot_scale01_Err[5] tot_scale02[6] tot_scale02_Err[7] tot_scale03[8] tot_scale03_Err[9] tot_scale04[10] tot_scale04_Err[11] tot_scale05[12] tot_scale05_Err[13] tot_scale06[14] tot_scale06_Err[15] tot_scale07[16] tot_scale07_Err[17]
#neval: 75657464978
#overflow:lower center upper 1.23647425312E+01 3.30861345118E+00 -9.42112116554E+01 4.71947800351E+00 8.32306903692E+01 2.57885067313E+00 1.21081271164E+01 3.60772100651E+00 1.67485753009E+01 3.69731860702E+00 -1.05980155058E+02 5.03192040276E+00 8.34050205337E+01 2.90935594474E+00 
0.00000000000E+00 5.00000000000E-01 1.00000000000E+00 0.00000000000E+00 0.00000000000E+00 0.00000000000E+00 0.00000000000E+00 0.00000000000E+00 0.00000000000E+00 0.00000000000E+00 0.00000000000E+00 0.00000000000E+00 0.00000000000E+00 0.00000000000E+00 0.00000000000E+00 0.00000000000E+00 0.00000000000E+00 
1.00000000000E+00 1.50000000000E+00 2.00000000000E+00 -1.38218746192E+04 3.12285069040E+02 -1.08161207786E+04 4.10889336399E+02 -1.42080601836E+04 2.47515499669E+02 -1.20293610841E+04 2.72987881594E+02 -1.50387273809E+04 3.69919492310E+02 -9.99727880725E+03 3.61695341715E+02 -1.59618778743E+04 2.87001752622E+02 
2.00000000000E+00 2.50000000000E+00 3.00000000000E+00 -5.64176162162E+03 1.68342165968E+02 -5.34140539864E+03 2.19311684643E+02 -5.27269584128E+03 1.35591265230E+02 -4.79719778537E+03 1.47056068059E+02 -6.50593952617E+03 1.94380527450E+02 -4.62452730698E+03 1.92864237060E+02 -6.14903204496E+03 1.55311224208E+02 
3.00000000000E+00 3.50000000000E+00 4.00000000000E+00 -3.34829708812E+03 1.14967402127E+02 -3.65211427553E+03 1.52608904719E+02 -2.93321765819E+03 8.95768584508E+01 -3.10765492250E+03 1.03776285767E+02 -3.76418533086E+03 1.28764995035E+02 -3.36098958275E+03 1.40493375377E+02 -3.55363880641E+03 1.09861910616E+02 
4.00000000000E+00 4.50000000000E+00 5.00000000000E+00 -2.00644304789E+03 8.26114117171E+01 -2.38980067592E+03 1.07946433826E+02 -1.59130772368E+03 6.66404895513E+01 -1.69969175008E+03 7.46795890699E+01 -2.37372879646E+03 9.93913246064E+01 -2.15780908596E+03 9.70283190450E+01 -1.93740119511E+03 7.93379630295E+01 
5.00000000000E+00 5.50000000000E+00 6.00000000000E+00 -9.45034635999E+02 6.95054568659E+01 -1.10974068220E+03 9.15253434656E+01 -7.19703797188E+02 5.57306070326E+01 -7.75797952667E+02 6.21442927201E+01 -1.23346328089E+03 8.61063634145E+01 -9.48490927062E+02 7.73885912832E+01 -9.25504291561E+02 6.73045891963E+01 
6.00000000000E+00 6.50000000000E+00 7.00000000000E+00 -8.14358378083E+02 6.02168168979E+01 -1.09322673745E+03 7.83899748374E+01 -5.78112551396E+02 4.77744763614E+01 -5.91877386885E+02 5.12951622609E+01 -9.76261957858E+02 7.01452086845E+01 -8.76593653263E+02 6.70558062413E+01 -7.19530849329E+02 5.59431190638E+01 
7.00000000000E+00 7.50000000000E+00 8.00000000000E+00 -4.33898438254E+02 5.02510624757E+01 -7.44874918958E+02 6.59223048570E+01 -2.75276589938E+02 4.08576224824E+01 -3.20064468145E+02 4.48874200625E+01 -6.05370963617E+02 5.90747428417E+01 -5.58447257752E+02 5.90258557959E+01 -4.06842294951E+02 4.75925774839E+01 
8.00000000000E+00 8.50000000000E+00 9.00000000000E+00 -3.49986772437E+02 4.09503651336E+01 -5.80571250866E+02 5.67360680316E+01 -1.92370418827E+02 3.36224957734E+01 -1.81989399384E+02 3.73718570737E+01 -5.56130018742E+02 5.15284093509E+01 -3.71467684229E+02 4.83435149024E+01 -3.82525848843E+02 4.14988655093E+01 
9.00000000000E+00 9.50000000000E+00 1.00000000000E+01 -2.09991405950E+02 3.99900185773E+01 -3.47590075226E+02 5.28337871988E+01 -1.00817159667E+02 3.19781651759E+01 -1.59280216149E+02 3.79809646531E+01 -3.29501421127E+02 4.91968292495E+01 -3.43612567748E+02 4.99770689616E+01 -2.11144206780E+02 3.93095637415E+01 
1.00000000000E+01 1.05000000000E+01 1.10000000000E+01 -1.26197321829E+02 3.81046057493E+01 -2.39032714668E+02 4.96359191021E+01 -1.91401381702E+01 2.93457392834E+01 -3.51434357674E+01 3.16316255337E+01 -1.61107743257E+02 4.08973196105E+01 -1.32392950614E+02 4.21376032554E+01 -6.81871578647E+01 3.27403131573E+01 
1.10000000000E+01 1.15000000000E+01 1.20000000000E+01 -5.12291171483E+01 3.28878203669E+01 -1.77650259248E+02 4.38347705133E+01 2.46215812712E+01 2.65171149127E+01 1.29238079304E+01 2.95841966020E+01 -1.62723971644E+02 3.85224523539E+01 -9.56820432273E+01 3.79500662260E+01 -5.40336056495E+01 3.09632645708E+01 
1.20000000000E+01 1.25000000000E+01 1.30000000000E+01 4.78751536093E+00 2.74303466952E+01 -7.08270789276E+01 3.60531666871E+01 7.67289236402E+01 2.25689925871E+01 6.75964220817E+01 2.42610453241E+01 -6.69202236392E+01 3.14468343882E+01 -5.59732892364E+00 3.16456294668E+01 2.02905432458E+01 2.56182629248E+01 
1.30000000000E+01 1.35000000000E+01 1.40000000000E+01 -6.76901405550E+01 2.87123770768E+01 -1.43000452731E+02 3.69891594240E+01 2.97579921845E+01 2.21676438614E+01 9.97172095821E+00 2.45217079221E+01 -9.12230841109E+01 3.22649184508E+01 -8.34594024038E+01 3.27605820080E+01 -7.44887878293E+00 2.59529080209E+01 
1.40000000000E+01 1.45000000000E+01 1.50000000000E+01 -7.37826271684E+00 2.39934254042E+01 -1.16640938519E+02 3.06916534173E+01 5.60600353306E+01 1.93389913972E+01 -3.00166082766E+00 2.30526762165E+01 -7.09999878904E+01 2.76109776541E+01 -9.93721848789E+01 3.02068263390E+01 5.94656221679E+00 2.23119254631E+01 
1.50000000000E+01 1.55000000000E+01 1.60000000000E+01 -2.71126826324E+01 2.11268362773E+01 -1.00508767119E+02 2.72229485512E+01 4.10371886603E+01 1.73784782865E+01 4.02976015049E+00 1.96920065404E+01 -8.57182259462E+01 2.54818383953E+01 -8.30065311714E+01 2.53098116564E+01 3.24178528747E+00 1.99701865283E+01 
1.60000000000E+01 1.65000000000E+01 1.70000000000E+01 -5.56758143192E-01 2.00063998511E+01 -6.04973273453E+01 2.63360905263E+01 5.52822366612E+01 1.64515133068E+01 5.34777275773E+01 1.83555321165E+01 -2.61273177438E+01 2.27553982242E+01 -4.84105836103E+00 2.34485867157E+01 3.49421799629E+01 1.85420306260E+01 
1.70000000000E+01 1.75000000000E+01 1.80000000000E+01 -2.76322094840E+00 2.18087220306E+01 -6.23281212268E+01 2.86641302220E+01 6.00337382728E+01 1.74671521844E+01 5.35439052958E+01 1.96431974561E+01 -4.36355525380E+01 2.53113702474E+01 -3.71626331485E+00 2.60553612470E+01 2.20708582089E+00 2.01997540619E+01 
1.80000000000E+01 1.85000000000E+01 1.90000000000E+01 5.33908866819E+01 1.73609621178E+01 3.61364237312E+01 2.24837791265E+01 9.89962142599E+01 1.40396138364E+01 9.09332874463E+01 1.57155041166E+01 4.61958163815E+01 2.09424975696E+01 5.29631760973E+01 2.05407776742E+01 7.43008313084E+01 1.67542535410E+01 
1.90000000000E+01 1.95000000000E+01 2.00000000000E+01 5.04191132370E+01 1.82337277625E+01 9.82142521934E-01 2.42571671781E+01 9.83132264921E+01 1.47834175719E+01 9.00445791836E+01 1.65249786376E+01 3.57596910390E+01 2.01104959901E+01 2.42482104534E+01 2.15595590354E+01 7.39533726317E+01 1.63288979358E+01 
2.00000000000E+01 2.05000000000E+01 2.10000000000E+01 -5.79426696426E+00 1.68070433535E+01 -6.11620881296E+01 2.05695727920E+01 4.13727471594E+01 1.36232993548E+01 4.11184438747E+01 1.48240909235E+01 -4.42194642373E+01 1.88827725123E+01 -5.08094216096E+00 1.94311316386E+01 4.59289663126E+00 1.50536345257E+01 
2.10000000000E+01 2.15000000000E+01 2.20000000000E+01 4.79846425776E+01 1.61562336244E+01 9.75426892121E+00 2.08627611565E+01 7.43969335330E+01 1.28766250415E+01 8.38176225103E+01 1.51962988897E+01 1.66424395598E+01 1.79362046010E+01 4.19713852979E+01 2.00755172929E+01 4.99505308329E+01 1.43807553254E+01 
2.20000000000E+01 2.25000000000E+01 2.30000000000E+01 -2.35967463247E+00 1.40976709306E+01 -1.67584984070E+01 1.84737757781E+01 3.10884127413E+01 1.19093880348E+01 3.99317703564E+01 1.33208794357E+01 -3.04101876997E+01 1.64191594398E+01 9.00128309167E-01 1.73878126748E+01 1.36278831140E+01 1.36620391433E+01 
2.30000000000E+01 2.35000000000E+01 2.40000000000E+01 5.61054875863E+01 1.44629438840E+01 2.14010550494E+01 1.81330935170E+01 7.13701143181E+01 1.16260274314E+01 6.99222587192E+01 1.26923593146E+01 3.49053332771E+01 1.61080937556E+01 2.28347473917E+01 1.65455741252E+01 6.13126674180E+01 1.30833577340E+01 
2.40000000000E+01 2.45000000000E+01 2.50000000000E+01 6.98806013572E+01 1.19041916191E+01 4.81312196058E+01 1.54233184028E+01 9.36249380815E+01 9.63786439281E+00 9.53438455007E+01 1.08106763998E+01 4.29846013504E+01 1.48112851513E+01 7.60538431459E+01 1.38072265928E+01 5.96544435813E+01 1.20380138297E+01 
2.50000000000E+01 2.55000000000E+01 2.60000000000E+01 3.08796447724E+01 1.16877993037E+01 -7.23235776553E+00 1.52199642421E+01 5.22866107448E+01 9.70375371116E+00 3.16393561290E+01 1.15436512364E+01 -1.44261060026E+01 1.49110056548E+01 6.67322162016E-01 1.50099402015E+01 1.74231436817E+01 1.19784036244E+01 
2.60000000000E+01 2.65000000000E+01 2.70000000000E+01 1.12159646642E+01 1.17744831312E+01 -9.85520526241E+00 1.55202910437E+01 3.27363211679E+01 9.50327247181E+00 3.84496580438E+01 1.12301582072E+01 -6.63586614944E+00 1.33862197754E+01 3.15662217238E+01 1.47662064635E+01 2.38075661305E+01 1.09569049047E+01 
2.70000000000E+01 2.75000000000E+01 2.80000000000E+01 3.62927714947E+01 1.14619281384E+01 1.42508922004E+01 1.52233187472E+01 6.23222311900E+01 9.20751595973E+00 6.18943222513E+01 1.00081758061E+01 4.88716696064E+01 1.22289961616E+01 3.09683442665E+01 1.37472510573E+01 6.25312756257E+01 9.88286076317E+00 
2.80000000000E+01 2.85000000000E+01 2.90000000000E+01 2.87893462365E+01 1.05185844342E+01 1.03720072186E+01 1.37156543531E+01 5.46404103343E+01 8.70023374550E+00 5.57212963058E+01 9.97835604690E+00 1.24263040644E+01 1.22055680735E+01 3.05679372742E+01 1.23731713896E+01 3.38045473960E+01 9.88420623281E+00 
2.90000000000E+01 2.95000000000E+01 3.00000000000E+01 2.14860371822E+01 9.33033825959E+00 8.66346513834E+00 1.24628030415E+01 3.89255791577E+01 7.76994490933E+00 4.73210420443E+01 8.78453187258E+00 2.48175258412E+01 1.08046227901E+01 2.62754121164E+01 1.13470649057E+01 3.00570572209E+01 8.73373537580E+00 
3.00000000000E+01 3.05000000000E+01 3.10000000000E+01 5.65738321116E+01 9.64455485174E+00 4.03917632577E+01 1.23463317054E+01 6.97411339780E+01 8.00897337408E+00 7.05308593940E+01 8.91596151936E+00 6.11631540604E+01 1.14194333640E+01 5.42031303008E+01 1.15927327671E+01 7.44395976103E+01 9.34107743371E+00 
3.10000000000E+01 3.15000000000E+01 3.20000000000E+01 3.17843863893E+01 9.76951778599E+00 4.62481904542E+00 1.15150067892E+01 4.44329690846E+01 7.82405271485E+00 5.04994158087E+01 8.52208951644E+00 1.11679225021E+01 1.09845439513E+01 2.14567943570E+01 1.10634616779E+01 2.18210060535E+01 8.74742922461E+00 
3.20000000000E+01 3.25000000000E+01 3.30000000000E+01 1.91956038661E+01 8.95376675778E+00 -7.99599175758E+00 1.16318606455E+01 3.74292054556E+01 7.16525990426E+00 3.51899320087E+01 8.62917250986E+00 1.18118876118E+01 1.03132731192E+01 1.61013433340E+01 1.16005711829E+01 3.20243265515E+01 8.33092362876E+00 
3.30000000000E+01 3.35000000000E+01 3.40000000000E+01 1.80076720144E+01 8.32878223654E+00 -6.62309582442E+00 1.09283229003E+01 3.34472009837E+01 6.80542573980E+00 2.29228613391E+01 8.33171476684E+00 -2.75863987141E+00 1.00074814485E+01 5.73151203668E+00 1.08466711549E+01 2.25826667033E+01 7.95814671512E+00 
3.40000000000E+01 3.45000000000E+01 3.50000000000E+01 8.44036733856E+00 8.76439514651E+00 -1.43064085490E+01 1.12720120019E+01 3.01817925436E+01 7.31171606319E+00 1.77460270396E+01 8.25204224388E+00 3.56832735137E+00 9.91833689985E+00 1.16125284105E+00 1.05685547496E+01 2.48312587692E+01 8.19653086381E+00 
3.50000000000E+01 3.55000000000E+01 3.60000000000E+01 2.55932759924E+01 8.28417948301E+00 7.14176713001E+00 1.03155564603E+01 3.91666440337E+01 6.89375899782E+00 2.67780742019E+01 7.92634801913E+00 1.07695430483E+01 9.48508574779E+00 6.81580242132E+00 9.78875380739E+00 2.97403273730E+01 7.87111578992E+00 
3.60000000000E+01 3.65000000000E+01 3.70000000000E+01 2.00209879844E+01 6.68642157107E+00 1.12817733737E+01 8.87366080295E+00 3.41972475825E+01 5.51634439200E+00 3.91040472626E+01 6.70532666079E+00 1.01480040555E+01 8.26751722788E+00 2.74466721743E+01 8.71142046329E+00 2.89165202744E+01 6.29020667212E+00 
3.70000000000E+01 3.75000000000E+01 3.80000000000E+01 -1.27160850646E+00 1.41748434215E+01 -2.25186554787E+01 1.94462398011E+01 1.77132179712E+01 1.08150496896E+01 3.11873083246E+01 1.26201812059E+01 -8.31333691634E-01 1.56605407453E+01 -1.02122900543E+01 1.75853950111E+01 1.51525555886E+01 1.19674268936E+01 
3.80000000000E+01 3.85000000000E+01 3.90000000000E+01 1.64833185932E+01 1.40202347441E+01 1.94199189189E-01 1.92810308279E+01 3.40293063278E+01 1.07631344014E+01 3.25207927067E+01 1.25870021416E+01 1.21249460312E+01 1.53994879745E+01 8.45841504613E+00 1.73062002546E+01 2.52308485552E+01 1.17595760804E+01 
3.90000000000E+01 3.95000000000E+01 4.00000000000E+01 3.81942369981E+01 6.32472717885E+00 -1.07735803641E+00 7.94801237676E+00 4.37279074590E+01 5.42162740501E+00 5.49898341947E+01 6.14944060122E+00 1.60753507284E+01 7.60325196313E+00 3.13545226316E+01 7.46833170353E+00 2.43844164296E+01 6.08476819787E+00 
4.00000000000E+01 4.05000000000E+01 4.10000000000E+01 1.59081365255E+01 4.79050366277E+00 1.11230469274E+01 6.27587589307E+00 3.33452764033E+01 4.19836009801E+00 2.17800289773E+01 4.91826366210E+00 2.26161972473E+01 5.65076121199E+00 1.49314307557E+01 6.77776335613E+00 2.52252497124E+01 4.60911281543E+00 
4.10000000000E+01 4.15000000000E+01 4.20000000000E+01 6.30983687837E+00 1.22767702579E+01 -1.63878848835E+01 1.61753297550E+01 2.65884599480E+01 9.81778913359E+00 2.50195321910E+01 1.17426376466E+01 1.13466190138E+01 1.29683178820E+01 9.97404987359E+00 1.57463408555E+01 2.72938112423E+01 1.04157736528E+01 
4.20000000000E+01 4.25000000000E+01 4.30000000000E+01 2.06310508711E+01 5.59562003137E+00 -4.07326611445E+00 7.31668878206E+00 2.23495964207E+01 4.50294943284E+00 4.84435149395E+01 1.19113454437E+01 1.66958553759E+01 6.53566863066E+00 4.01864983037E+01 1.56050497454E+01 3.01530987932E+01 5.26814400694E+00 
4.30000000000E+01 4.35000000000E+01 4.40000000000E+01 1.00902829544E+01 1.01304867103E+01 8.50095616904E+00 1.29602410503E+01 1.99092359851E+01 8.14459138862E+00 1.71619829560E+01 8.98672507157E+00 2.30484052373E+00 1.17956254923E+01 1.39422703489E+01 1.17868302830E+01 1.35639785110E+01 9.50235268153E+00 
4.40000000000E+01 4.45000000000E+01 4.50000000000E+01 4.39951345841E+01 1.70604899463E+01 1.43614122071E+01 2.20384929393E+01 4.40107978614E+01 1.36631722388E+01 4.08762451213E+01 1.54820282055E+01 4.14733201121E+01 1.83088119170E+01 2.14408582040E+01 1.97925616392E+01 5.13589115139E+01 1.47103611137E+01 
4.50000000000E+01 4.55000000000E+01 4.60000000000E+01 9.84563950786E+00 9.10275092055E+00 -8.30671669335E+00 1.17637131774E+01 1.89324903944E+01 7.34571712318E+00 6.48244383938E+00 8.35075155025E+00 -8.94358763888E+00 9.87425915885E+00 -1.08318618918E+01 1.06798694587E+01 7.58215651186E+00 7.91724048008E+00 
4.60000000000E+01 4.65000000000E+01 4.70000000000E+01 1.23485618313E+01 6.54383508360E+00 -5.78899619827E+00 8.32586914655E+00 1.83669722301E+01 5.28291545282E+00 1.77115183713E+01 6.29278725484E+00 2.22205342553E+01 7.02597076586E+00 1.36875583264E+00 7.74436672303E+00 2.54796993306E+01 5.78746060258E+00 
4.70000000000E+01 4.75000000000E+01 4.80000000000E+01 2.98425207816E+01 6.46414122875E+00 2.03077756117E+01 8.54212621345E+00 3.48888141664E+01 5.62863066252E+00 2.93956359895E+01 6.50758426973E+00 1.55164085820E+01 7.29171553564E+00 2.37929325374E+01 8.17884814685E+00 2.07431313384E+01 6.17877074804E+00 
4.80000000000E+01 4.85000000000E+01 4.90000000000E+01 2.39684857470E+01 5.10177063753E+00 1.67680019598E+01 6.70724397307E+00 2.66426780035E+01 4.13504334859E+00 3.34652099926E+01 4.33740618904E+00 2.30142186286E+01 6.40012411620E+00 2.50695022138E+01 5.52066921670E+00 2.96885907938E+01 5.11934817371E+00 
4.90000000000E+01 4.95000000000E+01 5.00000000000E+01 2.50098984058E+01 4.76008950396E+00 1.89279023728E+01 5.66839727284E+00 3.27564248939E+01 3.89267976397E+00 1.74151692745E+01 3.89665214645E+00 3.22396673460E+01 5.19757867524E+00 1.45023641041E+01 5.27604740666E+00 3.40620914026E+01 4.27517654060E+00 
5.00000000000E+01 5.05000000000E+01 5.10000000000E+01 -1.46634959105E+01 7.75035235695E+00 -3.38724086488E+01 1.05666979800E+01 1.73086929631E+00 6.00632367204E+00 -1.24803747417E+01 7.61320877461E+00 -1.24511813945E+01 8.15979827226E+00 -3.24191601729E+01 1.02490797143E+01 -5.60176837098E+00 6.15131045684E+00 
5.10000000000E+01 5.15000000000E+01 5.20000000000E+01 5.91617226286E+00 3.43082596687E+00 -3.09814153812E+00 4.65474686858E+00 1.27554614482E+01 2.84257001858E+00 1.67525229660E+01 4.20268381447E+00 7.81744841721E+00 3.98106698881E+00 1.01185216333E+01 5.65464152790E+00 1.45077520782E+01 3.24867056145E+00 
5.20000000000E+01 5.25000000000E+01 5.30000000000E+01 -3.22554995702E+00 3.32357238410E+00 -8.80431985751E+00 4.50883267090E+00 1.09162583622E+01 2.93375757516E+00 1.03693187598E+01 3.45664952361E+00 -1.12401879224E+01 4.09569964340E+00 5.28440172724E+00 4.56327217421E+00 2.04619964858E+00 3.39121612281E+00 
5.30000000000E+01 5.35000000000E+01 5.40000000000E+01 1.97235239721E+01 4.91677915303E+00 1.95242048036E+00 6.13355544328E+00 2.62186983106E+01 5.11071259954E+00 1.45914001555E+01 4.71595831377E+00 1.59747326998E+01 6.77582991957E+00 1.19942481744E+01 8.50835870087E+00 1.70294334058E+01 4.16213021488E+00 
5.40000000000E+01 5.45000000000E+01 5.50000000000E+01 -4.66855375835E+00 3.92371683395E+00 -2.33369887971E+01 5.39822986218E+00 4.97359848818E+00 3.23218650285E+00 3.12998308394E+00 3.99419563282E+00 -8.38199948437E+00 5.35405946840E+00 -7.16868109831E+00 5.13581848840E+00 -3.01500694552E+00 4.25007046518E+00 
5.50000000000E+01 5.55000000000E+01 5.60000000000E+01 5.95936995399E+00 3.29969891351E+00 3.14371654413E+00 4.47028608085E+00 1.14827984018E+01 2.64060413868E+00 3.84703533256E+00 3.45181028538E+00 8.82751708133E+00 3.93622452447E+00 4.62465723895E+00 4.85116971480E+00 8.47223038670E+00 3.09178664395E+00 
5.60000000000E+01 5.65000000000E+01 5.70000000000E+01 2.75458898068E+01 3.48225653115E+00 1.22176216942E+01 4.07542108458E+00 2.80405956695E+01 3.01219532663E+00 3.16816065359E+01 3.14839592023E+00 2.07543834785E+01 4.18397922133E+00 3.34163356486E+01 4.14437015469E+00 2.28723438438E+01 3.56948791032E+00 
5.70000000000E+01 5.75000000000E+01 5.80000000000E+01 7.69339321372E+00 4.31005588112E+00 3.06818432721E+00 4.20733438336E+00 9.20001538367E+00 3.46885743066E+00 1.00297311171E+01 3.23666975190E+00 4.44328129044E-01 4.70975255947E+00 1.51416788056E+00 4.23806006648E+00 8.50052590918E+00 3.75731930088E+00 
5.80000000000E+01 5.85000000000E+01 5.90000000000E+01 9.88323151583E+00 3.42238869190E+00 -7.50322567129E+00 4.38107261043E+00 1.35492713424E+01 2.86181232534E+00 1.70688844457E+01 3.14901554511E+00 5.97215363976E+00 4.14571173591E+00 9.93457710208E+00 4.16412100707E+00 1.21269888334E+01 3.34097313666E+00 
5.90000000000E+01 5.95000000000E+01 6.00000000000E+01 7.17939691670E-01 3.20534225064E+00 -5.49541196253E+00 4.16425640809E+00 5.35083498700E+00 2.58910171040E+00 4.75173327763E+00 3.09483277065E+00 -5.65561971677E+00 4.16667840751E+00 -2.99715925271E+00 4.08182807000E+00 -2.07771075872E+00 3.34216171096E+00 
6.00000000000E+01 6.05000000000E+01 6.10000000000E+01 1.04325125694E+01 3.14765847511E+00 7.59240645454E+00 4.03883120688E+00 1.57649131597E+01 2.41596933356E+00 1.85335081090E+01 3.01002864228E+00 8.56615053830E+00 3.37699140175E+00 1.42433751333E+01 3.97973940528E+00 1.05993086093E+01 2.75305543953E+00 
6.10000000000E+01 6.15000000000E+01 6.20000000000E+01 -3.37388667462E-01 2.43792879148E+00 -2.84891133274E+00 3.28356581807E+00 5.91729288337E+00 1.94913586219E+00 2.77699208334E+00 2.40877509636E+00 4.23491777086E+00 2.64077892639E+00 -3.75471625763E+00 3.36440685256E+00 6.82904177527E+00 2.24646634541E+00 
6.20000000000E+01 6.25000000000E+01 6.30000000000E+01 -1.25284130363E+00 2.63887084287E+00 -1.03272983783E+01 3.55224882239E+00 -1.63823149050E+00 2.03594330317E+00 3.50332555643E-01 2.79701159154E+00 -1.06084537946E+00 2.80587242998E+00 -1.20024586952E+01 3.67002420293E+00 5.01994985231E+00 2.34812425980E+00 
6.30000000000E+01 6.35000000000E+01 6.40000000000E+01 1.11632366803E+01 2.48445083924E+00 7.17705731140E+00 3.40447003266E+00 1.28334185513E+01 2.18396997597E+00 1.04267624136E+01 2.54056813713E+00 1.57679717506E+01 5.12343860494E+00 3.74978571964E+00 3.49217301535E+00 1.50353032970E+01 3.91947232186E+00 
6.40000000000E+01 6.45000000000E+01 6.50000000000E+01 1.02331113534E+01 5.58306913717E+00 1.00678715833E+01 7.29220552496E+00 1.47946203052E+01 4.46145846581E+00 7.76537304972E+00 5.20906296942E+00 1.33864279164E+01 6.13867438009E+00 4.22194878447E+00 6.75097168143E+00 1.56841372606E+01 4.89230619912E+00 
6.50000000000E+01 6.55000000000E+01 6.60000000000E+01 7.61285290429E+00 5.70113311339E+00 9.61892881435E+00 7.35543007855E+00 1.29804610996E+01 4.54078385768E+00 1.08246419000E+01 5.22306860261E+00 1.09324423646E+01 6.24437051750E+00 9.15399132838E+00 6.82365977344E+00 1.10043872462E+01 4.92262925622E+00 
6.60000000000E+01 6.65000000000E+01 6.70000000000E+01 7.16188783992E+00 2.63988951904E+00 2.96291566131E+00 3.58503531520E+00 1.34688937243E+01 2.11164001563E+00 1.16502147610E+01 2.59087094290E+00 5.11535326360E+00 2.81775631957E+00 8.48947632747E+00 3.43583622951E+00 1.28393131967E+01 2.35816693917E+00 
6.70000000000E+01 6.75000000000E+01 6.80000000000E+01 -4.67715647522E+00 2.81740052461E+00 -1.18148786405E+01 4.02728724124E+00 3.31869579579E+00 2.21866664414E+00 -6.36473491163E+00 3.74252238212E+00 -2.04625338191E+00 2.65266239797E+00 -1.65879404490E+01 4.72701968833E+00 5.03164789523E+00 2.32006444763E+00 
6.80000000000E+01 6.85000000000E+01 6.90000000000E+01 2.43151580296E+00 1.96793856043E+00 -3.93088831520E+00 2.63014028320E+00 9.65269124890E+00 1.74945586123E+00 8.42916805958E+00 2.27178671457E+00 -2.26861347797E+00 2.39274819093E+00 2.10544636571E+00 2.99304295404E+00 6.70508385946E+00 2.05243936013E+00 
6.90000000000E+01 6.95000000000E+01 7.00000000000E+01 1.89298228726E+01 1.29205072591E+01 1.32133504828E+01 1.62170816110E+01 1.88839071440E+01 1.05444373355E+01 2.31187546138E+01 1.16744770793E+01 1.66870067751E+01 1.41190476307E+01 2.41037030487E+01 1.46608689469E+01 1.70662329811E+01 1.15191641400E+01 
7.00000000000E+01 7.05000000000E+01 7.10000000000E+01 -6.10582708102E+00 1.28317835786E+01 -2.04200466955E+01 1.60913920279E+01 -3.87275242768E+00 1.04685615497E+01 -6.93614048419E+00 1.15502428820E+01 -5.73845954870E+00 1.40821833098E+01 -2.09774519888E+01 1.45557550364E+01 -8.15511374340E-01 1.14664367838E+01 
7.10000000000E+01 7.15000000000E+01 7.20000000000E+01 5.52015999825E+00 1.93508959885E+00 1.28755667583E-01 2.64872177612E+00 8.14473994436E+00 1.65029217304E+00 4.35697339691E+00 1.94387415413E+00 1.11948404825E+00 2.37714676125E+00 2.29518719719E-01 2.51654339032E+00 6.16833860790E+00 1.97090518986E+00 
7.20000000000E+01 7.25000000000E+01 7.30000000000E+01 3.88765271609E+00 2.22775932032E+00 -7.96237919951E+00 2.56330168992E+00 1.03387435070E+01 1.89047611380E+00 -4.60521014032E-01 1.87606025828E+00 6.40922728268E+00 2.53622239950E+00 -3.87006920520E+00 2.45646462912E+00 6.69437061513E+00 2.04005906542E+00 
7.30000000000E+01 7.35000000000E+01 7.40000000000E+01 -5.77707671240E+00 2.02628533231E+00 -1.11043096081E+01 2.67208815606E+00 8.83298063557E-01 1.69053804772E+00 1.75306154264E+00 1.92477969918E+00 -5.94709909723E+00 2.19232120334E+00 -3.18742566663E+00 2.59290090837E+00 -1.37884106081E+00 1.69839238324E+00 
7.40000000000E+01 7.45000000000E+01 7.50000000000E+01 2.96249944250E+00 2.09931202802E+00 3.54142655231E+00 3.03316441738E+00 5.50668094773E+00 1.71550048106E+00 2.32822575783E+00 2.15358512380E+00 3.24793438827E+00 2.24988583815E+00 3.15149672292E+00 3.10164455272E+00 8.13807130120E+00 1.99659234681E+00 
7.50000000000E+01 7.55000000000E+01 7.60000000000E+01 1.03564678801E+01 1.97436803443E+00 9.59286257494E+00 2.61708189461E+00 1.15427966334E+01 1.60014007606E+00 1.07451270860E+01 2.00683736605E+00 7.00973392958E+00 2.42662996656E+00 1.02483714001E+01 2.59383022341E+00 6.31775257990E+00 1.91349899319E+00 
7.60000000000E+01 7.65000000000E+01 7.70000000000E+01 7.95708808139E+00 1.66922329261E+00 6.90493627368E+00 2.18580495259E+00 7.84152095787E+00 1.34464705842E+00 4.80487624399E+00 1.55119358608E+00 9.65478193552E+00 1.83067549827E+00 6.04596259274E+00 2.04505315894E+00 9.07240822841E+00 1.51457232157E+00 
7.70000000000E+01 7.75000000000E+01 7.80000000000E+01 2.67564933956E+00 1.43290174563E+00 -2.91845142490E-01 1.98949950644E+00 4.77449911547E+00 1.12176751480E+00 2.98695047372E+00 1.54509661218E+00 6.26201375404E-01 1.66175671990E+00 -3.16186534371E-01 2.09775511653E+00 4.88581044086E+00 1.44694923049E+00 
7.80000000000E+01 7.85000000000E+01 7.90000000000E+01 -1.48769893660E-02 1.81683614552E+00 -4.75990283302E+00 2.34853185021E+00 5.76403743399E+00 1.52525860104E+00 -2.55868656852E+00 1.53791282184E+00 3.37428833802E+00 1.85851486390E+00 8.03914928877E-01 2.11903944309E+00 7.61745167042E+00 1.57703660560E+00 
7.90000000000E+01 7.95000000000E+01 8.00000000000E+01 4.03535662516E+00 1.90294244127E+00 -2.35449629045E+00 2.61205747960E+00 6.82577538126E+00 1.64612919569E+00 3.27799571453E+00 1.84113059840E+00 -2.72336637829E+00 2.02663568374E+00 -2.11007932202E+00 2.43655746567E+00 1.53784619966E+00 1.63909099085E+00 
8.00000000000E+01 8.05000000000E+01 8.10000000000E+01 3.81647813030E+00 1.44074696782E+00 6.71525575581E-02 1.88983344710E+00 6.16171841217E+00 1.24897246704E+00 7.87170915596E+00 1.58619762936E+00 1.49004820967E+00 1.71360805990E+00 7.26751901111E+00 2.12132218223E+00 3.38431233670E+00 1.41819974708E+00 
8.10000000000E+01 8.15000000000E+01 8.20000000000E+01 1.09243162916E+01 2.09791203978E+00 1.04689708847E+01 2.63382826161E+00 1.37513783049E+01 1.73230247966E+00 8.99385569642E+00 1.93391313719E+00 1.16617337923E+01 2.30374662250E+00 5.05714216286E+00 2.41941295194E+00 1.38536048252E+01 1.91472243935E+00 
8.20000000000E+01 8.25000000000E+01 8.30000000000E+01 1.33768045308E+00 1.81164069813E+00 -9.52890051489E-01 2.33712984354E+00 3.12387786428E+00 1.41555553910E+00 -8.92527073721E-01 1.72494157374E+00 1.11486405461E+00 1.94561032379E+00 -1.42503813880E+00 2.34459150037E+00 2.74555517426E+00 1.54817310809E+00 
8.30000000000E+01 8.35000000000E+01 8.40000000000E+01 3.27382440809E+00 1.50068949701E+00 1.70977366077E+00 1.97923162211E+00 3.41344718401E+00 1.24612550022E+00 7.04055659777E+00 1.61337773843E+00 3.39011582289E+00 1.51460181821E+00 6.02611139035E+00 2.17281890106E+00 5.37265152010E+00 1.27266868749E+00 
8.40000000000E+01 8.45000000000E+01 8.50000000000E+01 1.68792561323E+00 1.47028164457E+00 -2.11134924035E+00 1.68762881794E+00 2.63074184027E+00 1.18397470835E+00 1.89752122699E+00 1.54665166890E+00 1.76712335178E-01 1.54158836443E+00 -3.86669233269E+00 1.94664130263E+00 1.60002179946E+00 1.23705581351E+00 
8.50000000000E+01 8.55000000000E+01 8.60000000000E+01 -2.76657458363E+00 1.36944626560E+00 -4.05078720548E+00 1.88678489286E+00 1.20793074493E+00 1.17522960899E+00 -2.91529509407E+00 1.40852297010E+00 -3.42528318463E+00 1.60530181683E+00 -5.18435735344E+00 1.78613100770E+00 2.50090023311E-01 1.30940273610E+00 
8.60000000000E+01 8.65000000000E+01 8.70000000000E+01 2.10167304652E-01 1.59830193047E+00 -7.86280170635E-01 2.18223715985E+00 2.65889262271E+00 1.30660652624E+00 2.85279466916E+00 1.54060813355E+00 3.07040848509E+00 1.63712205412E+00 -9.79061203239E-01 2.06807381603E+00 4.94584205321E+00 1.32945038870E+00 
8.70000000000E+01 8.75000000000E+01 8.80000000000E+01 5.98939577816E+00 1.36527226394E+00 5.70718045355E+00 1.81714187413E+00 6.54031990098E+00 1.11727761311E+00 6.34436134176E+00 1.42047361689E+00 6.66339136062E+00 1.53439609281E+00 5.04249929096E+00 1.81780412976E+00 7.67586580673E+00 1.27855539953E+00 
8.80000000000E+01 8.85000000000E+01 8.90000000000E+01 8.90314365504E-01 1.52795367499E+00 -1.88936581117E+00 1.95243674850E+00 1.01087620364E+00 1.18482360571E+00 1.03493507002E+00 1.55350305647E+00 -1.72118620256E+00 1.49225661537E+00 -1.12815501364E+00 2.08466921840E+00 1.74361853085E+00 1.19983654167E+00 
8.90000000000E+01 8.95000000000E+01 9.00000000000E+01 1.24467701284E+00 1.14109838026E+00 1.11235830281E+00 1.56315342027E+00 2.03615916393E+00 9.65218806208E-01 7.66163350405E-01 1.26898870061E+00 -1.08450397281E-01 1.38831339645E+00 -3.58635811622E-01 1.73858373963E+00 1.42452152571E+00 1.15563393395E+00 
9.00000000000E+01 9.05000000000E+01 9.10000000000E+01 2.08504355478E+00 1.03575017237E+00 2.17156870493E+00 1.35113496752E+00 3.24017455761E+00 7.73267347258E-01 1.59958368965E+00 1.02776990311E+00 1.24130897100E+00 1.07140949771E+00 -1.37468493792E+00 1.34260422664E+00 2.19444650676E+00 8.69196067482E-01 
9.10000000000E+01 9.15000000000E+01 9.20000000000E+01 1.71138005985E+00 1.29755632673E+00 -1.55314850396E+00 1.66253443813E+00 3.55971485528E+00 1.05330183196E+00 1.62593962335E-01 1.29379867572E+00 5.46758230885E+00 1.68193056385E+00 -6.98804271652E-01 1.80495588519E+00 4.17441330950E+00 1.27351474007E+00 
9.20000000000E+01 9.25000000000E+01 9.30000000000E+01 3.37563672769E+00 1.21358519615E+00 3.93084826716E+00 1.72329797593E+00 4.74436065097E+00 9.85743275631E-01 3.89278495183E+00 1.22209293887E+00 5.02441324508E+00 1.35671413020E+00 2.65061041028E+00 1.64776540954E+00 5.99962594124E+00 1.08939237601E+00 
9.30000000000E+01 9.35000000000E+01 9.40000000000E+01 1.93918617028E+00 1.01360433830E+00 -1.44213867887E-01 1.19988487436E+00 2.22749568513E+00 7.95486747111E-01 1.49042848518E+00 1.02663720857E+00 1.70041040565E+00 1.07115814261E+00 -2.26487031380E+00 1.44151257715E+00 2.45337306838E+00 9.53871931632E-01 
9.40000000000E+01 9.45000000000E+01 9.50000000000E+01 3.04296619035E-02 1.06905108981E+00 -5.30031617510E+00 1.49180539000E+00 2.04113754007E+00 8.92666459141E-01 2.01734504721E+00 1.12318669150E+00 -1.06913106048E+00 1.31216669004E+00 -4.69555867187E+00 1.54764243425E+00 1.14256791853E+00 1.07726394978E+00 
9.50000000000E+01 9.55000000000E+01 9.60000000000E+01 2.35878610142E+00 8.60493858221E-01 3.55918631280E-01 1.04321048487E+00 3.50845036147E+00 7.39369701141E-01 2.96217021383E+00 1.04971415427E+00 1.11523799775E+00 1.02902231396E+00 9.28236436389E-01 1.27522400740E+00 4.31060048518E+00 9.00739218726E-01 
9.60000000000E+01 9.65000000000E+01 9.70000000000E+01 -8.16142846440E-01 1.13008553680E+00 -3.20065904766E+00 1.49904634282E+00 2.81133598546E-01 8.83318863702E-01 1.72957750429E+00 1.63527879423E+00 -1.98161256597E+00 1.12646147023E+00 1.31411150035E+00 2.22680334990E+00 1.73983979375E-01 9.33619879026E-01 
9.70000000000E+01 9.75000000000E+01 9.80000000000E+01 5.10392554526E+00 1.11441864082E+00 3.15287051446E+00 1.37830836889E+00 4.11589184731E+00 9.13924577694E-01 3.81889890260E+00 9.82713905268E-01 5.25709502410E+00 1.24089558142E+00 2.95842874904E+00 1.24819115099E+00 4.58509565313E+00 1.02565104755E+00 
9.80000000000E+01 9.85000000000E+01 9.90000000000E+01 9.41756792238E-01 8.77009399695E-01 -8.87691250303E-01 1.12086545449E+00 3.43065361762E+00 7.57368391886E-01 4.30011190871E+00 1.00025462214E+00 1.37904598636E+00 1.03165293101E+00 2.23499485931E+00 1.30039083993E+00 1.17425335602E+00 7.69868466784E-01 
9.90000000000E+01 9.95000000000E+01 1.00000000000E+02 -1.42500318024E+00 8.21756475163E-01 -2.96085120442E+00 1.06041111456E+00 -2.31984457504E-01 6.44239281595E-01 -5.34250317545E-01 8.70338272445E-01 -2.64239917366E+00 1.02196149715E+00 -3.10723350475E+00 1.13502743221E+00 1.90682833018E-02 7.62639223136E-01 
#nx: 3
