#labels: ptz__-1p0__-0p75_lower[1] ptz__-1p0__-0p75_center[2] ptz__-1p0__-0p75_upper[3] tot_scale01[4] tot_scale01_Err[5] tot_scale02[6] tot_scale02_Err[7] tot_scale03[8] tot_scale03_Err[9] tot_scale04[10] tot_scale04_Err[11] tot_scale05[12] tot_scale05_Err[13] tot_scale06[14] tot_scale06_Err[15] tot_scale07[16] tot_scale07_Err[17]
#neval: 155654659868
#overflow:lower center upper 1.43674689445E+03 3.68002744512E+00 1.43036823697E+03 4.90885508363E+00 1.41577066534E+03 3.02761866800E+00 1.44298477531E+03 3.54289804172E+00 1.44301968387E+03 3.78919757897E+00 1.43872208728E+03 4.56212021811E+00 1.42122705688E+03 3.18782708947E+00 
0.00000000000E+00 5.00000000000E-01 1.00000000000E+00 0.00000000000E+00 0.00000000000E+00 0.00000000000E+00 0.00000000000E+00 0.00000000000E+00 0.00000000000E+00 0.00000000000E+00 0.00000000000E+00 0.00000000000E+00 0.00000000000E+00 0.00000000000E+00 0.00000000000E+00 0.00000000000E+00 0.00000000000E+00 
1.00000000000E+00 1.50000000000E+00 2.00000000000E+00 -9.03129193886E+03 3.19647975408E+02 -1.34000798040E+04 4.13422027785E+02 -4.40989979504E+03 2.51866811321E+02 -6.65636652262E+03 2.77748345088E+02 -1.09144675310E+04 3.85935789245E+02 -1.07238949683E+04 3.61449168626E+02 -6.28474706821E+03 2.96127767358E+02 
2.00000000000E+00 2.50000000000E+00 3.00000000000E+00 2.53427140169E+03 1.67930862744E+02 1.72504329920E+02 2.19100241050E+02 4.42492161039E+03 1.33329966353E+02 3.40790513037E+03 1.40492909525E+02 1.79448134801E+03 1.93012075518E+02 1.36676572554E+03 1.84089204120E+02 4.07393114140E+03 1.53661000820E+02 
3.00000000000E+00 3.50000000000E+00 4.00000000000E+00 4.33520876752E+03 1.15189793727E+02 2.89767086866E+03 1.49524237541E+02 5.42109270032E+03 9.28682574053E+01 4.68775024983E+03 9.53736059500E+01 4.04259216671E+03 1.36622737896E+02 3.51333160737E+03 1.23633927680E+02 5.23914916053E+03 1.09506948862E+02 
4.00000000000E+00 4.50000000000E+00 5.00000000000E+00 4.35397824969E+03 1.51581539007E+02 3.67955796241E+03 2.08503077950E+02 4.96443379975E+03 1.16415422619E+02 4.53037340667E+03 1.44868939238E+02 4.26000648799E+03 1.63134550893E+02 3.68510214263E+03 1.96976408638E+02 5.03601586431E+03 1.25178353318E+02 
5.00000000000E+00 5.50000000000E+00 6.00000000000E+00 4.66371803964E+03 6.71708144668E+01 4.25195853879E+03 8.57327053761E+01 4.93671141903E+03 5.44051754186E+01 4.67019085881E+03 6.08523912010E+01 4.54992441842E+03 7.86615075962E+01 4.32731689938E+03 7.99519357423E+01 4.96376575160E+03 6.44457571057E+01 
6.00000000000E+00 6.50000000000E+00 7.00000000000E+00 4.05278716237E+03 2.24667848172E+02 3.71690065697E+03 3.11726140698E+02 4.25452930699E+03 1.67874177844E+02 4.00385009498E+03 2.11720982267E+02 3.95094612365E+03 2.35875010153E+02 3.70938949202E+03 2.94060203174E+02 4.23756169055E+03 1.76510977870E+02 
7.00000000000E+00 7.50000000000E+00 8.00000000000E+00 3.66478117285E+03 9.24701201075E+01 3.49285065325E+03 1.26299924795E+02 3.80995689671E+03 7.09922613381E+01 3.56585531313E+03 8.04181340426E+01 3.75334925404E+03 1.05985665175E+02 3.45072560741E+03 1.10311926120E+02 3.90472364805E+03 8.08772544497E+01 
8.00000000000E+00 8.50000000000E+00 9.00000000000E+00 3.20514233860E+03 4.10870828564E+01 2.98704926154E+03 5.18770212350E+01 3.30330512125E+03 3.39256930523E+01 3.14254278639E+03 3.51441311308E+01 3.19224955516E+03 4.98117448094E+01 2.99116445288E+03 4.49648238223E+01 3.37198388636E+03 4.12132321195E+01 
9.00000000000E+00 9.50000000000E+00 1.00000000000E+01 2.93476935730E+03 3.70596898398E+01 2.64328481713E+03 7.95120162226E+01 3.01167508946E+03 3.04862274179E+01 2.80389645692E+03 5.33819798459E+01 3.00619109327E+03 4.39819401488E+01 2.73755513600E+03 7.21590959677E+01 3.09700535497E+03 3.56313534835E+01 
1.00000000000E+01 1.05000000000E+01 1.10000000000E+01 2.71253729614E+03 3.22717381013E+01 2.67813500865E+03 4.15983189740E+01 2.77810218358E+03 2.72470434583E+01 2.72834399882E+03 2.81687597498E+01 2.69923332286E+03 3.84812838238E+01 2.70326764105E+03 3.60598919270E+01 2.76482761454E+03 3.16864780612E+01 
1.10000000000E+01 1.15000000000E+01 1.20000000000E+01 2.47804406031E+03 3.26876807605E+01 2.38600070623E+03 4.16445888005E+01 2.46370756700E+03 2.59095716079E+01 2.39032736149E+03 2.84937584890E+01 2.48842410193E+03 3.73681605274E+01 2.34674935268E+03 3.61510156482E+01 2.47825066145E+03 2.98087053517E+01 
1.20000000000E+01 1.25000000000E+01 1.30000000000E+01 2.45152333375E+03 7.11173145446E+01 2.44836841996E+03 9.90292223536E+01 2.41364011966E+03 5.34190484038E+01 2.35415686771E+03 6.15509817256E+01 2.48257446417E+03 8.13105202047E+01 2.39685180253E+03 8.56482137182E+01 2.44982488642E+03 6.09744761048E+01 
1.30000000000E+01 1.35000000000E+01 1.40000000000E+01 2.10552813923E+03 2.75406169815E+01 2.10922839246E+03 3.60882970326E+01 2.09487314110E+03 2.25259573597E+01 2.07527284004E+03 2.49917760756E+01 2.11050730021E+03 3.18253652703E+01 2.04995650354E+03 3.17113675916E+01 2.11427232895E+03 2.61412996337E+01 
1.40000000000E+01 1.45000000000E+01 1.50000000000E+01 1.94698217786E+03 2.74906788179E+01 1.95705966659E+03 3.47298502402E+01 1.92546956525E+03 2.24402294866E+01 1.88953893317E+03 2.42762009594E+01 1.94870891780E+03 3.21162978171E+01 1.90047618592E+03 3.09095376456E+01 1.93671858162E+03 2.60626739342E+01 
1.50000000000E+01 1.55000000000E+01 1.60000000000E+01 1.75181846918E+03 2.37024043748E+01 1.73917391973E+03 3.02026349282E+01 1.73254546700E+03 1.95437916118E+01 1.69773821997E+03 2.17550174016E+01 1.76510661434E+03 2.74655491528E+01 1.73236013641E+03 2.80429916914E+01 1.76321126267E+03 2.24932612614E+01 
1.60000000000E+01 1.65000000000E+01 1.70000000000E+01 1.61579452714E+03 2.10994360287E+01 1.61963961795E+03 2.71461676732E+01 1.60473488599E+03 1.74388348225E+01 1.58266509848E+03 1.86580197633E+01 1.64724648821E+03 2.46823609463E+01 1.62132604793E+03 2.41618547407E+01 1.62667818364E+03 2.00300799615E+01 
1.70000000000E+01 1.75000000000E+01 1.80000000000E+01 1.49678602232E+03 2.48677363655E+01 1.49707569842E+03 3.21701894235E+01 1.48700188840E+03 1.99906712995E+01 1.47480019730E+03 2.27991713528E+01 1.51839642677E+03 2.78610313506E+01 1.49001730896E+03 2.93528433302E+01 1.50322882296E+03 2.23867942110E+01 
1.80000000000E+01 1.85000000000E+01 1.90000000000E+01 1.35287884187E+03 2.34203315269E+01 1.34300934784E+03 3.02792228977E+01 1.33534212490E+03 1.88085352909E+01 1.35359065919E+03 2.09480195501E+01 1.38661850764E+03 2.56961057018E+01 1.36340841243E+03 2.71021112846E+01 1.38242845194E+03 2.09610254590E+01 
1.90000000000E+01 1.95000000000E+01 2.00000000000E+01 1.22200754779E+03 1.84819621960E+01 1.21495176843E+03 2.38959249462E+01 1.21021693953E+03 1.49219392232E+01 1.18249277074E+03 1.55687219133E+01 1.22723366293E+03 2.13498245333E+01 1.19992061256E+03 2.02881028544E+01 1.22123067737E+03 1.71153101970E+01 
2.00000000000E+01 2.05000000000E+01 2.10000000000E+01 1.25229878719E+03 1.60236930030E+01 1.27589378615E+03 2.08748132422E+01 1.22124714301E+03 1.32331905223E+01 1.23970395865E+03 1.42996028011E+01 1.24275091709E+03 1.82378977503E+01 1.27839615745E+03 1.84316034184E+01 1.22670794562E+03 1.50330551043E+01 
2.10000000000E+01 2.15000000000E+01 2.20000000000E+01 1.05780427925E+03 1.80584165695E+01 1.10036817371E+03 2.37745940107E+01 1.05545684269E+03 1.43766512531E+01 1.06275657795E+03 1.63796165814E+01 1.08731343060E+03 2.04504189547E+01 1.08613712517E+03 2.17730058905E+01 1.07160177209E+03 1.61930084352E+01 
2.20000000000E+01 2.25000000000E+01 2.30000000000E+01 1.06604424105E+03 1.52639795435E+01 1.08386670449E+03 1.94971317244E+01 1.03686752570E+03 1.24747176004E+01 9.64368263186E+02 2.78153325978E+01 1.07637963395E+03 1.75732667709E+01 9.79233752283E+02 3.80875110006E+01 1.05659515157E+03 1.43942398139E+01 
2.30000000000E+01 2.35000000000E+01 2.40000000000E+01 1.01220468656E+03 1.60471035733E+01 1.01993613744E+03 2.04874580539E+01 9.76915241269E+02 1.31560097064E+01 9.70586657174E+02 1.46303841938E+01 9.90577339232E+02 1.77558260612E+01 9.99344698311E+02 1.88741470648E+01 9.83287832476E+02 1.45267287643E+01 
2.40000000000E+01 2.45000000000E+01 2.50000000000E+01 8.99227681691E+02 1.40416108210E+01 9.12150632936E+02 1.81400153091E+01 8.76916009594E+02 1.14296189579E+01 8.59306224763E+02 1.27438937091E+01 9.23903258679E+02 1.62056707847E+01 8.70022098332E+02 1.66350596919E+01 8.99379637932E+02 1.31791672352E+01 
2.50000000000E+01 2.55000000000E+01 2.60000000000E+01 8.79864684283E+02 1.26494255118E+01 9.06168602728E+02 1.66103634712E+01 8.40505414758E+02 1.02729341070E+01 8.59548478328E+02 1.12781528190E+01 8.69507750961E+02 1.48229998931E+01 8.87734317217E+02 1.46925413329E+01 8.57900105849E+02 1.22038428418E+01 
2.60000000000E+01 2.65000000000E+01 2.70000000000E+01 7.62899065354E+02 1.19119420998E+01 7.51872168026E+02 1.52090395520E+01 7.64287299929E+02 9.95920170574E+00 7.54139883041E+02 1.12856177044E+01 7.65792337088E+02 1.41016614802E+01 7.57963323300E+02 1.46328115995E+01 7.62165322697E+02 1.18165133901E+01 
2.70000000000E+01 2.75000000000E+01 2.80000000000E+01 7.65245730875E+02 1.14206675630E+01 7.80045163672E+02 1.45253740012E+01 7.42733896683E+02 9.26081781579E+00 7.70151378069E+02 9.88582800405E+00 7.58674602220E+02 1.34069794345E+01 7.84839694300E+02 1.27465463438E+01 7.42937588986E+02 1.08441370025E+01 
2.80000000000E+01 2.85000000000E+01 2.90000000000E+01 7.14676180863E+02 1.03919773691E+01 7.30968592160E+02 1.33110128494E+01 7.03308964520E+02 8.58325358996E+00 7.27690853832E+02 9.15975784299E+00 7.03504653639E+02 1.24035226795E+01 7.54796885279E+02 1.15218440696E+01 7.06697368112E+02 1.02379402856E+01 
2.90000000000E+01 2.95000000000E+01 3.00000000000E+01 6.55998705638E+02 1.07864013238E+01 6.47585478048E+02 1.37909924604E+01 6.45573121741E+02 8.68789147052E+00 6.46281703324E+02 9.79221409943E+00 6.54164661161E+02 1.24226762247E+01 6.46364436381E+02 1.25283073873E+01 6.41170260090E+02 1.00128675735E+01 
3.00000000000E+01 3.05000000000E+01 3.10000000000E+01 6.28739558073E+02 1.04125289176E+01 6.46689094747E+02 1.34727451276E+01 6.19672627871E+02 8.70641950626E+00 6.10087974196E+02 9.32744097472E+00 6.37149404282E+02 1.27667882133E+01 6.19784222697E+02 1.25412700017E+01 6.21504468457E+02 1.05434257240E+01 
3.10000000000E+01 3.15000000000E+01 3.20000000000E+01 6.10995118866E+02 8.80449962526E+00 6.26307349535E+02 1.13065534207E+01 5.89833776335E+02 7.39822630373E+00 5.90479957230E+02 7.67002745246E+00 6.12321016944E+02 1.05659390020E+01 6.04249657238E+02 9.75941971436E+00 5.95590574962E+02 8.59424679613E+00 
3.20000000000E+01 3.25000000000E+01 3.30000000000E+01 5.48929998864E+02 8.78234267625E+00 5.51273451005E+02 1.09884761034E+01 5.34917175480E+02 7.08865750885E+00 5.46332103875E+02 7.59607726446E+00 5.51836280764E+02 1.02980847448E+01 5.53574556541E+02 9.98400602622E+00 5.48846417090E+02 8.45775935456E+00 
3.30000000000E+01 3.35000000000E+01 3.40000000000E+01 5.53755659279E+02 1.48911257108E+01 5.66988705538E+02 2.02160024107E+01 5.32679682765E+02 1.14684174773E+01 5.36452917487E+02 1.38661861015E+01 5.50933315102E+02 1.60910216672E+01 5.63303136255E+02 1.90826443678E+01 5.37676720961E+02 1.24464168430E+01 
3.40000000000E+01 3.45000000000E+01 3.50000000000E+01 4.83987906611E+02 1.19417891904E+01 4.79861273311E+02 1.60618052965E+01 4.80731387153E+02 9.30737162971E+00 4.90308558235E+02 1.12132263680E+01 4.99824300917E+02 1.32332254394E+01 4.90581107635E+02 1.49826977242E+01 4.91242986074E+02 1.02081611810E+01 
3.50000000000E+01 3.55000000000E+01 3.60000000000E+01 4.84087211649E+02 7.88390577851E+00 4.82831916651E+02 1.01211892462E+01 4.71460326458E+02 6.51697255117E+00 4.74453421183E+02 7.05191532043E+00 4.95423397757E+02 9.24569879672E+00 4.89144389792E+02 9.33812952077E+00 4.78597201833E+02 7.56200733726E+00 
3.60000000000E+01 3.65000000000E+01 3.70000000000E+01 4.44187872157E+02 7.43925034472E+00 4.47704058832E+02 9.33791008880E+00 4.42267090619E+02 6.24249351976E+00 4.43852137206E+02 6.74395551329E+00 4.55894407224E+02 8.69822349049E+00 4.55162528734E+02 8.49867666663E+00 4.45038094009E+02 7.19347209207E+00 
3.70000000000E+01 3.75000000000E+01 3.80000000000E+01 4.37415060684E+02 7.18466887707E+00 4.51806310883E+02 9.32036905982E+00 4.33621407118E+02 5.84957213650E+00 4.44290351560E+02 6.74868306022E+00 4.47276425027E+02 8.29490223665E+00 4.67325544102E+02 8.72553515966E+00 4.36318048162E+02 6.79354970192E+00 
3.80000000000E+01 3.85000000000E+01 3.90000000000E+01 4.19262110086E+02 7.09628501271E+00 4.22276707687E+02 8.99404203533E+00 4.01966676135E+02 5.73196292235E+00 4.00945085566E+02 6.85007642231E+00 4.27814496864E+02 7.75908860767E+00 4.16692582447E+02 9.02239557112E+00 4.16012121139E+02 6.39545450568E+00 
3.90000000000E+01 3.95000000000E+01 4.00000000000E+01 3.93609798853E+02 6.90302662053E+00 4.01660529973E+02 8.72684569029E+00 3.80934739029E+02 5.63783683157E+00 3.91374381125E+02 6.92796815602E+00 4.03086145377E+02 7.60903337316E+00 4.09589362850E+02 9.01745721557E+00 3.92718445193E+02 6.26719693925E+00 
4.00000000000E+01 4.05000000000E+01 4.10000000000E+01 3.55969301805E+02 6.86261923747E+00 3.58250195510E+02 9.04215919635E+00 3.45108216010E+02 5.49552980120E+00 3.49183094442E+02 6.53099241735E+00 3.57409667367E+02 7.75564342995E+00 3.41504514611E+02 8.35566110058E+00 3.49716955103E+02 6.25023328239E+00 
4.10000000000E+01 4.15000000000E+01 4.20000000000E+01 3.52208781726E+02 7.72816251975E+00 3.62998205429E+02 1.02254590200E+01 3.42205934010E+02 6.28759925411E+00 3.43575954278E+02 7.09449289371E+00 3.60112362078E+02 8.18345742090E+00 3.47903511163E+02 9.29269849750E+00 3.54818633255E+02 6.78222735068E+00 
4.20000000000E+01 4.25000000000E+01 4.30000000000E+01 3.33662425876E+02 6.01412824830E+00 3.43897449774E+02 7.68427093454E+00 3.26701759433E+02 5.08255415921E+00 3.20459775747E+02 5.69590452681E+00 3.42500783554E+02 7.06221847450E+00 3.27732598526E+02 7.33885549321E+00 3.32370447045E+02 5.81613902553E+00 
4.30000000000E+01 4.35000000000E+01 4.40000000000E+01 3.31294501379E+02 6.41107424681E+00 3.34324781499E+02 8.30017244900E+00 3.20310660386E+02 5.27054738099E+00 3.23047400195E+02 6.46509540435E+00 3.31393022658E+02 7.66758374314E+00 3.26830905904E+02 7.96745456080E+00 3.25830887550E+02 5.93345607691E+00 
4.40000000000E+01 4.45000000000E+01 4.50000000000E+01 3.00829801588E+02 6.72157256823E+00 3.03347578323E+02 8.98887191431E+00 2.98858688087E+02 5.46311316240E+00 3.15402981577E+02 7.34088394664E+00 3.06711251651E+02 7.34572953207E+00 3.17612244271E+02 9.73168330899E+00 3.06386762641E+02 5.88871400249E+00 
4.50000000000E+01 4.55000000000E+01 4.60000000000E+01 3.11396116667E+02 5.14163906591E+00 3.20437288663E+02 6.59382314105E+00 3.01812904924E+02 4.26249394275E+00 3.02486224026E+02 4.82214479189E+00 3.10876940470E+02 5.88264311929E+00 3.19073820200E+02 6.32235728186E+00 2.99774639983E+02 4.90441173664E+00 
4.60000000000E+01 4.65000000000E+01 4.70000000000E+01 2.93732627691E+02 9.44618746834E+00 3.08400327602E+02 1.28696235576E+01 2.91137029741E+02 7.31704700496E+00 2.85760245120E+02 8.70327591675E+00 2.89390366113E+02 1.00656105489E+01 3.04488025547E+02 1.19431106406E+01 2.87326241570E+02 7.81919230865E+00 
4.70000000000E+01 4.75000000000E+01 4.80000000000E+01 2.65926417644E+02 5.59993747316E+00 2.71887736024E+02 7.36372622001E+00 2.60202117202E+02 4.71339944715E+00 2.63946626436E+02 5.61394334966E+00 2.72972935535E+02 6.35208088092E+00 2.62143702406E+02 6.94740206983E+00 2.66982570763E+02 5.15325693533E+00 
4.80000000000E+01 4.85000000000E+01 4.90000000000E+01 2.49939553932E+02 5.40027810921E+00 2.47358064663E+02 7.07315451085E+00 2.47429582110E+02 4.41806718425E+00 2.58109028192E+02 5.28154356473E+00 2.49958005386E+02 6.11022392061E+00 2.63217041556E+02 7.05483948739E+00 2.46966702498E+02 4.90353789334E+00 
4.90000000000E+01 4.95000000000E+01 5.00000000000E+01 2.50518174649E+02 5.20085789675E+00 2.48742955509E+02 6.90196902064E+00 2.40452884898E+02 4.25306312352E+00 2.47322434930E+02 4.92749300949E+00 2.55858884094E+02 5.73005130696E+00 2.52684741667E+02 6.45004581739E+00 2.47931343086E+02 4.61779517032E+00 
5.00000000000E+01 5.05000000000E+01 5.10000000000E+01 2.40524568593E+02 6.28963146956E+00 2.45441002285E+02 8.39095178849E+00 2.27848872649E+02 4.92545001349E+00 2.39660806091E+02 1.07384159731E+01 2.38063324670E+02 6.39181792678E+00 2.50363806387E+02 1.49989177349E+01 2.29519296609E+02 4.97565355707E+00 
5.10000000000E+01 5.15000000000E+01 5.20000000000E+01 2.24953326990E+02 6.09057986313E+00 2.24036022117E+02 8.13761091792E+00 2.20672059340E+02 4.77794232777E+00 2.17434594482E+02 1.07634128766E+01 2.33285516578E+02 6.06157074892E+00 2.18416679126E+02 1.49463297312E+01 2.27591286278E+02 4.88541698196E+00 
5.20000000000E+01 5.25000000000E+01 5.30000000000E+01 2.15990526373E+02 5.23100308940E+00 2.10760662441E+02 6.55287480540E+00 2.09515126300E+02 4.27970367484E+00 2.11815320954E+02 5.02516084538E+00 2.28257587264E+02 5.55336226453E+00 2.14639570571E+02 6.33449048928E+00 2.25235007708E+02 4.72599692091E+00 
5.30000000000E+01 5.35000000000E+01 5.40000000000E+01 2.09429304401E+02 4.13983442225E+00 2.13995925145E+02 5.24876596620E+00 2.02998757806E+02 3.41003976020E+00 2.07718240655E+02 3.88765225959E+00 2.13446124297E+02 4.79008082122E+00 2.13585594936E+02 5.01996211342E+00 2.06634043873E+02 3.98039234823E+00 
5.40000000000E+01 5.45000000000E+01 5.50000000000E+01 1.84527887677E+02 4.49386023923E+00 1.84162283736E+02 5.64419725027E+00 1.82622861375E+02 3.77268701786E+00 1.90394236820E+02 4.16766970940E+00 1.79166756783E+02 5.18423388278E+00 1.92372793295E+02 5.15055862337E+00 1.79249513564E+02 4.31240444898E+00 
5.50000000000E+01 5.55000000000E+01 5.60000000000E+01 1.92891787958E+02 4.60692175633E+00 1.93514359323E+02 5.73914199200E+00 1.89821647876E+02 3.79390949596E+00 1.89246943222E+02 4.40873056509E+00 1.91765224607E+02 5.11908777853E+00 1.94233280142E+02 5.59987397011E+00 1.90353378621E+02 4.29781516897E+00 
5.60000000000E+01 5.65000000000E+01 5.70000000000E+01 1.75457776419E+02 4.34516283211E+00 1.77022602789E+02 5.52293819126E+00 1.71093306021E+02 3.57967092741E+00 1.81156418238E+02 3.91150377116E+00 1.71806978525E+02 5.60297429319E+00 1.89469847979E+02 4.98501061890E+00 1.68940469149E+02 4.48528947658E+00 
5.70000000000E+01 5.75000000000E+01 5.80000000000E+01 1.76878183171E+02 4.00355229475E+00 1.81750297496E+02 5.17836745909E+00 1.73733194060E+02 3.39602967640E+00 1.75205624600E+02 3.62251301838E+00 1.77564671572E+02 5.51646336365E+00 1.81547968174E+02 4.89672143992E+00 1.75103920053E+02 4.44595936455E+00 
5.80000000000E+01 5.85000000000E+01 5.90000000000E+01 1.72958084263E+02 4.34591266839E+00 1.77870276079E+02 5.62922131388E+00 1.70108021510E+02 3.57896007730E+00 1.63040426508E+02 4.07218682297E+00 1.70536770720E+02 4.69417345973E+00 1.79725028444E+02 5.35791450244E+00 1.67657035421E+02 3.87300340918E+00 
5.90000000000E+01 5.95000000000E+01 6.00000000000E+01 1.45692230744E+02 3.40341004040E+00 1.50237710912E+02 4.47328750520E+00 1.43195583407E+02 2.80423791537E+00 1.48045652051E+02 3.29080201551E+00 1.47801657569E+02 3.90607854608E+00 1.44910009843E+02 4.29636102237E+00 1.43612160646E+02 3.11646825286E+00 
6.00000000000E+01 6.05000000000E+01 6.10000000000E+01 1.55305239049E+02 3.20458928236E+00 1.59683415053E+02 3.98392842704E+00 1.49652501134E+02 2.65717416720E+00 1.55443894529E+02 3.02559601145E+00 1.55353890555E+02 3.68984267830E+00 1.64069188835E+02 3.86197855510E+00 1.48635437270E+02 3.05836877146E+00 
6.10000000000E+01 6.15000000000E+01 6.20000000000E+01 1.46042895810E+02 2.76055566689E+00 1.48458221941E+02 3.45206088926E+00 1.42053613620E+02 2.32497766109E+00 1.43933362345E+02 2.76901800987E+00 1.56991624883E+02 3.28823609961E+00 1.47129806673E+02 3.53748079015E+00 1.52050882010E+02 2.73342214279E+00 
6.20000000000E+01 6.25000000000E+01 6.30000000000E+01 1.48460132100E+02 3.32734569897E+00 1.51048410011E+02 4.25687010935E+00 1.41278118798E+02 2.67356486135E+00 1.44650605507E+02 3.35617365730E+00 1.48279926646E+02 3.58306322522E+00 1.46768420479E+02 4.50660977049E+00 1.42248610259E+02 2.90352508542E+00 
6.30000000000E+01 6.35000000000E+01 6.40000000000E+01 1.25167784250E+02 3.22623440988E+00 1.23438717874E+02 4.26125454393E+00 1.23120855012E+02 2.66819534734E+00 1.27040243773E+02 3.31402198634E+00 1.24986477819E+02 3.41936581827E+00 1.32334145502E+02 3.95580883373E+00 1.23851483270E+02 2.81032972204E+00 
6.40000000000E+01 6.45000000000E+01 6.50000000000E+01 1.35201750061E+02 3.19570160661E+00 1.30241418752E+02 4.01426148395E+00 1.30681589355E+02 2.60396785286E+00 1.28876900950E+02 3.20023890411E+00 1.38259925983E+02 3.55975924680E+00 1.23988280149E+02 4.04696884494E+00 1.32790912481E+02 2.94934221262E+00 
6.50000000000E+01 6.55000000000E+01 6.60000000000E+01 1.30368016994E+02 2.60913037275E+00 1.40180120322E+02 3.43259797173E+00 1.27223558231E+02 2.21927292504E+00 1.33463912980E+02 2.76866593758E+00 1.35354200525E+02 2.87527592205E+00 1.38164035717E+02 3.54578240166E+00 1.31154580065E+02 2.44676629718E+00 
6.60000000000E+01 6.65000000000E+01 6.70000000000E+01 1.17346459994E+02 2.52176982126E+00 1.19249806156E+02 3.25391952827E+00 1.18853168207E+02 2.07124704796E+00 1.19173535657E+02 2.28161742515E+00 1.22365173932E+02 3.41851059928E+00 1.21926947631E+02 2.90862300270E+00 1.16826968031E+02 2.71208411688E+00 
6.70000000000E+01 6.75000000000E+01 6.80000000000E+01 1.08112753705E+02 2.63712367129E+00 1.04781999898E+02 3.23446956137E+00 1.08890391940E+02 2.26384836299E+00 1.00625341359E+02 2.23616387539E+00 1.11523758229E+02 3.33877868541E+00 1.03860130151E+02 2.90490308519E+00 1.07036119392E+02 2.70557350247E+00 
6.80000000000E+01 6.85000000000E+01 6.90000000000E+01 1.15973904793E+02 2.62966913358E+00 1.16484974370E+02 3.20637022700E+00 1.12841988398E+02 2.20727084120E+00 1.08667336564E+02 2.48072087979E+00 1.19576535804E+02 2.99921336318E+00 1.10877751336E+02 3.09076151917E+00 1.09731772432E+02 2.48068825727E+00 
6.90000000000E+01 6.95000000000E+01 7.00000000000E+01 1.07513721191E+02 2.37954497060E+00 1.08804509950E+02 3.01137628353E+00 1.01282658719E+02 1.99271236287E+00 1.05761974036E+02 2.21063349663E+00 1.08144669001E+02 2.70295360146E+00 1.07958242245E+02 2.75433588850E+00 1.06385831774E+02 2.21666663812E+00 
7.00000000000E+01 7.05000000000E+01 7.10000000000E+01 1.10011837924E+02 2.30532611147E+00 1.10846474324E+02 2.69641742223E+00 1.05911448095E+02 1.91129456527E+00 1.05566768595E+02 2.20731078695E+00 1.11309727422E+02 2.37038155544E+00 1.15481148951E+02 2.72220548891E+00 1.09114451375E+02 2.06190161412E+00 
7.10000000000E+01 7.15000000000E+01 7.20000000000E+01 9.90492921952E+01 2.07237387562E+00 1.02397232190E+02 2.67014659148E+00 9.65318722045E+01 1.68477029109E+00 1.01784012583E+02 2.03552956469E+00 1.02135325617E+02 2.36921110886E+00 1.05570537141E+02 2.57141454837E+00 9.82717205851E+01 1.90631823854E+00 
7.20000000000E+01 7.25000000000E+01 7.30000000000E+01 9.68922641388E+01 1.97458923238E+00 9.43427501195E+01 2.35552864093E+00 9.09776104297E+01 1.62222607348E+00 9.57841166401E+01 1.93769781838E+00 9.64907559094E+01 2.18609266439E+00 1.02039489226E+02 2.53488291520E+00 9.43860077711E+01 1.86852721065E+00 
7.30000000000E+01 7.35000000000E+01 7.40000000000E+01 9.34401939689E+01 2.27866549691E+00 9.04426740903E+01 2.73916232629E+00 9.16848764052E+01 1.92816748603E+00 8.96581082695E+01 2.21284144784E+00 1.00807390105E+02 2.57186082843E+00 8.92465997759E+01 2.73237328270E+00 9.94033813888E+01 2.13313110190E+00 
7.40000000000E+01 7.45000000000E+01 7.50000000000E+01 8.82580196073E+01 2.02095970945E+00 9.44447037813E+01 2.57482033095E+00 8.75902412420E+01 1.72361686021E+00 9.07651230144E+01 2.24198542270E+00 8.75500357413E+01 2.31690551649E+00 9.56972576440E+01 2.83383989507E+00 8.33034197938E+01 1.88755452317E+00 
7.50000000000E+01 7.55000000000E+01 7.60000000000E+01 8.85111962745E+01 2.44502487984E+00 8.21550196546E+01 3.02920311054E+00 8.30265312674E+01 1.95654207502E+00 8.04709576009E+01 2.39983048972E+00 9.06843403371E+01 2.71978509293E+00 8.14482012827E+01 3.12798235700E+00 8.38621090708E+01 2.16575154231E+00 
7.60000000000E+01 7.65000000000E+01 7.70000000000E+01 8.39282364240E+01 2.04675888677E+00 8.42989538039E+01 2.60339172022E+00 7.99755674621E+01 1.66238447214E+00 8.09537016256E+01 2.14243010487E+00 8.89449065920E+01 2.51121304534E+00 8.57681426266E+01 2.85389524214E+00 8.57156535960E+01 2.04617163817E+00 
7.70000000000E+01 7.75000000000E+01 7.80000000000E+01 7.82222009613E+01 2.04489035098E+00 7.29205314485E+01 2.26139380013E+00 7.69882089573E+01 1.70416464274E+00 7.76784762915E+01 1.99022540630E+00 7.88213322035E+01 2.29209016508E+00 7.31443076948E+01 2.42874605859E+00 7.50343857729E+01 1.90256540045E+00 
7.80000000000E+01 7.85000000000E+01 7.90000000000E+01 8.25912942188E+01 1.82362599798E+00 8.51136103658E+01 2.26032790781E+00 7.86219917433E+01 1.48563507458E+00 7.48742982931E+01 1.79958844862E+00 7.82352845288E+01 1.96702825526E+00 7.16764040418E+01 2.29578922356E+00 7.89839207969E+01 1.68145732753E+00 
7.90000000000E+01 7.95000000000E+01 8.00000000000E+01 7.25260967535E+01 1.81059199412E+00 7.80009878866E+01 2.36267746033E+00 7.19200258485E+01 1.51209491122E+00 7.44811438837E+01 1.87483388432E+00 7.35669688420E+01 1.94861026637E+00 8.02244235068E+01 2.18905906904E+00 7.17271843116E+01 1.60532453317E+00 
8.00000000000E+01 8.05000000000E+01 8.10000000000E+01 7.32238482740E+01 2.14018832646E+00 7.48401437543E+01 2.82344281489E+00 7.30810025957E+01 1.78270414836E+00 7.38223186338E+01 2.06527002734E+00 7.72757059291E+01 2.33375451724E+00 7.43365472073E+01 2.65427691452E+00 7.59031905395E+01 1.92504653358E+00 
8.10000000000E+01 8.15000000000E+01 8.20000000000E+01 7.60481225614E+01 1.98734506277E+00 7.58713222689E+01 2.57308402353E+00 7.01860172265E+01 1.62881094811E+00 7.26425465127E+01 1.97914064879E+00 7.10964511558E+01 2.08295366299E+00 7.73506381022E+01 2.63640963977E+00 7.47789070601E+01 1.78159367346E+00 
8.20000000000E+01 8.25000000000E+01 8.30000000000E+01 6.97168329991E+01 1.88691783281E+00 6.94777985810E+01 2.30381931645E+00 6.84044872299E+01 1.69359644773E+00 6.79780047195E+01 1.95067223337E+00 6.72056410108E+01 1.94401732672E+00 7.02473361835E+01 2.02702583982E+00 6.61206412634E+01 1.93514555055E+00 
8.30000000000E+01 8.35000000000E+01 8.40000000000E+01 6.85093216832E+01 1.49941278390E+00 7.48044141451E+01 1.98905747021E+00 6.73570549691E+01 1.29944689636E+00 6.89155650928E+01 1.55245538202E+00 6.66478066150E+01 1.81148039542E+00 7.07913417159E+01 1.94296768439E+00 6.53274427241E+01 1.49129554105E+00 
8.40000000000E+01 8.45000000000E+01 8.50000000000E+01 6.62440489133E+01 1.74855196574E+00 7.15171919158E+01 2.25612121806E+00 6.43395140143E+01 1.42423999734E+00 6.42656623545E+01 1.81939950547E+00 6.64102811055E+01 1.90886873574E+00 6.72348760657E+01 2.40211845409E+00 6.48582054313E+01 1.52930339141E+00 
8.50000000000E+01 8.55000000000E+01 8.60000000000E+01 5.88589154533E+01 2.65293233896E+00 5.96237175333E+01 3.33752959712E+00 5.84876800199E+01 2.19049396783E+00 5.77005300955E+01 2.46282406837E+00 5.95078922722E+01 2.83773504343E+00 5.68187498929E+01 3.07069680818E+00 5.81099964438E+01 2.37621238305E+00 
8.60000000000E+01 8.65000000000E+01 8.70000000000E+01 6.51776319340E+01 2.53164368034E+00 6.45101693461E+01 3.19387187273E+00 6.25395711255E+01 2.09454645985E+00 6.36859190011E+01 2.32286564657E+00 6.60994575129E+01 2.67193424453E+00 6.53145012265E+01 2.90574637355E+00 6.50098955774E+01 2.21953666546E+00 
8.70000000000E+01 8.75000000000E+01 8.80000000000E+01 5.90531915195E+01 1.39836662472E+00 6.17303281448E+01 1.83664681294E+00 5.50677073653E+01 1.10508887508E+00 5.71187575473E+01 1.39216315326E+00 5.72770003241E+01 1.51686636519E+00 5.99587583123E+01 1.76090853100E+00 5.47995808964E+01 1.22653276753E+00 
8.80000000000E+01 8.85000000000E+01 8.90000000000E+01 5.79713749786E+01 1.35632581436E+00 5.87613681946E+01 1.69829175247E+00 5.53608623148E+01 1.13984487039E+00 5.82364068452E+01 1.36024685375E+00 5.81746206565E+01 1.46364887111E+00 6.03029332445E+01 1.76743348651E+00 5.60116770308E+01 1.23442771960E+00 
8.90000000000E+01 8.95000000000E+01 9.00000000000E+01 5.35963358890E+01 1.35205098995E+00 5.22164119632E+01 1.68897436025E+00 5.28828566009E+01 1.15230776721E+00 5.32120764101E+01 1.43770999861E+00 5.24157260157E+01 1.39453426630E+00 5.02531806212E+01 1.77979531118E+00 5.30413263891E+01 1.24504375511E+00 
9.00000000000E+01 9.05000000000E+01 9.10000000000E+01 5.11127258119E+01 1.53898759052E+00 5.23223946738E+01 1.98406751964E+00 4.93537023231E+01 1.24719013261E+00 5.20431194244E+01 1.57415951806E+00 4.99099302660E+01 1.58169974044E+00 5.38006962319E+01 2.05035608067E+00 5.01243071513E+01 1.33274677762E+00 
9.10000000000E+01 9.15000000000E+01 9.20000000000E+01 4.95157702185E+01 1.68197434549E+00 4.90006814104E+01 2.16437900512E+00 5.00270019975E+01 1.37152968589E+00 4.72135827564E+01 1.61517027291E+00 4.90578724682E+01 1.79132800995E+00 4.89270085228E+01 2.15191333746E+00 4.75761864929E+01 1.46644696231E+00 
9.20000000000E+01 9.25000000000E+01 9.30000000000E+01 4.63252267506E+01 2.30633587691E+00 4.90657612935E+01 3.19988604647E+00 4.55444645562E+01 1.78058520322E+00 4.30904538316E+01 3.28502621228E+00 4.86402125865E+01 1.75486354326E+00 4.39649802364E+01 4.56675859209E+00 4.75322847053E+01 1.41390958111E+00 
9.30000000000E+01 9.35000000000E+01 9.40000000000E+01 4.61321753431E+01 3.92822237541E+00 4.63294972435E+01 5.44007321469E+00 4.37844232336E+01 2.94432415267E+00 4.46212626601E+01 4.55697258268E+00 4.67899398066E+01 3.58623881093E+00 4.68696119934E+01 6.32323813135E+00 4.46620626500E+01 2.68951436085E+00 
9.40000000000E+01 9.45000000000E+01 9.50000000000E+01 4.71158638475E+01 3.71867501598E+00 5.05289268931E+01 5.13011935689E+00 4.41183516037E+01 2.80376662893E+00 4.76924587357E+01 3.67430978968E+00 4.92375338607E+01 3.70507949373E+00 5.43186458258E+01 5.12889503296E+00 4.54683834649E+01 2.80177451819E+00 
9.50000000000E+01 9.55000000000E+01 9.60000000000E+01 3.95605426452E+01 1.26094234501E+00 3.87615371466E+01 1.59562512238E+00 3.82572717874E+01 1.02543765641E+00 3.93674684885E+01 1.25209489115E+00 4.02658046909E+01 1.32866608722E+00 3.90325837791E+01 1.57264838916E+00 3.81350050610E+01 1.07787182116E+00 
9.60000000000E+01 9.65000000000E+01 9.70000000000E+01 4.35806395639E+01 1.04425649794E+00 4.55757378930E+01 1.33179893481E+00 4.12059731590E+01 8.71750062121E-01 4.30820479878E+01 1.16953275990E+00 4.24990367917E+01 1.18482034087E+00 4.56157511032E+01 1.49745227331E+00 4.23505193700E+01 1.02366835087E+00 
9.70000000000E+01 9.75000000000E+01 9.80000000000E+01 3.73442415878E+01 1.02837178365E+00 3.73081182304E+01 1.31850643345E+00 3.83574038866E+01 8.73898988473E-01 3.63262678285E+01 1.16463550442E+00 3.79971244299E+01 1.14601626583E+00 3.65189597442E+01 1.52855138713E+00 3.78222503622E+01 9.52944378824E-01 
9.80000000000E+01 9.85000000000E+01 9.90000000000E+01 3.82239361497E+01 9.11233189732E-01 3.83710219867E+01 1.15198411777E+00 3.65194900575E+01 7.53454078293E-01 3.90143785363E+01 1.02351446903E+00 3.82037410407E+01 1.00747833629E+00 3.94434917698E+01 1.19952334034E+00 3.63566604718E+01 8.38866738508E-01 
9.90000000000E+01 9.95000000000E+01 1.00000000000E+02 3.65558235911E+01 1.04911549324E+00 3.75188434697E+01 1.33507442336E+00 3.56859793482E+01 8.71360666666E-01 3.70366643881E+01 1.06144515110E+00 3.78423111186E+01 1.11901344848E+00 4.09313145601E+01 1.34024014989E+00 3.48555028335E+01 9.23572571046E-01 
#nx: 3
