#labels: ptz__2p0__2p25_lower[1] ptz__2p0__2p25_center[2] ptz__2p0__2p25_upper[3] tot_scale01[4] tot_scale01_Err[5] tot_scale02[6] tot_scale02_Err[7] tot_scale03[8] tot_scale03_Err[9] tot_scale04[10] tot_scale04_Err[11] tot_scale05[12] tot_scale05_Err[13] tot_scale06[14] tot_scale06_Err[15] tot_scale07[16] tot_scale07_Err[17]
#neval: 188119641604
#overflow:lower center upper 1.04614007893E+03 3.26183028858E+01 1.03453415562E+03 4.54847134702E+01 1.03374316059E+03 2.42363040368E+01 1.04619859627E+03 3.37168404961E+01 1.05041945351E+03 3.14501601452E+01 1.03079248525E+03 4.70186202466E+01 1.03653722603E+03 2.33688970635E+01 
0.00000000000E+00 5.00000000000E-01 1.00000000000E+00 0.00000000000E+00 0.00000000000E+00 0.00000000000E+00 0.00000000000E+00 0.00000000000E+00 0.00000000000E+00 0.00000000000E+00 0.00000000000E+00 0.00000000000E+00 0.00000000000E+00 0.00000000000E+00 0.00000000000E+00 0.00000000000E+00 0.00000000000E+00 
1.00000000000E+00 1.50000000000E+00 2.00000000000E+00 -5.79897797629E+03 3.04759303298E+02 -9.38465868398E+03 4.00378030183E+02 -1.89370018764E+03 2.43376193343E+02 -3.78072696145E+03 2.67107621295E+02 -7.60798095432E+03 3.69973064143E+02 -7.62306773128E+03 3.46333403466E+02 -3.39049369297E+03 2.92830337093E+02 
2.00000000000E+00 2.50000000000E+00 3.00000000000E+00 3.33229419025E+03 1.54088543338E+02 1.48519279978E+03 2.01281773276E+02 4.84852801934E+03 1.24882592637E+02 3.53263878064E+03 1.32212721294E+02 2.75284593897E+03 1.88023892873E+02 1.90845742494E+03 1.70492596283E+02 4.53871261301E+03 1.50935662937E+02 
3.00000000000E+00 3.50000000000E+00 4.00000000000E+00 4.46176560679E+03 1.06373197478E+02 3.39235905642E+03 1.36139578013E+02 5.30590547788E+03 8.56911575944E+01 4.63981442682E+03 9.10172826432E+01 4.36197612185E+03 1.20833182131E+02 3.73004735552E+03 1.16245064715E+02 5.32503717170E+03 9.67130308696E+01 
4.00000000000E+00 4.50000000000E+00 5.00000000000E+00 4.76488135183E+03 8.09165854992E+01 4.27521994038E+03 1.05947044247E+02 5.10603356712E+03 6.48279541563E+01 4.64684717744E+03 7.13990095435E+01 4.84901730971E+03 9.67791960522E+01 4.32366978249E+03 9.45519880845E+01 5.28370640867E+03 7.84195805332E+01 
5.00000000000E+00 5.50000000000E+00 6.00000000000E+00 3.88883757437E+03 6.00285719610E+01 3.49743019138E+03 7.79009929104E+01 4.18960772363E+03 4.91659431618E+01 3.93813081230E+03 5.29822761727E+01 3.93857096781E+03 7.21772707633E+01 3.56894231356E+03 6.57475200991E+01 4.27884051951E+03 5.81867587155E+01 
6.00000000000E+00 6.50000000000E+00 7.00000000000E+00 3.77267916132E+03 4.96930272591E+01 3.51960021470E+03 6.24668082586E+01 3.86918840197E+03 4.12983921629E+01 3.78107565537E+03 4.33773096614E+01 3.79003126525E+03 5.97725086185E+01 3.55427557733E+03 5.38625520968E+01 3.99523035550E+03 4.93884815658E+01 
7.00000000000E+00 7.50000000000E+00 8.00000000000E+00 3.33173173240E+03 4.57766381344E+01 3.14776084561E+03 6.03507589735E+01 3.42104304761E+03 3.76664344358E+01 3.26955398234E+03 4.20428482053E+01 3.34106264822E+03 5.44264914728E+01 3.16513355404E+03 5.35964738644E+01 3.44361879779E+03 4.43218716699E+01 
8.00000000000E+00 8.50000000000E+00 9.00000000000E+00 2.86653316361E+03 4.04489709774E+01 2.70560512909E+03 5.17311791902E+01 2.91758348365E+03 3.30888628745E+01 2.80148204429E+03 3.64723085282E+01 2.79342531399E+03 4.71478961311E+01 2.72862202701E+03 4.75752125969E+01 2.91987186676E+03 3.81231684302E+01 
9.00000000000E+00 9.50000000000E+00 1.00000000000E+01 2.65351693633E+03 3.40910529378E+01 2.63074170387E+03 4.34046979061E+01 2.66751537217E+03 2.83535125156E+01 2.59200380734E+03 3.10032138727E+01 2.59575770546E+03 4.07760837826E+01 2.57049253511E+03 3.94825547886E+01 2.70689872096E+03 3.39448271397E+01 
1.00000000000E+01 1.05000000000E+01 1.10000000000E+01 2.28499348313E+03 3.35223266459E+01 2.20865500847E+03 4.38473888941E+01 2.31929532879E+03 2.75972552467E+01 2.25525622388E+03 3.14994391090E+01 2.33072360685E+03 3.86057499848E+01 2.22152524634E+03 4.01790059608E+01 2.38048633136E+03 3.11192891582E+01 
1.10000000000E+01 1.15000000000E+01 1.20000000000E+01 2.31306332346E+03 3.06466337200E+01 2.32297931885E+03 3.96809370748E+01 2.28806502795E+03 2.50282950120E+01 2.22709546193E+03 2.77178310249E+01 2.36797648537E+03 3.54744799715E+01 2.26423525247E+03 3.55792441293E+01 2.34617654330E+03 2.89197551684E+01 
1.20000000000E+01 1.25000000000E+01 1.30000000000E+01 1.99031706876E+03 3.65170950270E+01 1.99287378284E+03 4.74936392334E+01 1.98184285352E+03 2.90726299842E+01 1.95001477116E+03 3.31524086284E+01 2.01581932792E+03 3.99690494795E+01 1.96841400723E+03 4.30370087414E+01 2.03029080113E+03 3.21079514839E+01 
1.30000000000E+01 1.35000000000E+01 1.40000000000E+01 1.81434716608E+03 3.59459322375E+01 1.79267708015E+03 4.64465226900E+01 1.78258496333E+03 2.88050155190E+01 1.78535192736E+03 3.32291360447E+01 1.84562337235E+03 3.97674042280E+01 1.80699728478E+03 4.21837385608E+01 1.82488009387E+03 3.20690106325E+01 
1.40000000000E+01 1.45000000000E+01 1.50000000000E+01 1.48993535582E+03 2.89890699819E+01 1.44119734484E+03 3.86338553060E+01 1.50324735443E+03 2.29697920703E+01 1.46833043726E+03 2.75824338046E+01 1.49718986843E+03 3.20341059799E+01 1.42908964302E+03 3.64910551677E+01 1.52904984226E+03 2.54702456171E+01 
1.50000000000E+01 1.55000000000E+01 1.60000000000E+01 1.54466985480E+03 2.65964588975E+01 1.57506333468E+03 3.48672859549E+01 1.53126941272E+03 2.12546189221E+01 1.52040003761E+03 2.58934867560E+01 1.57248082696E+03 2.96371274623E+01 1.54824054057E+03 3.40619622643E+01 1.55941364971E+03 2.36869439070E+01 
1.60000000000E+01 1.65000000000E+01 1.70000000000E+01 1.38756269933E+03 1.89941975987E+01 1.37889972883E+03 2.47549554179E+01 1.36253737245E+03 1.57957161742E+01 1.33402207402E+03 1.81404907921E+01 1.38657055190E+03 2.25891698920E+01 1.34510305477E+03 2.34477778257E+01 1.37691423433E+03 1.83700518112E+01 
1.70000000000E+01 1.75000000000E+01 1.80000000000E+01 1.28446801205E+03 1.84094732786E+01 1.29060987041E+03 2.42138715897E+01 1.25890319839E+03 1.51821712507E+01 1.27156925190E+03 1.63883292370E+01 1.31498702129E+03 2.07178615511E+01 1.29097855425E+03 2.13330416437E+01 1.29815326115E+03 1.68287589267E+01 
1.80000000000E+01 1.85000000000E+01 1.90000000000E+01 1.17854297596E+03 1.63221763146E+01 1.17723538166E+03 2.05831074462E+01 1.16224415921E+03 1.36181866623E+01 1.11679523623E+03 1.57642379154E+01 1.14947160119E+03 1.95545510318E+01 1.11456493850E+03 2.00614166490E+01 1.16234382518E+03 1.57402652701E+01 
1.90000000000E+01 1.95000000000E+01 2.00000000000E+01 1.10522806705E+03 1.60552939210E+01 1.08491874415E+03 2.11214269634E+01 1.07068404145E+03 1.29127198512E+01 1.06836221912E+03 1.58723906855E+01 1.06873448703E+03 1.79622404434E+01 1.08778374989E+03 2.06901746655E+01 1.07259182090E+03 1.46333163610E+01 
2.00000000000E+01 2.05000000000E+01 2.10000000000E+01 1.09925214938E+03 1.52916263242E+01 1.13117753127E+03 1.95416092637E+01 1.06633293562E+03 1.27792341869E+01 1.07503240745E+03 1.51265054149E+01 1.09942558716E+03 1.73655031398E+01 1.08440987269E+03 1.92917329745E+01 1.07850410537E+03 1.43247669301E+01 
2.10000000000E+01 2.15000000000E+01 2.20000000000E+01 9.26437978579E+02 1.62997765027E+01 9.33610389529E+02 2.14932194069E+01 9.16572718145E+02 1.30771064349E+01 9.04970477795E+02 1.64377191300E+01 9.37059696913E+02 1.75780206382E+01 9.10315311661E+02 2.13065211648E+01 9.23171236670E+02 1.40413963925E+01 
2.20000000000E+01 2.25000000000E+01 2.30000000000E+01 8.29907230400E+02 1.46343037830E+01 8.09516281562E+02 1.87776781417E+01 8.23539980594E+02 1.19264370191E+01 8.14752977795E+02 1.35779108015E+01 8.32128358648E+02 1.64907238895E+01 8.26845439077E+02 1.72799461916E+01 8.40314200391E+02 1.34370011062E+01 
2.30000000000E+01 2.35000000000E+01 2.40000000000E+01 8.22534634070E+02 2.29421052731E+01 8.31078753820E+02 3.11617986712E+01 8.17053989333E+02 1.80040524193E+01 8.17948902516E+02 2.37542154033E+01 8.43314242613E+02 2.29196255404E+01 8.34831120275E+02 3.20625001608E+01 8.28763278061E+02 1.78393638460E+01 
2.40000000000E+01 2.45000000000E+01 2.50000000000E+01 7.36982720821E+02 1.17095633103E+01 7.49068988040E+02 1.56348231307E+01 7.25687947536E+02 9.62412653262E+00 7.43685733058E+02 1.12387689665E+01 7.39897955968E+02 1.27702085171E+01 7.64565994136E+02 1.45837131575E+01 7.53634853575E+02 1.06386238166E+01 
2.50000000000E+01 2.55000000000E+01 2.60000000000E+01 8.01581417992E+02 4.15541201962E+01 8.36069025116E+02 5.74503143598E+01 7.59779789321E+02 3.12332022747E+01 7.95218418676E+02 4.37046892878E+01 8.06909922327E+02 3.96566538595E+01 8.39182811783E+02 6.05238493636E+01 7.76335917153E+02 2.98577648322E+01 
2.60000000000E+01 2.65000000000E+01 2.70000000000E+01 7.02307530238E+02 1.09762136893E+01 7.14471142665E+02 1.39485772309E+01 6.83960986315E+02 9.15379161644E+00 6.87282984683E+02 1.02508825845E+01 7.14586963693E+02 1.26190956661E+01 7.00699404176E+02 1.29950224644E+01 6.99208478160E+02 1.04394452407E+01 
2.70000000000E+01 2.75000000000E+01 2.80000000000E+01 6.17012681348E+02 9.91287983189E+00 6.30916634432E+02 1.30408888677E+01 6.04916254094E+02 8.03895426495E+00 6.10306802055E+02 9.37654579409E+00 6.35953817486E+02 1.16078683934E+01 6.29456742626E+02 1.23440610768E+01 6.11281172051E+02 9.59146036938E+00 
2.80000000000E+01 2.85000000000E+01 2.90000000000E+01 5.36067292048E+02 4.65581308096E+01 5.18210728464E+02 6.40334995439E+01 5.41187414758E+02 3.46651896073E+01 5.32847595206E+02 4.89691331527E+01 5.33166737305E+02 4.37609730929E+01 5.12320791904E+02 6.80459938967E+01 5.48999646474E+02 3.29183238503E+01 
2.90000000000E+01 2.95000000000E+01 3.00000000000E+01 5.99982656002E+02 1.07646264353E+01 6.22804482854E+02 1.35932043285E+01 5.76618898627E+02 8.96905547499E+00 5.86084135254E+02 1.05362671843E+01 6.19144969683E+02 1.18235842772E+01 6.09077993401E+02 1.31218711663E+01 5.96029508287E+02 9.78558728941E+00 
3.00000000000E+01 3.05000000000E+01 3.10000000000E+01 5.54897746712E+02 8.24534592468E+00 5.56686114333E+02 1.05830547816E+01 5.36259635475E+02 6.78308240998E+00 5.34685972679E+02 8.13490665503E+00 5.56557477156E+02 9.61789807811E+00 5.45238732751E+02 1.01482508332E+01 5.39337620148E+02 7.73547775773E+00 
3.10000000000E+01 3.15000000000E+01 3.20000000000E+01 5.17531827957E+02 9.52487542192E+00 5.43129961499E+02 1.20795572090E+01 4.89464669486E+02 7.83908176322E+00 5.03409471155E+02 9.08814791903E+00 5.06442690257E+02 1.11419084478E+01 5.17230969755E+02 1.21381892290E+01 4.97051139095E+02 8.76431500503E+00 
3.20000000000E+01 3.25000000000E+01 3.30000000000E+01 4.99630840668E+02 1.33592484551E+01 5.08047228122E+02 1.74060491084E+01 4.83848792835E+02 1.04720307286E+01 4.93460469669E+02 1.25415257105E+01 5.09655028145E+02 1.40088352215E+01 5.20649001982E+02 1.68781690336E+01 4.98790829208E+02 1.09567853637E+01 
3.30000000000E+01 3.35000000000E+01 3.40000000000E+01 4.22781833435E+02 1.23931466648E+01 3.94382822066E+02 1.64089613661E+01 4.02416238229E+02 9.58193286004E+00 4.29316165091E+02 1.24062158360E+01 4.24830223063E+02 1.30935249989E+01 4.16691386717E+02 1.59054523990E+01 4.25149822750E+02 1.01364290536E+01 
3.40000000000E+01 3.45000000000E+01 3.50000000000E+01 4.52216442145E+02 8.33856497634E+00 4.57493362150E+02 1.05956270268E+01 4.36708499133E+02 6.77365380906E+00 4.30821736074E+02 8.03482148505E+00 4.62046508325E+02 8.77262332383E+00 4.51379300953E+02 1.07124682004E+01 4.53189512120E+02 7.37722751230E+00 
3.50000000000E+01 3.55000000000E+01 3.60000000000E+01 3.88516837305E+02 1.27325973903E+01 3.81410232040E+02 1.75221683137E+01 3.78924475042E+02 9.75806162055E+00 3.61739310083E+02 1.84958561290E+01 3.92056668615E+02 9.19576049649E+00 3.67531969908E+02 2.55014392888E+01 3.88904041796E+02 7.23299542867E+00 
3.60000000000E+01 3.65000000000E+01 3.70000000000E+01 3.86017994341E+02 6.66660503173E+00 4.00027291470E+02 7.95587921885E+00 3.76273913777E+02 5.41569307054E+00 3.93022845228E+02 6.21840476286E+00 3.75307824903E+02 7.01246414377E+00 4.00482230181E+02 7.70976707943E+00 3.83377565519E+02 5.98836357546E+00 
3.70000000000E+01 3.75000000000E+01 3.80000000000E+01 3.17503585303E+02 9.16039112673E+00 3.06570167167E+02 1.20655048522E+01 3.19379016886E+02 7.27575825166E+00 3.17999708107E+02 8.80915254764E+00 3.28668419155E+02 1.02955135816E+01 3.14497578181E+02 1.15193459847E+01 3.27077847086E+02 7.97602882443E+00 
3.80000000000E+01 3.85000000000E+01 3.90000000000E+01 3.71092427093E+02 1.27872867553E+01 3.92451869469E+02 1.74916434154E+01 3.59377527722E+02 9.81867803886E+00 3.80296026497E+02 1.83739718492E+01 3.68960130880E+02 9.77480023825E+00 3.99646118176E+02 2.51665292962E+01 3.58802327117E+02 7.79572119598E+00 
3.90000000000E+01 3.95000000000E+01 4.00000000000E+01 3.38918124348E+02 6.91262890802E+00 3.49514720448E+02 9.07922532895E+00 3.27806254185E+02 5.83637698576E+00 3.35668299550E+02 6.67329541932E+00 3.41978156044E+02 7.70769154494E+00 3.53586565018E+02 8.19512084451E+00 3.29328310363E+02 5.87790334564E+00 
4.00000000000E+01 4.05000000000E+01 4.10000000000E+01 3.21721800187E+02 6.05863393359E+00 3.26733555059E+02 8.35308649765E+00 3.06662546692E+02 4.99437363561E+00 3.13144220047E+02 5.56054768314E+00 3.27667153918E+02 7.41155439589E+00 3.29287437429E+02 7.19639317372E+00 3.14050930573E+02 6.04158853749E+00 
4.10000000000E+01 4.15000000000E+01 4.20000000000E+01 2.71747657082E+02 5.70564022267E+00 2.75879195391E+02 7.44728824834E+00 2.70362973829E+02 4.86268676773E+00 2.82253285820E+02 5.66665597505E+00 2.67964220756E+02 6.99782022524E+00 2.82008839417E+02 6.76790849259E+00 2.61684927773E+02 5.33930735868E+00 
4.20000000000E+01 4.25000000000E+01 4.30000000000E+01 2.72979813119E+02 6.20852045039E+00 2.81743020110E+02 7.75838815809E+00 2.63730427826E+02 5.05674324356E+00 2.61093789767E+02 6.23095883219E+00 2.75951952130E+02 6.93916704305E+00 2.66254794996E+02 8.02217023774E+00 2.62988457951E+02 5.59299487939E+00 
4.30000000000E+01 4.35000000000E+01 4.40000000000E+01 2.64122248798E+02 5.57175156335E+00 2.99558281770E+02 7.83646651799E+00 2.70937732147E+02 4.95878744749E+00 2.71518913907E+02 5.64613459826E+00 2.81064857184E+02 6.71956805883E+00 2.98087387245E+02 7.76739939602E+00 2.63124277318E+02 5.18552207507E+00 
4.40000000000E+01 4.45000000000E+01 4.50000000000E+01 2.50089061275E+02 6.55208080868E+00 2.55214571089E+02 7.33392587294E+00 2.45530940700E+02 5.37753664107E+00 2.50945286421E+02 5.49932901548E+00 2.50769356097E+02 6.58047499451E+00 2.54233661504E+02 8.85876185156E+00 2.50125755001E+02 5.85599299857E+00 
4.50000000000E+01 4.55000000000E+01 4.60000000000E+01 2.31810952951E+02 5.14064023123E+00 2.48549123145E+02 7.16965354687E+00 2.28205230450E+02 4.35335332970E+00 2.29140531069E+02 4.94070184495E+00 2.36679870379E+02 5.86242876744E+00 2.38796145061E+02 6.33088369203E+00 2.35418582148E+02 4.80590501582E+00 
4.60000000000E+01 4.65000000000E+01 4.70000000000E+01 2.21792914942E+02 4.51311833688E+00 2.28464786867E+02 5.84989550464E+00 2.21599034595E+02 3.82673965534E+00 2.26263510004E+02 4.49864748088E+00 2.38658539300E+02 5.49837655364E+00 2.32928969479E+02 5.85336601457E+00 2.27903594274E+02 4.43803777716E+00 
4.70000000000E+01 4.75000000000E+01 4.80000000000E+01 2.35393890065E+02 4.71730471429E+00 2.43103622158E+02 6.11509178628E+00 2.21109698649E+02 3.88241965006E+00 2.37631261022E+02 4.68795970243E+00 2.21875076018E+02 5.27982010021E+00 2.46727250850E+02 6.06587109765E+00 2.17135047375E+02 4.20130857851E+00 
4.80000000000E+01 4.85000000000E+01 4.90000000000E+01 2.14531660608E+02 4.45027632166E+00 2.16118910576E+02 5.76492538991E+00 2.03575113300E+02 3.49159104789E+00 2.12802736047E+02 4.51976235568E+00 2.05040344388E+02 4.77904922595E+00 2.22666453701E+02 5.89493367657E+00 2.08530989310E+02 4.09187503199E+00 
4.90000000000E+01 4.95000000000E+01 5.00000000000E+01 1.89859072886E+02 4.26379365387E+00 1.85809670785E+02 5.37345011158E+00 1.89151001482E+02 3.44682606618E+00 2.00577266154E+02 4.25415331609E+00 1.93387314538E+02 4.73645749639E+00 1.98153949349E+02 5.45702098550E+00 1.89170592414E+02 3.64174385473E+00 
5.00000000000E+01 5.05000000000E+01 5.10000000000E+01 1.94840803346E+02 5.68050796725E+00 2.00911218591E+02 7.41606267841E+00 1.92407834546E+02 4.44291627021E+00 1.86976971369E+02 5.67177625805E+00 1.99279609647E+02 6.12754179827E+00 1.83658900620E+02 7.18819565463E+00 1.94879099078E+02 5.06129056079E+00 
5.10000000000E+01 5.15000000000E+01 5.20000000000E+01 1.84939796761E+02 5.35281087923E+00 1.86187940690E+02 6.80706206530E+00 1.76297775491E+02 4.32297528656E+00 1.87862193919E+02 5.18780843356E+00 1.90358041242E+02 5.83131056818E+00 1.84241870377E+02 6.48627567718E+00 1.83079360502E+02 4.73236451036E+00 
5.20000000000E+01 5.25000000000E+01 5.30000000000E+01 1.78592748662E+02 3.80383335233E+00 1.78628088471E+02 4.94430865031E+00 1.73987395073E+02 3.01966849960E+00 1.73219212556E+02 3.96672795804E+00 1.78268442733E+02 3.92777327790E+00 1.76093429852E+02 5.36107143249E+00 1.74905952683E+02 3.15832604426E+00 
5.30000000000E+01 5.35000000000E+01 5.40000000000E+01 1.90180863351E+02 3.77299153729E+00 1.93704776364E+02 4.87359625673E+00 1.79989530404E+02 3.16839590029E+00 1.91033415033E+02 3.90868975771E+00 1.84349590861E+02 4.38674823547E+00 1.97043431691E+02 4.75566069519E+00 1.76049617995E+02 3.52521405996E+00 
5.40000000000E+01 5.45000000000E+01 5.50000000000E+01 1.60284044999E+02 3.43221429600E+00 1.69958023590E+02 4.75748946268E+00 1.61546321523E+02 2.97558875831E+00 1.59499907926E+02 3.40124309127E+00 1.63663226405E+02 3.83642843531E+00 1.62982336855E+02 4.59296790849E+00 1.62081410006E+02 3.15018123209E+00 
5.50000000000E+01 5.55000000000E+01 5.60000000000E+01 1.55968563558E+02 3.02710756423E+00 1.61909910716E+02 4.08870870447E+00 1.51384634252E+02 2.60318874651E+00 1.57895045096E+02 3.14235133838E+00 1.56453641588E+02 3.66097370310E+00 1.62572588866E+02 3.95833692435E+00 1.50314915987E+02 2.92732024031E+00 
5.60000000000E+01 5.65000000000E+01 5.70000000000E+01 1.43668693678E+02 3.13124680520E+00 1.46712797525E+02 4.05124918847E+00 1.40821403472E+02 2.56508482105E+00 1.41177421200E+02 3.22716875561E+00 1.43323190040E+02 3.76673079171E+00 1.46869631270E+02 4.24158604640E+00 1.40347129140E+02 2.93988557537E+00 
5.70000000000E+01 5.75000000000E+01 5.80000000000E+01 1.34801897351E+02 2.88772159995E+00 1.33995925957E+02 3.86581348049E+00 1.32592701954E+02 2.42740363491E+00 1.38117038797E+02 2.76997393333E+00 1.32971982907E+02 3.44674194444E+00 1.40436424035E+02 3.73946787465E+00 1.32917154915E+02 2.79655876799E+00 
5.80000000000E+01 5.85000000000E+01 5.90000000000E+01 1.37892522661E+02 2.88117691594E+00 1.41783767334E+02 3.69189651206E+00 1.33498180722E+02 2.34898869944E+00 1.34339548970E+02 3.09535285675E+00 1.35468891367E+02 3.30033787349E+00 1.35766760655E+02 4.02160599992E+00 1.31573836363E+02 2.69652087326E+00 
5.90000000000E+01 5.95000000000E+01 6.00000000000E+01 1.22227615123E+02 2.94953817891E+00 1.26604272228E+02 4.26889531510E+00 1.20494168565E+02 2.43432922705E+00 1.24980960312E+02 3.07347526878E+00 1.28248007716E+02 3.46921628387E+00 1.22248605287E+02 3.92697568927E+00 1.22329087772E+02 2.63671599626E+00 
6.00000000000E+01 6.05000000000E+01 6.10000000000E+01 1.40282747786E+02 4.18140995618E+00 1.39628351490E+02 5.35213485460E+00 1.30786957453E+02 3.26422658264E+00 1.35562485365E+02 4.66304557413E+00 1.37768812600E+02 4.03581648569E+00 1.37528234834E+02 6.20558853994E+00 1.32843765454E+02 3.09043977780E+00 
6.10000000000E+01 6.15000000000E+01 6.20000000000E+01 1.16509456820E+02 3.73409189483E+00 1.24023157861E+02 5.16219630240E+00 1.18805005580E+02 2.99768800227E+00 1.14112206612E+02 4.42154007600E+00 1.30736097007E+02 3.50429543992E+00 1.12436966860E+02 5.94373835826E+00 1.23691159433E+02 2.79659180265E+00 
6.20000000000E+01 6.25000000000E+01 6.30000000000E+01 1.02716781986E+02 3.14728482783E+00 1.00615140486E+02 4.11697025357E+00 1.06945313771E+02 2.77549099510E+00 1.01980141102E+02 2.94460246099E+00 1.08189296171E+02 3.33952951933E+00 9.90612954108E+01 3.71293883028E+00 1.10822026658E+02 2.79908443548E+00 
6.30000000000E+01 6.35000000000E+01 6.40000000000E+01 1.14180625019E+02 3.15800342366E+00 1.18154603435E+02 4.23953498845E+00 1.11164166483E+02 2.54601919483E+00 1.15450444446E+02 3.38307570910E+00 1.16943411405E+02 3.38394832529E+00 1.20644630614E+02 4.41438946269E+00 1.13544258511E+02 2.91519758600E+00 
6.40000000000E+01 6.45000000000E+01 6.50000000000E+01 9.37394460640E+01 3.39581811530E+00 8.41466434437E+01 4.30421624080E+00 9.01084504174E+01 2.54914535046E+00 9.00200228436E+01 3.35738986016E+00 9.70746656963E+01 3.26049602716E+00 8.45368758834E+01 4.56558048213E+00 9.83114734209E+01 2.72515276807E+00 
6.50000000000E+01 6.55000000000E+01 6.60000000000E+01 1.10281462045E+02 2.62186501471E+00 1.11299798655E+02 2.81035142939E+00 1.03758882590E+02 1.98011064387E+00 1.13033254489E+02 2.79349720726E+00 1.05864937598E+02 2.61045770472E+00 1.11759532552E+02 2.94805362066E+00 1.01464752363E+02 2.15931217001E+00 
6.60000000000E+01 6.65000000000E+01 6.70000000000E+01 1.01984231361E+02 2.56149108987E+00 1.07536450995E+02 3.31543497501E+00 9.82172466835E+01 2.10772863441E+00 9.56110685913E+01 2.59520308463E+00 9.85656544420E+01 2.63686059311E+00 9.66801566514E+01 3.39624269885E+00 9.58812879952E+01 2.13767633418E+00 
6.70000000000E+01 6.75000000000E+01 6.80000000000E+01 9.82987303114E+01 3.35194887201E+00 1.02859868189E+02 4.48977739056E+00 9.59296031177E+01 2.55336807662E+00 1.02767878862E+02 4.72855924408E+00 1.02125811528E+02 3.32464500465E+00 1.07672619765E+02 6.31138831562E+00 9.16137595195E+01 1.99447163605E+00 
6.80000000000E+01 6.85000000000E+01 6.90000000000E+01 8.74253082796E+01 2.27204233611E+00 9.28887217416E+01 3.17270024306E+00 8.53940576887E+01 1.92335183338E+00 9.10874193289E+01 2.31404184599E+00 8.59557294374E+01 2.53224995516E+00 9.33644210441E+01 2.86172891838E+00 8.34792707496E+01 1.95935158134E+00 
6.90000000000E+01 6.95000000000E+01 7.00000000000E+01 9.11760863959E+01 2.81020087401E+00 8.89712419895E+01 3.57956927344E+00 8.41626718438E+01 2.14318477576E+00 8.88272846065E+01 3.57833505430E+00 8.94114711655E+01 2.53587626647E+00 8.98697476414E+01 4.91880811803E+00 8.80754625154E+01 2.08559709051E+00 
7.00000000000E+01 7.05000000000E+01 7.10000000000E+01 8.49982860681E+01 2.02073649142E+00 8.40548959554E+01 2.31909204399E+00 8.22217169687E+01 1.59770755982E+00 8.48751273934E+01 2.10664829184E+00 8.40184297729E+01 2.13633091105E+00 9.19859218075E+01 2.64530514501E+00 8.04479785158E+01 1.73921738147E+00 
7.10000000000E+01 7.15000000000E+01 7.20000000000E+01 7.68326738079E+01 2.16473307488E+00 7.76564504028E+01 2.73721020252E+00 7.90809452861E+01 1.91151424569E+00 7.66834734237E+01 2.11463092877E+00 7.64481674269E+01 2.52919803460E+00 7.74521398066E+01 2.67299393483E+00 7.55564736129E+01 2.08986012430E+00 
7.20000000000E+01 7.25000000000E+01 7.30000000000E+01 7.84954939205E+01 2.09535577445E+00 8.09951379893E+01 2.64374269265E+00 7.68251819662E+01 1.80881092873E+00 8.13563495919E+01 2.02072315538E+00 8.33634730695E+01 2.74034292425E+00 9.14148232840E+01 2.61246074623E+00 7.47844164902E+01 2.20269007024E+00 
7.30000000000E+01 7.35000000000E+01 7.40000000000E+01 7.30492964257E+01 2.00428483607E+00 7.30638546692E+01 2.31220014764E+00 7.35791574094E+01 1.68808765565E+00 7.20296671058E+01 1.97960933106E+00 7.06231496465E+01 1.92179557927E+00 7.29972865929E+01 2.63590915609E+00 7.39637130389E+01 1.76948962165E+00 
7.40000000000E+01 7.45000000000E+01 7.50000000000E+01 7.85971050270E+01 2.16523860530E+00 8.69800207306E+01 2.91939014783E+00 7.44029989882E+01 1.74453267826E+00 8.08648458946E+01 2.29307563849E+00 7.19133936945E+01 1.98988948654E+00 7.86947493118E+01 2.45943049119E+00 7.19899532526E+01 1.65473565835E+00 
7.50000000000E+01 7.55000000000E+01 7.60000000000E+01 6.53910488836E+01 1.81414233192E+00 6.75415318446E+01 2.47970070407E+00 6.37891129059E+01 1.48391049697E+00 6.53235326796E+01 2.11965495402E+00 6.46007827286E+01 1.85616458007E+00 6.78833851903E+01 2.89092144494E+00 6.38189056412E+01 1.57890508478E+00 
7.60000000000E+01 7.65000000000E+01 7.70000000000E+01 6.21766508141E+01 2.08065362252E+00 6.36844729157E+01 2.80042564503E+00 5.95756464003E+01 1.63768638198E+00 5.99543627163E+01 2.79380899396E+00 6.14089223366E+01 1.88240698984E+00 6.75731109365E+01 3.83270558888E+00 6.20953906980E+01 1.53912897808E+00 
7.70000000000E+01 7.75000000000E+01 7.80000000000E+01 7.13848699275E+01 1.69726933799E+00 7.32998634928E+01 2.19309957769E+00 6.68688767722E+01 1.33878650707E+00 7.06270099069E+01 1.76479201016E+00 6.85385894257E+01 1.77181559417E+00 7.30050393002E+01 2.30448400257E+00 6.78578049000E+01 1.46999467374E+00 
7.80000000000E+01 7.85000000000E+01 7.90000000000E+01 6.90227813485E+01 1.89363985677E+00 6.57266481465E+01 2.19414017868E+00 6.19950116580E+01 1.34550402479E+00 6.55093012852E+01 1.94145929896E+00 6.85803316301E+01 1.95099113601E+00 6.08210102745E+01 2.20976427688E+00 6.57074244056E+01 1.51820260897E+00 
7.90000000000E+01 7.95000000000E+01 8.00000000000E+01 6.05494086595E+01 1.52482749190E+00 6.50447690225E+01 2.04326080315E+00 5.94219788955E+01 1.34911102599E+00 6.10365975413E+01 1.68658871327E+00 6.18110909522E+01 1.58591115047E+00 6.18448297200E+01 2.23125808994E+00 6.03552364316E+01 1.33007576398E+00 
8.00000000000E+01 8.05000000000E+01 8.10000000000E+01 6.10881596742E+01 1.69613806707E+00 6.11311428353E+01 2.11816576505E+00 5.81430957540E+01 1.40578335598E+00 6.10451251018E+01 2.22352680415E+00 6.11577544779E+01 1.70275861726E+00 6.49087715786E+01 3.01806410911E+00 5.83177681372E+01 1.38517533523E+00 
8.10000000000E+01 8.15000000000E+01 8.20000000000E+01 5.29163941857E+01 1.63954189480E+00 5.76881177737E+01 3.06187077948E+00 5.19419414471E+01 1.38429945531E+00 5.65932060979E+01 2.88670154010E+00 5.67384413056E+01 1.50496321554E+00 5.97120743049E+01 3.89349552684E+00 5.51754643546E+01 1.33236186575E+00 
8.20000000000E+01 8.25000000000E+01 8.30000000000E+01 5.63811060710E+01 1.66410630932E+00 5.50520841635E+01 1.97871327913E+00 5.29724971898E+01 1.46078719966E+00 5.67166628063E+01 1.76180082786E+00 5.79359050698E+01 1.73564768501E+00 5.93079287958E+01 2.28669829289E+00 6.04915275257E+01 2.00704427779E+00 
8.30000000000E+01 8.35000000000E+01 8.40000000000E+01 5.47154410310E+01 1.44476839277E+00 5.62953098333E+01 1.83500404633E+00 5.66693094966E+01 1.35432417308E+00 5.45694193719E+01 1.50955606366E+00 6.31168217428E+01 1.84518940349E+00 5.76689035104E+01 1.94444369043E+00 5.06014446894E+01 1.22661313934E+00 
8.40000000000E+01 8.45000000000E+01 8.50000000000E+01 4.19346455932E+01 1.37153347440E+00 4.21505950899E+01 1.73668543285E+00 4.14471371015E+01 1.14241581851E+00 4.13777175149E+01 1.36268857820E+00 4.27181203848E+01 1.51861957067E+00 4.21827579660E+01 1.81271753145E+00 4.36098205387E+01 1.19672631341E+00 
8.50000000000E+01 8.55000000000E+01 8.60000000000E+01 4.87753198486E+01 1.21845527767E+00 4.57924964481E+01 1.64736513514E+00 4.71504434672E+01 1.03525937390E+00 4.71809374577E+01 1.35545857676E+00 4.79127601809E+01 1.26688888670E+00 4.83311159030E+01 1.69986198982E+00 4.63259898133E+01 1.11003270324E+00 
8.60000000000E+01 8.65000000000E+01 8.70000000000E+01 4.22800247135E+01 1.28695588189E+00 4.21182585668E+01 1.63032147548E+00 4.25999188524E+01 1.07562779529E+00 4.32173547249E+01 1.25018376436E+00 4.32595334743E+01 1.35538428488E+00 4.30279852456E+01 1.58145933891E+00 4.35856305861E+01 1.19971148434E+00 
8.70000000000E+01 8.75000000000E+01 8.80000000000E+01 4.53270633114E+01 2.54029307380E+00 4.51583981617E+01 3.56763165011E+00 4.69092997188E+01 1.97439109287E+00 4.65261098258E+01 5.23866111705E+00 5.01934238815E+01 1.54736343520E+00 4.41052969215E+01 7.38655548045E+00 4.96526037596E+01 1.20612997264E+00 
8.80000000000E+01 8.85000000000E+01 8.90000000000E+01 3.48506800363E+01 1.06776649474E+01 3.46976336071E+01 1.34237338207E+01 3.46237233263E+01 8.71933544920E+00 3.75934964004E+01 1.17304530352E+01 3.22543105626E+01 1.02313234578E+01 3.81924589393E+01 1.51158085852E+01 3.31394762337E+01 8.42227881706E+00 
8.90000000000E+01 8.95000000000E+01 9.00000000000E+01 5.33479871012E+01 1.04275239831E+01 5.94698919608E+01 1.30307563807E+01 4.97513904532E+01 8.54966009594E+00 5.42803169297E+01 1.05784942330E+01 5.27469278558E+01 1.01924229971E+01 5.84513838504E+01 1.32801886809E+01 4.95413306602E+01 8.40330243937E+00 
9.00000000000E+01 9.05000000000E+01 9.10000000000E+01 4.21900819755E+01 1.03353330445E+00 4.36054467680E+01 1.38073802257E+00 4.33138127515E+01 1.00422370000E+00 4.50826828627E+01 1.22571015353E+00 4.23141562371E+01 1.31025840139E+00 4.29006378826E+01 1.44301496215E+00 3.83938761056E+01 9.09792508483E-01 
9.10000000000E+01 9.15000000000E+01 9.20000000000E+01 4.00450362815E+01 1.02399327360E+00 4.11256063534E+01 1.44715978010E+00 4.20731900363E+01 9.57554931933E-01 3.92374253961E+01 1.14227013536E+00 4.33456007055E+01 1.26414113023E+00 4.17009404499E+01 1.53865166218E+00 3.86978012467E+01 9.40116929383E-01 
9.20000000000E+01 9.25000000000E+01 9.30000000000E+01 3.86474363541E+01 1.08204398329E+00 3.92898898218E+01 1.41177481656E+00 3.54130472994E+01 8.43270922058E-01 3.74352121531E+01 1.10098374032E+00 3.82261328835E+01 1.14992113022E+00 3.76912296010E+01 1.63175106329E+00 3.67414442161E+01 9.75214282705E-01 
9.30000000000E+01 9.35000000000E+01 9.40000000000E+01 3.67519161696E+01 1.19089591866E+00 3.74423298987E+01 1.43152390433E+00 3.52441521265E+01 8.99531518011E-01 3.73313918606E+01 1.13007699882E+00 3.61769287503E+01 1.18202157983E+00 3.85060089321E+01 1.42445650376E+00 3.46252369082E+01 9.44220539354E-01 
9.40000000000E+01 9.45000000000E+01 9.50000000000E+01 3.61572580515E+01 1.04178366025E+00 3.64990404273E+01 1.32632836704E+00 3.66256632676E+01 9.18144357113E-01 3.63285397525E+01 1.06651951550E+00 3.58556028082E+01 1.05506837772E+00 3.78877074998E+01 1.37781601082E+00 3.47086224489E+01 8.75034525344E-01 
9.50000000000E+01 9.55000000000E+01 9.60000000000E+01 4.12866155674E+01 1.10204390525E+00 4.60514299886E+01 1.56290084763E+00 3.46938702075E+01 7.67111638746E-01 4.14452714722E+01 1.12060024260E+00 3.62265282056E+01 1.01820801602E+00 4.42171145018E+01 1.55822086822E+00 3.44378690735E+01 8.54639145991E-01 
9.60000000000E+01 9.65000000000E+01 9.70000000000E+01 4.01585969921E+01 9.58515303654E-01 4.06141752113E+01 1.20291212332E+00 3.84441247972E+01 8.25431411958E-01 3.27011135825E+01 1.06978523972E+00 3.69425292669E+01 1.08133476576E+00 3.37956660139E+01 1.39911384000E+00 3.36979553899E+01 9.10668575178E-01 
9.70000000000E+01 9.75000000000E+01 9.80000000000E+01 3.16694796989E+01 9.44573896597E-01 3.24911290765E+01 1.28066635832E+00 3.07232192407E+01 7.99349208504E-01 3.02988508341E+01 9.81052650338E-01 3.07979702846E+01 1.11778524172E+00 3.05198146165E+01 1.27883060846E+00 3.05190262317E+01 8.76503459357E-01 
9.80000000000E+01 9.85000000000E+01 9.90000000000E+01 3.27428750442E+01 9.80130309974E-01 3.41698034253E+01 1.34909051231E+00 3.18258630322E+01 8.39370259676E-01 3.35028690892E+01 1.13170571192E+00 3.33489191637E+01 1.08699118267E+00 3.25735575643E+01 1.34251712693E+00 3.08107400616E+01 8.79333130094E-01 
9.90000000000E+01 9.95000000000E+01 1.00000000000E+02 3.22417337364E+01 1.50544937093E+00 3.59111660680E+01 2.09275635256E+00 3.24571653736E+01 1.21482452588E+00 3.28809909484E+01 1.17160744977E+00 3.18151440348E+01 2.01085042149E+00 3.27653302203E+01 1.52110929535E+00 3.10239466352E+01 1.53402791147E+00 
#nx: 3
