#labels: ptz__-2p0__-1p75_lower[1] ptz__-2p0__-1p75_center[2] ptz__-2p0__-1p75_upper[3] tot_scale01[4] tot_scale01_Err[5] tot_scale02[6] tot_scale02_Err[7] tot_scale03[8] tot_scale03_Err[9] tot_scale04[10] tot_scale04_Err[11] tot_scale05[12] tot_scale05_Err[13] tot_scale06[14] tot_scale06_Err[15] tot_scale07[16] tot_scale07_Err[17]
#neval: 51211785486
#overflow:lower center upper 1.19072564049E+03 5.19798996836E+00 1.18797448136E+03 7.16775311820E+00 1.17047053350E+03 4.07812191437E+00 1.19175972275E+03 5.59317090681E+00 1.19334023751E+03 5.47106231643E+00 1.19262725126E+03 7.47248270461E+00 1.16994263920E+03 4.24664940339E+00 
0.00000000000E+00 5.00000000000E-01 1.00000000000E+00 0.00000000000E+00 0.00000000000E+00 0.00000000000E+00 0.00000000000E+00 0.00000000000E+00 0.00000000000E+00 0.00000000000E+00 0.00000000000E+00 0.00000000000E+00 0.00000000000E+00 0.00000000000E+00 0.00000000000E+00 0.00000000000E+00 0.00000000000E+00 
1.00000000000E+00 1.50000000000E+00 2.00000000000E+00 -6.09449939018E+03 6.42824232221E+02 -9.76106564765E+03 8.78266797695E+02 -2.34370336866E+03 4.89426173930E+02 -4.16801183115E+03 5.71185043418E+02 -7.85844673639E+03 7.15485200579E+02 -7.74719281611E+03 7.83918405984E+02 -3.80532889632E+03 5.46792754595E+02 
2.00000000000E+00 2.50000000000E+00 3.00000000000E+00 3.04226606328E+03 2.58282486458E+02 1.24769325070E+03 3.41638164590E+02 4.75256142921E+03 2.02176675922E+02 3.57941473949E+03 2.45370882489E+02 2.29629947058E+03 3.00687543266E+02 1.78117721118E+03 3.29065273618E+02 4.21297971102E+03 2.37044488650E+02 
3.00000000000E+00 3.50000000000E+00 4.00000000000E+00 4.49630449560E+03 1.86102672194E+02 3.45515332591E+03 2.48536616039E+02 5.38283143731E+03 1.44552659739E+02 4.63265940000E+03 1.76726921216E+02 4.43529270514E+03 2.06229629471E+02 3.77156708199E+03 2.33125221635E+02 5.41845326230E+03 1.60991388448E+02 
4.00000000000E+00 4.50000000000E+00 5.00000000000E+00 4.92196048814E+03 1.52628602515E+02 4.40497252000E+03 2.06212188142E+02 5.28975060642E+03 1.17889669545E+02 4.95170258895E+03 1.40908678817E+02 4.76013765789E+03 1.63788871483E+02 4.57095235451E+03 1.89312300534E+02 5.28737056503E+03 1.27920186565E+02 
5.00000000000E+00 5.50000000000E+00 6.00000000000E+00 4.99275555533E+03 8.57540183803E+02 4.99254889589E+03 1.19476861513E+03 5.04888153744E+03 6.37603476972E+02 4.78473795421E+03 8.19231846483E+02 4.98844584570E+03 8.84408864822E+02 4.72935289986E+03 1.14113577313E+03 5.08011090432E+03 6.57628467613E+02 
6.00000000000E+00 6.50000000000E+00 7.00000000000E+00 3.62923493896E+03 1.10784402374E+02 3.41067466070E+03 1.48042141274E+02 3.80328332786E+03 8.47949405184E+01 3.60935022128E+03 1.06383596180E+02 3.67755695580E+03 1.20885193124E+02 3.42276136149E+03 1.45627216534E+02 3.93052312741E+03 9.37750292034E+01 
7.00000000000E+00 7.50000000000E+00 8.00000000000E+00 3.30610720949E+03 8.84537902670E+01 3.11470038389E+03 1.15154345176E+02 3.44052053254E+03 7.01958595968E+01 3.24082801724E+03 8.26215218362E+01 3.39698424934E+03 9.74672311632E+01 3.05599924581E+03 1.08563761063E+02 3.54866182811E+03 7.61454398306E+01 
8.00000000000E+00 8.50000000000E+00 9.00000000000E+00 3.03902689589E+03 9.20058329912E+01 2.92747444643E+03 1.25199687315E+02 3.08812253368E+03 7.10275641559E+01 3.00675829036E+03 8.15901625759E+01 3.08644577303E+03 1.02675848126E+02 2.93384875260E+03 1.11426092763E+02 3.19240724663E+03 7.93747336207E+01 
9.00000000000E+00 9.50000000000E+00 1.00000000000E+01 2.70025756200E+03 7.12183205630E+01 2.54751407099E+03 9.44903191316E+01 2.73842103672E+03 5.52365287800E+01 2.60224138024E+03 6.49428134390E+01 2.75611824915E+03 7.84687699439E+01 2.52260132564E+03 8.51159749748E+01 2.79348675673E+03 6.04211899665E+01 
1.00000000000E+01 1.05000000000E+01 1.10000000000E+01 2.44593232269E+03 8.00730306551E+01 2.33380723212E+03 1.09094789502E+02 2.47407332040E+03 6.15793463815E+01 2.39880351057E+03 7.44176956233E+01 2.46126998941E+03 8.89916353245E+01 2.32569263850E+03 1.01380794251E+02 2.49295092967E+03 6.78574028842E+01 
1.10000000000E+01 1.15000000000E+01 1.20000000000E+01 2.16767865549E+03 4.76257024215E+01 2.12025859791E+03 6.39346432105E+01 2.17786759775E+03 3.84860232000E+01 2.17335100506E+03 4.75525951595E+01 2.15301396282E+03 5.44343645198E+01 2.09303283183E+03 6.08424878377E+01 2.18724493099E+03 4.34202805501E+01 
1.20000000000E+01 1.25000000000E+01 1.30000000000E+01 2.06784933594E+03 4.59258843535E+01 2.06752989532E+03 6.01183202331E+01 2.04557358738E+03 3.58127682651E+01 1.97784105449E+03 4.09833537156E+01 2.12430642896E+03 5.19236117901E+01 1.99898364560E+03 5.47021814218E+01 2.09294285278E+03 4.03496125263E+01 
1.30000000000E+01 1.35000000000E+01 1.40000000000E+01 1.95718634759E+03 8.10084803582E+01 1.98310169904E+03 1.12912112991E+02 1.93600378864E+03 6.07890678875E+01 1.88213531209E+03 6.91035215945E+01 1.99064871987E+03 9.08161548480E+01 1.89486557328E+03 9.70239048962E+01 1.97165080162E+03 6.79093325474E+01 
1.40000000000E+01 1.45000000000E+01 1.50000000000E+01 1.66825336736E+03 3.94775639283E+01 1.64215511522E+03 5.28026194619E+01 1.64473746084E+03 3.19607249380E+01 1.63578361205E+03 3.59240668691E+01 1.67969230795E+03 4.36143213327E+01 1.64671193973E+03 4.76109268788E+01 1.66904443203E+03 3.53194360385E+01 
1.50000000000E+01 1.55000000000E+01 1.60000000000E+01 1.59938953571E+03 3.82901976498E+01 1.60942705743E+03 5.07739597253E+01 1.57619534945E+03 3.03726536407E+01 1.57737315443E+03 3.16841585397E+01 1.62005571165E+03 4.13104916636E+01 1.62136930583E+03 4.18419741029E+01 1.60023854997E+03 3.27013685222E+01 
1.60000000000E+01 1.65000000000E+01 1.70000000000E+01 1.39689374492E+03 3.39637334487E+01 1.37841305305E+03 4.35717278108E+01 1.37859903262E+03 2.68861593784E+01 1.36965553317E+03 3.15936316834E+01 1.39308496125E+03 3.82402884742E+01 1.34576920270E+03 4.13000925758E+01 1.41736031056E+03 3.07763969642E+01 
1.70000000000E+01 1.75000000000E+01 1.80000000000E+01 1.32689808511E+03 3.10370917133E+01 1.32682205564E+03 4.15429370666E+01 1.29969706109E+03 2.50470822629E+01 1.29977914146E+03 2.90120647647E+01 1.32863962472E+03 3.49833307315E+01 1.32306661259E+03 3.83853653202E+01 1.32208414399E+03 2.76944145559E+01 
1.80000000000E+01 1.85000000000E+01 1.90000000000E+01 1.18211702952E+03 9.07912876648E+01 1.18658347833E+03 1.26061916003E+02 1.20236833170E+03 6.82013699670E+01 1.12235751143E+03 8.39901212859E+01 1.16664000122E+03 9.68791534168E+01 1.11599544017E+03 1.16502546351E+02 1.20002317245E+03 7.27471856398E+01 
1.90000000000E+01 1.95000000000E+01 2.00000000000E+01 1.07628192179E+03 3.05946983849E+01 1.06581955535E+03 4.06656129123E+01 1.05712839166E+03 2.37836333117E+01 1.08514406484E+03 2.70150141561E+01 1.05869777241E+03 3.33401158710E+01 1.06678715815E+03 3.48518028746E+01 1.06020578626E+03 2.65707004657E+01 
2.00000000000E+01 2.05000000000E+01 2.10000000000E+01 1.07705782531E+03 3.20269820682E+01 1.11555875961E+03 4.44712630747E+01 1.04538226352E+03 2.50951235090E+01 1.07578412720E+03 3.03325345069E+01 1.07132419364E+03 3.54819876419E+01 1.09631262928E+03 4.12619715652E+01 1.06359221792E+03 2.70818460680E+01 
2.10000000000E+01 2.15000000000E+01 2.20000000000E+01 9.90870128210E+02 3.16283514948E+01 1.00516881644E+03 4.13725919383E+01 9.87717495073E+02 2.44386509834E+01 9.90511595677E+02 2.91663120996E+01 9.85509564929E+02 3.53024084871E+01 1.01235788915E+03 3.93765352718E+01 9.79161058612E+02 2.74566955557E+01 
2.20000000000E+01 2.25000000000E+01 2.30000000000E+01 9.27240794587E+02 2.51894374670E+01 9.21894714535E+02 3.30153043528E+01 9.22748908675E+02 1.98934122267E+01 9.37740065174E+02 2.27623152060E+01 9.21526818021E+02 2.87845928988E+01 9.59132928238E+02 3.02296942800E+01 9.27692213038E+02 2.20948140704E+01 
2.30000000000E+01 2.35000000000E+01 2.40000000000E+01 8.82142178195E+02 2.27781978801E+01 9.08225166288E+02 3.12807543776E+01 8.59056167241E+02 1.83260705880E+01 8.65938479559E+02 2.17770013118E+01 8.87390845587E+02 2.57272241085E+01 9.02224958340E+02 2.97297757851E+01 8.61844373409E+02 2.02918041126E+01 
2.40000000000E+01 2.45000000000E+01 2.50000000000E+01 7.67778952814E+02 2.19375408328E+01 7.70182143792E+02 2.86829365311E+01 7.59188392861E+02 1.81206893618E+01 7.67026473481E+02 1.89074832027E+01 7.76259212612E+02 2.37165752129E+01 7.72350903048E+02 2.55845168879E+01 7.66446743589E+02 1.81550270646E+01 
2.50000000000E+01 2.55000000000E+01 2.60000000000E+01 7.50113062669E+02 1.98540574576E+01 7.32490249347E+02 2.54627383282E+01 7.40970463131E+02 1.57744060769E+01 7.35192469252E+02 1.84454426344E+01 7.53685287146E+02 2.22995847240E+01 7.24155234469E+02 2.39316437611E+01 7.54498981403E+02 1.78404201218E+01 
2.60000000000E+01 2.65000000000E+01 2.70000000000E+01 7.19452196529E+02 1.86999473000E+01 7.40172043790E+02 2.59080163057E+01 7.01876488577E+02 1.50186716973E+01 6.85955341791E+02 1.74476743653E+01 7.16557498125E+02 2.11022189567E+01 7.32438144800E+02 2.71454020034E+01 7.07953434799E+02 1.70333079382E+01 
2.70000000000E+01 2.75000000000E+01 2.80000000000E+01 6.45643898140E+02 2.11508497267E+01 6.53359062475E+02 2.75550736552E+01 6.31419972967E+02 1.62579982356E+01 6.26832338696E+02 1.94580920079E+01 6.17221755865E+02 2.43837022368E+01 6.36775676993E+02 2.58816338207E+01 6.31323218257E+02 1.83710842782E+01 
2.80000000000E+01 2.85000000000E+01 2.90000000000E+01 6.12181393447E+02 2.04472129726E+01 6.19138099195E+02 2.72195096993E+01 6.10264165093E+02 1.62447963919E+01 6.31121428249E+02 2.02004204593E+01 6.22547436843E+02 2.21873146786E+01 6.41284612166E+02 2.68241424736E+01 6.10394938600E+02 1.74635106277E+01 
2.90000000000E+01 2.95000000000E+01 3.00000000000E+01 6.05283264132E+02 1.68203693607E+01 6.14931670986E+02 2.25294873285E+01 5.78095672687E+02 1.29454668865E+01 5.67727791744E+02 1.51891834772E+01 5.98656089786E+02 1.86998082981E+01 5.80105511776E+02 2.13724346546E+01 5.87819952595E+02 1.49287108523E+01 
3.00000000000E+01 3.05000000000E+01 3.10000000000E+01 5.62916863869E+02 1.60325576363E+01 5.89955719413E+02 2.15471232690E+01 5.57427175994E+02 1.30554555005E+01 5.66905964952E+02 1.54509907443E+01 5.64706209994E+02 1.72359085026E+01 5.88497748648E+02 2.07504610040E+01 5.58312355847E+02 1.41224757064E+01 
3.10000000000E+01 3.15000000000E+01 3.20000000000E+01 5.45667516565E+02 1.59485880238E+01 5.61656713263E+02 2.11243330647E+01 5.26175487875E+02 1.27717857133E+01 5.62116036892E+02 1.43261594654E+01 5.52994873088E+02 1.79015456210E+01 5.90603994309E+02 1.90039209283E+01 5.23572102411E+02 1.36118585363E+01 
3.20000000000E+01 3.25000000000E+01 3.30000000000E+01 4.86312622420E+02 1.72242403201E+01 4.84971798074E+02 2.31071820461E+01 4.78866338851E+02 1.36431832171E+01 4.67640660830E+02 1.60560682265E+01 4.78549407822E+02 1.91100423297E+01 4.79887788955E+02 2.18173889396E+01 4.88624488846E+02 1.52455200451E+01 
3.30000000000E+01 3.35000000000E+01 3.40000000000E+01 5.01656895406E+02 1.66245181813E+01 5.25619809391E+02 2.26599010575E+01 4.78586678425E+02 1.31352972049E+01 4.86652114258E+02 1.71482263112E+01 5.14917931733E+02 1.82458700399E+01 5.03840860995E+02 2.25980074850E+01 5.01156064748E+02 1.45294359786E+01 
3.40000000000E+01 3.45000000000E+01 3.50000000000E+01 4.01037052229E+02 5.30213249228E+01 3.95783069197E+02 7.36434702268E+01 3.96180843355E+02 3.95691624945E+01 4.03601720012E+02 4.74928933808E+01 4.06270205233E+02 5.80559095138E+01 4.02016163738E+02 6.60368052472E+01 4.17135963855E+02 4.34093116518E+01 
3.50000000000E+01 3.55000000000E+01 3.60000000000E+01 3.94866998136E+02 1.63440718983E+01 3.91710377971E+02 2.18294073547E+01 4.02059392697E+02 1.30886424910E+01 4.02754983795E+02 1.47844966183E+01 4.14349725991E+02 1.71906449175E+01 3.99587310611E+02 1.98210063577E+01 4.11261377220E+02 1.33119336532E+01 
3.60000000000E+01 3.65000000000E+01 3.70000000000E+01 3.89853655003E+02 2.22883675911E+01 3.96529893784E+02 3.04884523356E+01 3.70851561807E+02 1.69081271178E+01 3.89142414865E+02 2.21828505449E+01 4.00333452920E+02 2.36643822470E+01 4.04676122172E+02 3.07216771072E+01 3.85611783117E+02 1.79854351995E+01 
3.70000000000E+01 3.75000000000E+01 3.80000000000E+01 4.05811265018E+02 1.24343860764E+01 4.07406383275E+02 1.48756607770E+01 3.90465887963E+02 9.85523183658E+00 3.94279366560E+02 1.19836164192E+01 4.09312561133E+02 1.32576239652E+01 4.13200915237E+02 1.56333397250E+01 3.91355238009E+02 1.06708350069E+01 
3.80000000000E+01 3.85000000000E+01 3.90000000000E+01 3.92547845028E+02 1.58179656835E+01 4.07002611771E+02 2.18973327328E+01 3.73764005332E+02 1.23905408639E+01 3.81573301083E+02 1.54364852146E+01 3.94723087440E+02 1.72464260675E+01 4.13715579265E+02 2.06487507234E+01 3.78905520924E+02 1.33974394891E+01 
3.90000000000E+01 3.95000000000E+01 4.00000000000E+01 3.23213825753E+02 1.24413660708E+01 3.25031681523E+02 1.65468138167E+01 3.13762114606E+02 9.82551818572E+00 3.08000481111E+02 1.13634719256E+01 3.04797936165E+02 1.32663705919E+01 3.17839880641E+02 1.53913859208E+01 3.04224571676E+02 1.06167956572E+01 
4.00000000000E+01 4.05000000000E+01 4.10000000000E+01 3.34680648293E+02 1.15165946730E+01 3.49945864545E+02 1.53588940721E+01 3.23964413929E+02 9.25640630615E+00 3.43782726502E+02 1.03809779495E+01 3.40597976358E+02 1.18725037826E+01 3.66333009507E+02 1.43160708616E+01 3.24847474216E+02 9.79981451333E+00 
4.10000000000E+01 4.15000000000E+01 4.20000000000E+01 2.81040659318E+02 1.40744921512E+01 2.79415410169E+02 1.92604827754E+01 2.84725815223E+02 1.09228936860E+01 2.85594415882E+02 1.35576099831E+01 2.85085552343E+02 1.48129101197E+01 2.85437647326E+02 1.87016165164E+01 2.85062264851E+02 1.13745745321E+01 
4.20000000000E+01 4.25000000000E+01 4.30000000000E+01 3.02729442178E+02 1.08756805817E+01 3.13885891983E+02 1.46046105651E+01 2.89658180541E+02 8.49301327486E+00 2.88395050454E+02 1.05045727249E+01 3.04524796709E+02 1.19150277942E+01 2.97342022670E+02 1.42513370138E+01 2.98203081532E+02 9.39071472385E+00 
4.30000000000E+01 4.35000000000E+01 4.40000000000E+01 2.60528745417E+02 9.85763693019E+00 2.62953938907E+02 1.29613128281E+01 2.60115401010E+02 7.94684618359E+00 2.64034455988E+02 9.77134668388E+00 2.67049634343E+02 1.07147774354E+01 2.65123208108E+02 1.27425667195E+01 2.65909300579E+02 8.59548255349E+00 
4.40000000000E+01 4.45000000000E+01 4.50000000000E+01 2.65340177290E+02 9.64364797098E+00 2.73524139554E+02 1.29175600820E+01 2.59634947826E+02 7.71496977699E+00 2.58402575565E+02 9.23056781369E+00 2.65464047748E+02 1.04156414076E+01 2.72219561407E+02 1.27897548628E+01 2.64204053547E+02 8.51644475788E+00 
4.50000000000E+01 4.55000000000E+01 4.60000000000E+01 2.41828318014E+02 2.18387080640E+01 2.33645908960E+02 3.00991356735E+01 2.45212324756E+02 1.63614101709E+01 2.43955093362E+02 2.10108119658E+01 2.42517884511E+02 2.29229515260E+01 2.39174323719E+02 2.91496221372E+01 2.44670599085E+02 1.73568922037E+01 
4.60000000000E+01 4.65000000000E+01 4.70000000000E+01 2.45286458044E+02 9.14125877387E+00 2.45784310381E+02 1.17868492086E+01 2.34080186630E+02 7.16801105783E+00 2.40167302239E+02 8.55240650015E+00 2.37590144147E+02 9.97183949298E+00 2.46103509418E+02 1.12899013606E+01 2.36258453984E+02 7.78678753355E+00 
4.70000000000E+01 4.75000000000E+01 4.80000000000E+01 2.43589995088E+02 8.27604091002E+00 2.55118333966E+02 1.12118961153E+01 2.35639131239E+02 6.78646965519E+00 2.40272069151E+02 8.24448347736E+00 2.51139653586E+02 9.22748445047E+00 2.45997865827E+02 1.09052467838E+01 2.42736238844E+02 7.36985381968E+00 
4.80000000000E+01 4.85000000000E+01 4.90000000000E+01 2.32585045181E+02 8.43369041101E+00 2.46371645888E+02 1.09972246617E+01 2.34518318265E+02 7.12567598369E+00 2.16038201291E+02 7.99772695133E+00 2.45935238613E+02 9.28787999082E+00 2.35508889783E+02 1.04688188930E+01 2.38415033595E+02 7.68501476691E+00 
4.90000000000E+01 4.95000000000E+01 5.00000000000E+01 2.17649463327E+02 8.37764624952E+00 2.25648485826E+02 1.12139942850E+01 2.10135725381E+02 6.80470112269E+00 2.17319011573E+02 7.96964968094E+00 2.08942102793E+02 9.54336979106E+00 2.30706808214E+02 1.11129925092E+01 2.01985640339E+02 7.44979852932E+00 
5.00000000000E+01 5.05000000000E+01 5.10000000000E+01 2.04889418731E+02 7.90678413277E+00 2.14840501491E+02 1.04127936429E+01 2.06570990320E+02 6.91440196588E+00 2.11811822254E+02 8.94897071490E+00 2.14758668718E+02 9.65653969301E+00 2.10642052891E+02 1.06632994988E+01 2.07900779275E+02 7.43990587218E+00 
5.10000000000E+01 5.15000000000E+01 5.20000000000E+01 1.91695997880E+02 8.15661989212E+00 1.97033429751E+02 1.05425200509E+01 1.83254269467E+02 5.98551910673E+00 1.86460714006E+02 8.26795428964E+00 1.95400663153E+02 8.49184117798E+00 1.89615352362E+02 1.04989722576E+01 1.87238149525E+02 6.45959411183E+00 
5.20000000000E+01 5.25000000000E+01 5.30000000000E+01 1.81943624485E+02 8.20160437819E+00 1.88695055916E+02 1.09442594658E+01 1.79459820862E+02 6.56027510525E+00 1.89200987651E+02 8.18972713221E+00 1.79679320517E+02 7.11259403485E+00 1.87676772650E+02 1.05410157107E+01 1.79398621599E+02 6.92105021099E+00 
5.30000000000E+01 5.35000000000E+01 5.40000000000E+01 1.66799255549E+02 1.13669753728E+01 1.65671855656E+02 1.54738371332E+01 1.65313159483E+02 9.06249339337E+00 1.76240814908E+02 1.12557024892E+01 1.66129800143E+02 1.16939488457E+01 1.77735271112E+02 1.42782702405E+01 1.66909519513E+02 9.31391408429E+00 
5.40000000000E+01 5.45000000000E+01 5.50000000000E+01 1.94033780050E+02 1.11316598960E+01 2.01924056134E+02 1.46771804435E+01 1.83655216128E+02 8.66824075204E+00 1.93437728385E+02 1.09963762012E+01 1.92790889880E+02 1.13564159118E+01 1.99675041385E+02 1.42137406495E+01 1.84253995323E+02 8.90325481231E+00 
5.50000000000E+01 5.55000000000E+01 5.60000000000E+01 1.51385108079E+02 6.38725279171E+00 1.57527495191E+02 7.27702319494E+00 1.48371762970E+02 4.68791874886E+00 1.54256257775E+02 5.85974223115E+00 1.56475438904E+02 5.78273073496E+00 1.57683873765E+02 8.22077384904E+00 1.51096990265E+02 4.76456095526E+00 
5.60000000000E+01 5.65000000000E+01 5.70000000000E+01 1.53291415760E+02 7.04478124183E+00 1.57712780532E+02 9.71451327953E+00 1.49268682784E+02 5.50080332325E+00 1.50185752232E+02 6.88329216565E+00 1.51662717910E+02 7.43760930955E+00 1.49893341413E+02 9.13551255770E+00 1.48102203584E+02 5.71465818155E+00 
5.70000000000E+01 5.75000000000E+01 5.80000000000E+01 1.34717014395E+02 6.36736589389E+00 1.33293384754E+02 8.45799318846E+00 1.40883470472E+02 5.68171108697E+00 1.38297004652E+02 6.31394890531E+00 1.32568434892E+02 6.54626129072E+00 1.40108944353E+02 8.05761509873E+00 1.37602486443E+02 5.75894067529E+00 
5.80000000000E+01 5.85000000000E+01 5.90000000000E+01 1.50387897024E+02 5.92182629823E+00 1.50760970679E+02 8.27882786968E+00 1.45599498387E+02 4.71612041903E+00 1.47274288888E+02 6.02250935380E+00 1.54835587206E+02 5.93554221286E+00 1.42938697512E+02 7.61088128066E+00 1.52081967629E+02 4.95117768726E+00 
5.90000000000E+01 5.95000000000E+01 6.00000000000E+01 1.49752984195E+02 6.00658127669E+00 1.41508350542E+02 7.18730864346E+00 1.43398229899E+02 4.74247755966E+00 1.49879222372E+02 5.16034108452E+00 1.38957631734E+02 6.40618290889E+00 1.54480287526E+02 6.79910686169E+00 1.38732674130E+02 5.22558654112E+00 
6.00000000000E+01 6.05000000000E+01 6.10000000000E+01 1.34447968637E+02 5.69456483465E+00 1.44926429372E+02 8.88686472929E+00 1.28063640076E+02 4.58428003530E+00 1.40565649693E+02 6.04644652704E+00 1.34538364434E+02 5.84742801844E+00 1.42238529307E+02 7.05188988504E+00 1.28580412972E+02 4.60401110660E+00 
6.10000000000E+01 6.15000000000E+01 6.20000000000E+01 1.33194416746E+02 5.90582971056E+00 1.30289901989E+02 7.23275635827E+00 1.26522266708E+02 4.65140768198E+00 1.33020616840E+02 5.70702148119E+00 1.28331356120E+02 5.88041305351E+00 1.33593213668E+02 7.40663585669E+00 1.26650006502E+02 4.80379482642E+00 
6.20000000000E+01 6.25000000000E+01 6.30000000000E+01 1.13689370593E+02 5.34099601462E+00 1.19765035639E+02 7.79515936899E+00 1.17144705629E+02 4.57481394665E+00 1.18166740870E+02 5.28294451785E+00 1.11576990210E+02 5.58273735603E+00 1.15429318936E+02 7.06040479639E+00 1.16068479115E+02 4.95249902261E+00 
6.30000000000E+01 6.35000000000E+01 6.40000000000E+01 1.15915580714E+02 7.08901027246E+00 1.16711663181E+02 9.29761872608E+00 1.13512851845E+02 5.51678466238E+00 1.16328470283E+02 6.59685967238E+00 1.17402509039E+02 7.23195658941E+00 1.20430902095E+02 9.25865301345E+00 1.10666658128E+02 5.70252914672E+00 
6.40000000000E+01 6.45000000000E+01 6.50000000000E+01 1.16253222268E+02 6.97373102627E+00 1.23270153600E+02 9.68587102988E+00 1.11740869707E+02 5.33089774742E+00 1.15027218021E+02 6.82365533333E+00 1.13553521573E+02 7.01494115195E+00 1.20344381412E+02 9.25534649792E+00 1.12403722370E+02 5.39176640813E+00 
6.50000000000E+01 6.55000000000E+01 6.60000000000E+01 1.15046281458E+02 4.02432418213E+00 1.28747864480E+02 5.64975182523E+00 1.06644082008E+02 3.38028114953E+00 1.09941004211E+02 4.02341979721E+00 1.15648420040E+02 4.53757946858E+00 1.16267348305E+02 5.36029024516E+00 1.10305866566E+02 3.79468176834E+00 
6.60000000000E+01 6.65000000000E+01 6.70000000000E+01 1.10102814715E+02 3.98186062583E+00 1.15676263624E+02 5.25872753817E+00 1.05198009282E+02 3.20349849794E+00 1.12928301325E+02 4.63178239313E+00 1.11891012045E+02 4.79790143032E+00 1.15831056743E+02 5.97301979708E+00 1.04798618040E+02 3.79974634494E+00 
6.70000000000E+01 6.75000000000E+01 6.80000000000E+01 1.00470544555E+02 6.15475277407E+00 1.01566789103E+02 8.17533214809E+00 9.58651846450E+01 4.85962330046E+00 9.83268323272E+01 6.57352914746E+00 1.03298538815E+02 6.36800008685E+00 1.00683059086E+02 8.46114310172E+00 1.00774584721E+02 4.96439508572E+00 
6.80000000000E+01 6.85000000000E+01 6.90000000000E+01 9.05944854065E+01 5.38651430977E+00 9.69188767778E+01 7.51184732953E+00 8.80413427195E+01 4.42404156254E+00 9.54745918020E+01 5.45526509965E+00 8.49355510655E+01 5.81399921096E+00 1.02003646647E+02 7.73626887750E+00 8.52783861180E+01 4.64949912772E+00 
6.90000000000E+01 6.95000000000E+01 7.00000000000E+01 9.75262483079E+01 4.06470772228E+00 1.00507206268E+02 5.24578014098E+00 9.23823358744E+01 3.42438339273E+00 9.14910485813E+01 3.89097059815E+00 9.70451152248E+01 4.39765583757E+00 9.12982901757E+01 5.23537727933E+00 9.50870599519E+01 3.74718774972E+00 
7.00000000000E+01 7.05000000000E+01 7.10000000000E+01 9.07260424474E+01 3.92151022862E+00 8.94178253380E+01 4.79379623196E+00 8.93548656293E+01 3.14441083965E+00 8.79891871386E+01 3.92531957084E+00 8.95792037652E+01 4.18970527578E+00 8.67517494651E+01 4.94825740793E+00 8.90961647635E+01 3.47736303251E+00 
7.10000000000E+01 7.15000000000E+01 7.20000000000E+01 8.80998157347E+01 6.38502175986E+00 9.09886790555E+01 8.74121968695E+00 8.42575427497E+01 4.89380776746E+00 8.79480721543E+01 6.09390977146E+00 8.77747298220E+01 7.02675973099E+00 9.01437135171E+01 8.23135276961E+00 8.45184837428E+01 5.28165877548E+00 
7.20000000000E+01 7.25000000000E+01 7.30000000000E+01 9.18002222222E+01 4.38939729537E+00 9.51476247095E+01 5.77908338410E+00 8.73596003934E+01 3.41107005821E+00 9.14640863149E+01 4.18950731531E+00 9.14011301793E+01 4.28584143893E+00 9.58878817137E+01 5.89512139819E+00 8.79039527670E+01 3.41175422100E+00 
7.30000000000E+01 7.35000000000E+01 7.40000000000E+01 8.83848231826E+01 3.86537842665E+00 9.19240750010E+01 5.35210557485E+00 8.60428294668E+01 3.13411525770E+00 8.97237714513E+01 3.84433535310E+00 9.10820092267E+01 4.15153107412E+00 9.49725214387E+01 5.02703009728E+00 8.62982298507E+01 3.20128330792E+00 
7.40000000000E+01 7.45000000000E+01 7.50000000000E+01 7.10138729754E+01 3.50379989899E+00 7.25551581603E+01 4.75196143036E+00 7.47981141684E+01 3.32782895252E+00 6.47056480845E+01 3.71244212759E+00 6.74680905968E+01 5.53130916224E+00 7.20041624542E+01 5.86257041187E+00 7.08903563275E+01 3.19975978573E+00 
7.50000000000E+01 7.55000000000E+01 7.60000000000E+01 7.28726876202E+01 4.10517624827E+00 7.31229841844E+01 5.75264396038E+00 7.15878599141E+01 3.24364209948E+00 7.80959373762E+01 4.50956621056E+00 6.89578591504E+01 3.92844457403E+00 8.00072146627E+01 5.79613915936E+00 7.34489464150E+01 3.28935261617E+00 
7.60000000000E+01 7.65000000000E+01 7.70000000000E+01 6.87411780439E+01 3.80227942629E+00 6.83230220007E+01 4.38909846391E+00 6.57014515082E+01 2.76913494028E+00 7.02445242264E+01 3.49261994528E+00 6.84492814165E+01 3.85580442945E+00 7.19237202462E+01 4.96692498287E+00 6.77972831104E+01 3.09288415332E+00 
7.70000000000E+01 7.75000000000E+01 7.80000000000E+01 6.85805269840E+01 2.97842993665E+00 7.00704696159E+01 3.96388025035E+00 6.55775714806E+01 2.37826335655E+00 7.35440003366E+01 3.26831373678E+00 7.13616764484E+01 3.17482244001E+00 7.58218978771E+01 4.16133710694E+00 6.70183867926E+01 2.53009714904E+00 
7.80000000000E+01 7.85000000000E+01 7.90000000000E+01 6.42430109800E+01 3.62387591059E+00 6.40640413008E+01 5.02665716645E+00 6.00962222892E+01 2.59315377789E+00 6.45301716111E+01 3.47862906507E+00 6.36774720530E+01 3.79623838712E+00 6.39071611120E+01 4.49888718395E+00 6.30771041363E+01 3.03368085123E+00 
7.90000000000E+01 7.95000000000E+01 8.00000000000E+01 6.44759893677E+01 3.65565705841E+00 7.09210930805E+01 4.97391232305E+00 6.23866180412E+01 2.84461359864E+00 6.79128179297E+01 3.56421850229E+00 6.13288167361E+01 3.64296038514E+00 7.06176381574E+01 4.86779645186E+00 6.27629454454E+01 3.29130303240E+00 
8.00000000000E+01 8.05000000000E+01 8.10000000000E+01 5.96420446640E+01 3.05716737542E+00 6.27454753706E+01 4.75722097421E+00 5.82457679732E+01 2.43976506401E+00 5.92179288417E+01 3.25378195333E+00 6.36264434716E+01 3.52057404703E+00 6.01658816809E+01 4.75185776232E+00 5.90857222806E+01 2.49182279744E+00 
8.10000000000E+01 8.15000000000E+01 8.20000000000E+01 6.51476745472E+01 3.19373094422E+00 6.80187550140E+01 4.27811052477E+00 6.38952118703E+01 2.68696284106E+00 6.49999794344E+01 3.21465361442E+00 6.59934540226E+01 3.46255956511E+00 6.70117396648E+01 4.14634730608E+00 6.40550366465E+01 2.79940079730E+00 
8.20000000000E+01 8.25000000000E+01 8.30000000000E+01 5.57460212786E+01 2.63616468679E+00 5.44099806405E+01 3.40623221950E+00 5.39715408705E+01 2.16479527998E+00 5.55285000345E+01 2.61503127625E+00 5.57559987806E+01 2.97322503676E+00 5.61970039110E+01 3.48557960498E+00 5.36056375565E+01 2.60100837729E+00 
8.30000000000E+01 8.35000000000E+01 8.40000000000E+01 5.86023231384E+01 2.69447563749E+00 5.70623146602E+01 3.07419810977E+00 5.45130169190E+01 1.91632988899E+00 5.53028477963E+01 2.51230016371E+00 6.00920033933E+01 2.91035844123E+00 5.52518301355E+01 3.10226652608E+00 5.79835311763E+01 2.30289527239E+00 
8.40000000000E+01 8.45000000000E+01 8.50000000000E+01 5.06124578918E+01 2.60156579482E+00 5.00757655711E+01 3.78584962983E+00 5.03386973531E+01 1.90836776525E+00 5.07580682396E+01 2.72058193006E+00 5.19282441575E+01 2.55681621656E+00 5.08167502845E+01 3.79390465512E+00 5.01811298032E+01 2.06648054131E+00 
8.50000000000E+01 8.55000000000E+01 8.60000000000E+01 5.33368738620E+01 2.45367957173E+00 5.43006949193E+01 3.33596438691E+00 5.33800152898E+01 2.15000849398E+00 5.65340433121E+01 2.75459403505E+00 5.64732856215E+01 3.15312974952E+00 5.48081236395E+01 3.45635439722E+00 5.22555007607E+01 2.25449467293E+00 
8.60000000000E+01 8.65000000000E+01 8.70000000000E+01 5.29893531154E+01 3.36906584194E+00 5.30461863740E+01 4.31882208600E+00 4.85937478269E+01 2.58275458143E+00 4.98505310142E+01 3.19368552929E+00 5.40911722391E+01 3.83531220578E+00 5.94163132296E+01 4.77489667439E+00 5.12398564580E+01 3.10353287587E+00 
8.70000000000E+01 8.75000000000E+01 8.80000000000E+01 5.20257646230E+01 6.16155209756E+00 5.55849050676E+01 8.20597710866E+00 5.31902344135E+01 4.83807913826E+00 5.32094664510E+01 5.85498868521E+00 5.64091456568E+01 6.55445394010E+00 5.64575641780E+01 7.83376151908E+00 5.20788099313E+01 5.05347566782E+00 
8.80000000000E+01 8.85000000000E+01 8.90000000000E+01 4.04274517610E+01 5.10386839904E+00 3.93373015466E+01 6.82999981770E+00 4.02230478495E+01 3.89799374381E+00 4.33360540559E+01 5.11641581996E+00 4.03684235799E+01 5.26243354933E+00 3.70202306837E+01 6.66095748739E+00 3.93070700756E+01 4.01755835823E+00 
8.90000000000E+01 8.95000000000E+01 9.00000000000E+01 4.51042962830E+01 2.61093985347E+00 4.65803019535E+01 3.47549958714E+00 4.51260626634E+01 2.18168409727E+00 4.30432426973E+01 2.60897469281E+00 4.35406793580E+01 2.35159088754E+00 4.28541170796E+01 3.38734995599E+00 4.28727393889E+01 1.78992928611E+00 
9.00000000000E+01 9.05000000000E+01 9.10000000000E+01 5.34317369562E+01 2.26939965194E+00 5.56623658178E+01 3.17212821868E+00 4.90235819522E+01 1.77108349842E+00 4.89511741452E+01 2.42863572540E+00 5.40311592657E+01 2.32818509354E+00 5.37725215229E+01 3.12451383285E+00 4.87384171272E+01 1.80126546246E+00 
9.10000000000E+01 9.15000000000E+01 9.20000000000E+01 4.28504704831E+01 2.22628050980E+00 4.31405585926E+01 2.68448556272E+00 4.24677122099E+01 1.65838093613E+00 4.25124462761E+01 2.17485942848E+00 4.49405062052E+01 2.22596301671E+00 4.19074901376E+01 3.06717144072E+00 4.16370384438E+01 1.71195275784E+00 
9.20000000000E+01 9.25000000000E+01 9.30000000000E+01 4.29252092419E+01 2.41898534004E+00 4.28336466191E+01 3.08752450930E+00 4.33614818259E+01 2.07511645522E+00 4.42183679207E+01 2.68564385366E+00 4.31963201434E+01 2.59310662365E+00 4.56803685468E+01 3.48311331097E+00 4.19625540286E+01 1.99716447228E+00 
9.30000000000E+01 9.35000000000E+01 9.40000000000E+01 4.17351558235E+01 1.77854117206E+00 4.55601053391E+01 2.69989526093E+00 3.96406187084E+01 1.49719734106E+00 4.26353396563E+01 1.93231438215E+00 4.08236058131E+01 2.25969474864E+00 4.18063529210E+01 2.45641279389E+00 3.94822033236E+01 1.78267216548E+00 
9.40000000000E+01 9.45000000000E+01 9.50000000000E+01 4.53639874921E+01 2.41238355217E+00 4.49984536384E+01 2.75926984001E+00 4.23630162290E+01 1.90594296675E+00 4.26954356721E+01 2.13888690646E+00 4.40655708875E+01 2.38590086649E+00 3.89366069016E+01 2.46394104630E+00 4.11656766245E+01 1.91232148768E+00 
9.50000000000E+01 9.55000000000E+01 9.60000000000E+01 3.10787990790E+01 2.06581741789E+00 3.02853654801E+01 2.64566747446E+00 3.32490557775E+01 1.73104203645E+00 3.21504342932E+01 2.10688329452E+00 3.07599847925E+01 2.10063620479E+00 3.18028446949E+01 2.44774417393E+00 3.11961746634E+01 1.59076057308E+00 
9.60000000000E+01 9.65000000000E+01 9.70000000000E+01 3.89634830392E+01 2.03033276644E+00 3.80895011613E+01 2.60063962052E+00 3.51667208679E+01 1.30972989876E+00 3.67134576501E+01 2.06880190288E+00 3.71889312654E+01 2.06559429712E+00 3.49716186937E+01 2.61967402274E+00 3.73178432172E+01 2.39541787568E+00 
9.70000000000E+01 9.75000000000E+01 9.80000000000E+01 3.90587842398E+01 3.04413664604E+00 4.42561700789E+01 4.14771478036E+00 3.67861713527E+01 2.34968192004E+00 3.76967991038E+01 2.88268010109E+00 4.10004008706E+01 3.00042066760E+00 4.11573128338E+01 3.90609415231E+00 3.68484287212E+01 2.20764630000E+00 
9.80000000000E+01 9.85000000000E+01 9.90000000000E+01 3.63599605106E+01 1.65082666794E+00 3.88548490145E+01 2.07831974436E+00 3.27405992922E+01 1.24220370116E+00 3.65222568728E+01 1.91615380853E+00 3.43220940463E+01 1.65051952117E+00 3.66184081815E+01 2.39927007483E+00 2.99767660323E+01 1.64024814236E+00 
9.90000000000E+01 9.95000000000E+01 1.00000000000E+02 3.61627507865E+01 1.67565135755E+00 3.88161988184E+01 2.26033790968E+00 3.24276228680E+01 1.35434573822E+00 3.50852954592E+01 2.13476420277E+00 3.32765512764E+01 1.84142288363E+00 3.61203698226E+01 2.85284684209E+00 3.09437924029E+01 1.40144676807E+00 
#nx: 3
