#labels: ptz__-2p25__-2p0_lower[1] ptz__-2p25__-2p0_center[2] ptz__-2p25__-2p0_upper[3] tot_scale01[4] tot_scale01_Err[5] tot_scale02[6] tot_scale02_Err[7] tot_scale03[8] tot_scale03_Err[9] tot_scale04[10] tot_scale04_Err[11] tot_scale05[12] tot_scale05_Err[13] tot_scale06[14] tot_scale06_Err[15] tot_scale07[16] tot_scale07_Err[17]
#neval: 96446578632
#overflow:lower center upper 1.08331499109E+03 2.55846522792E+00 1.08468971434E+03 3.30235844150E+00 1.06065767264E+03 2.08533613903E+00 1.08738663845E+03 2.69302944611E+00 1.08541064356E+03 2.76697460214E+00 1.08679847959E+03 3.46041716402E+00 1.06248053283E+03 2.28455757203E+00 
0.00000000000E+00 5.00000000000E-01 1.00000000000E+00 0.00000000000E+00 0.00000000000E+00 0.00000000000E+00 0.00000000000E+00 0.00000000000E+00 0.00000000000E+00 0.00000000000E+00 0.00000000000E+00 0.00000000000E+00 0.00000000000E+00 0.00000000000E+00 0.00000000000E+00 0.00000000000E+00 0.00000000000E+00 
1.00000000000E+00 1.50000000000E+00 2.00000000000E+00 -4.92336368100E+03 3.08856272240E+02 -8.30373728834E+03 4.12548966857E+02 -1.37983306822E+03 2.40423526707E+02 -3.56278824290E+03 2.71448354880E+02 -6.83229400251E+03 3.58477182763E+02 -6.83620528297E+03 3.65413806215E+02 -2.73799888703E+03 2.78704445398E+02 
2.00000000000E+00 2.50000000000E+00 3.00000000000E+00 2.82532178842E+03 1.60991317343E+02 9.91965129017E+02 2.03238664206E+02 4.48610079966E+03 1.27595503690E+02 3.61394298290E+03 1.35366627689E+02 2.41217820881E+03 1.78311699490E+02 1.86621687790E+03 1.79733271064E+02 4.22331761425E+03 1.41952514685E+02 
3.00000000000E+00 3.50000000000E+00 4.00000000000E+00 4.64471215708E+03 1.17426536390E+02 3.63664591120E+03 1.55935354199E+02 5.37682827664E+03 9.27685357237E+01 4.92209606893E+03 1.09614359841E+02 4.55387645286E+03 1.36237650843E+02 4.15382044345E+03 1.47519335612E+02 5.28932777165E+03 1.09235265167E+02 
4.00000000000E+00 4.50000000000E+00 5.00000000000E+00 4.42611423849E+03 8.16039361402E+01 3.83520376229E+03 1.08027526536E+02 4.88640628069E+03 6.55453097519E+01 4.29911905826E+03 7.42851790695E+01 4.22722457384E+03 9.66709523876E+01 3.69107161010E+03 9.77879047069E+01 4.80308983261E+03 7.59120772115E+01 
5.00000000000E+00 5.50000000000E+00 6.00000000000E+00 4.09332335249E+03 7.08875968539E+01 3.67154430927E+03 9.44359981458E+01 4.30757050744E+03 5.66262447207E+01 4.07366217013E+03 6.30780064036E+01 4.04407066508E+03 8.04904655125E+01 3.77632515442E+03 8.37587522881E+01 4.35951244439E+03 6.43324690757E+01 
6.00000000000E+00 6.50000000000E+00 7.00000000000E+00 3.58174819623E+03 6.58348546174E+01 3.28179706040E+03 8.94142911544E+01 3.77373449431E+03 5.18447686772E+01 3.59732411866E+03 5.93340235724E+01 3.59082016040E+03 7.26499724079E+01 3.38207450987E+03 7.97620922741E+01 3.79166081341E+03 5.79368655582E+01 
7.00000000000E+00 7.50000000000E+00 8.00000000000E+00 3.42250741539E+03 5.41470393152E+01 3.31742972291E+03 7.25231085958E+01 3.48465413697E+03 4.29969963759E+01 3.37611056482E+03 4.63208205763E+01 3.45421242191E+03 6.66230114508E+01 3.35580404810E+03 6.08278456139E+01 3.52715706519E+03 5.26275509250E+01 
8.00000000000E+00 8.50000000000E+00 9.00000000000E+00 2.97733949449E+03 4.95512280807E+01 2.85039203322E+03 6.55737048633E+01 3.04254277337E+03 3.88452530011E+01 2.93161379340E+03 3.91782703938E+01 3.01344649401E+03 6.17467150822E+01 2.86921332218E+03 5.14222135839E+01 3.09790961083E+03 4.83720229504E+01 
9.00000000000E+00 9.50000000000E+00 1.00000000000E+01 2.60121353733E+03 3.53307489085E+01 2.54091739625E+03 4.62125513645E+01 2.63483180823E+03 2.88809567267E+01 2.59611988656E+03 3.30097132749E+01 2.59722324915E+03 4.03679651049E+01 2.54404526587E+03 4.30478852455E+01 2.66536562134E+03 3.29227064445E+01 
1.00000000000E+01 1.05000000000E+01 1.10000000000E+01 2.31344612447E+03 3.27299589105E+01 2.22178092873E+03 4.28226416308E+01 2.35571890884E+03 2.63608981974E+01 2.27420821557E+03 2.82952882112E+01 2.32673322861E+03 3.69697470106E+01 2.23677606868E+03 3.70355169791E+01 2.38868408945E+03 3.01272100978E+01 
1.10000000000E+01 1.15000000000E+01 1.20000000000E+01 2.11329813475E+03 2.82115879913E+01 2.05439470926E+03 3.65636126001E+01 2.11758866887E+03 2.26285992738E+01 2.10235467314E+03 2.52174580729E+01 2.11803529628E+03 3.19362282098E+01 2.06758939930E+03 3.28222678347E+01 2.15261264033E+03 2.58598513557E+01 
1.20000000000E+01 1.25000000000E+01 1.30000000000E+01 1.96830811954E+03 2.70615579969E+01 1.96095882375E+03 3.55372263761E+01 1.93287115713E+03 2.27252346453E+01 1.92512464370E+03 2.43467574733E+01 1.97336853005E+03 3.11837588578E+01 1.89234747355E+03 3.14898609997E+01 1.98538151084E+03 2.62173224908E+01 
1.30000000000E+01 1.35000000000E+01 1.40000000000E+01 1.74382158253E+03 2.45853855456E+01 1.71895656287E+03 3.18415476612E+01 1.74634523015E+03 1.99881975309E+01 1.71422682752E+03 2.30523173919E+01 1.82260225222E+03 2.63310100438E+01 1.71727496519E+03 3.04580723914E+01 1.83559434150E+03 2.14646965854E+01 
1.40000000000E+01 1.45000000000E+01 1.50000000000E+01 1.73314175266E+03 2.23244528091E+01 1.77404309862E+03 2.91693671098E+01 1.69276006170E+03 1.84054566127E+01 1.69932997449E+03 2.13773739833E+01 1.76043653842E+03 2.51967956752E+01 1.75648317898E+03 2.79964921102E+01 1.74213903485E+03 2.05126239456E+01 
1.50000000000E+01 1.55000000000E+01 1.60000000000E+01 1.42291297396E+03 2.19598978760E+01 1.38045146182E+03 2.85511202728E+01 1.40892443923E+03 1.75608271745E+01 1.42099689503E+03 1.93254903099E+01 1.44747094244E+03 2.44772578944E+01 1.40571729253E+03 2.49644997507E+01 1.45287307014E+03 1.98802113721E+01 
1.60000000000E+01 1.65000000000E+01 1.70000000000E+01 1.43751968546E+03 2.06643296589E+01 1.46871434472E+03 2.69730589994E+01 1.40739183772E+03 1.63085441897E+01 1.41213840367E+03 1.89537752119E+01 1.49107528630E+03 2.30132139139E+01 1.44720852755E+03 2.51940822005E+01 1.45554108075E+03 1.84685849712E+01 
1.70000000000E+01 1.75000000000E+01 1.80000000000E+01 1.22783752742E+03 1.78092092846E+01 1.23576757707E+03 2.33030343214E+01 1.22728027502E+03 1.47755385760E+01 1.20270678691E+03 1.72418878047E+01 1.24471135105E+03 2.03324828010E+01 1.16840157768E+03 2.26789865962E+01 1.25549534251E+03 1.63259284993E+01 
1.80000000000E+01 1.85000000000E+01 1.90000000000E+01 1.18364624553E+03 1.74609325372E+01 1.19948127818E+03 2.28220670086E+01 1.16793933644E+03 1.40324504596E+01 1.18452481372E+03 1.60841176596E+01 1.18146839397E+03 2.05653714599E+01 1.21448931018E+03 2.10827981315E+01 1.17410314719E+03 1.64738970413E+01 
1.90000000000E+01 1.95000000000E+01 2.00000000000E+01 1.12207878902E+03 1.47235694490E+01 1.14155524796E+03 1.90690607563E+01 1.07570222977E+03 1.23583247528E+01 1.07769795012E+03 1.49227798405E+01 1.13357689841E+03 1.82011462493E+01 1.09217333229E+03 1.96404511804E+01 1.11101649292E+03 1.44727279837E+01 
2.00000000000E+01 2.05000000000E+01 2.10000000000E+01 1.03475469856E+03 1.64717903555E+01 1.01856404667E+03 2.14034170790E+01 1.00905273963E+03 1.31233569879E+01 1.01802617098E+03 1.95428210787E+01 1.03528458850E+03 1.61011483046E+01 1.03826431643E+03 2.65005060168E+01 1.02440566882E+03 1.34266577053E+01 
2.10000000000E+01 2.15000000000E+01 2.20000000000E+01 9.11392560390E+02 1.74601848292E+01 8.79845691522E+02 2.29986199369E+01 8.98069788466E+02 1.39212051963E+01 8.89726469202E+02 1.97828595005E+01 8.95520144764E+02 1.86741622420E+01 8.94674626664E+02 2.66313800244E+01 8.94081661255E+02 1.49935642200E+01 
2.20000000000E+01 2.25000000000E+01 2.30000000000E+01 9.09219557532E+02 1.44046073216E+01 9.18615741142E+02 1.83657159550E+01 8.75199666248E+02 1.20252048579E+01 8.77511450827E+02 1.39320677631E+01 9.19540834204E+02 1.59140626279E+01 8.96005051912E+02 1.80513672081E+01 9.01070911336E+02 1.29972696804E+01 
2.30000000000E+01 2.35000000000E+01 2.40000000000E+01 8.21324323101E+02 1.21795524480E+01 8.32601546573E+02 1.57927641640E+01 7.99913155509E+02 1.14301474999E+01 7.91446085919E+02 1.14675634902E+01 8.21731694500E+02 1.35277000143E+01 8.06685157675E+02 1.49169989744E+01 8.02209459199E+02 1.10021588152E+01 
2.40000000000E+01 2.45000000000E+01 2.50000000000E+01 8.10182020810E+02 1.36828743216E+01 8.26799104816E+02 1.81074591811E+01 7.82722065540E+02 1.07892520911E+01 7.84596625492E+02 1.23256669144E+01 8.26418630673E+02 1.51464501617E+01 8.06363986815E+02 1.64093335099E+01 8.00420731511E+02 1.20683873475E+01 
2.50000000000E+01 2.55000000000E+01 2.60000000000E+01 7.47014168204E+02 1.06800853362E+01 7.65196332736E+02 1.37661958822E+01 7.16007778034E+02 8.73467901747E+00 7.32217802986E+02 9.78052185262E+00 7.57834923318E+02 1.26531836165E+01 7.53157138498E+02 1.26863490236E+01 7.41214748801E+02 9.87247692717E+00 
2.60000000000E+01 2.65000000000E+01 2.70000000000E+01 6.28631399858E+02 1.03797914064E+01 6.28948594246E+02 1.35402515065E+01 6.24792371861E+02 8.47155723593E+00 6.17850493214E+02 9.89221804778E+00 6.44732854336E+02 1.17813666925E+01 6.17135485780E+02 1.31361076811E+01 6.37350186887E+02 9.40441570848E+00 
2.70000000000E+01 2.75000000000E+01 2.80000000000E+01 6.58153580510E+02 1.69243975760E+01 6.67504346687E+02 2.20981694144E+01 6.35468445076E+02 1.33411249265E+01 6.45249142730E+02 1.59598281222E+01 6.61060558229E+02 1.79407277364E+01 6.72153981186E+02 2.14504450160E+01 6.45687146606E+02 1.41527025018E+01 
2.80000000000E+01 2.85000000000E+01 2.90000000000E+01 6.12278919945E+02 1.60675411521E+01 6.18886559496E+02 2.09400695336E+01 5.93889001545E+02 1.28779143378E+01 5.87296383383E+02 1.49907278547E+01 6.22842133825E+02 1.68715544709E+01 5.98052052821E+02 1.96440575789E+01 6.12666734070E+02 1.35368736826E+01 
2.90000000000E+01 2.95000000000E+01 3.00000000000E+01 5.57310422724E+02 1.13085224858E+01 5.58690330141E+02 1.47743157685E+01 5.46173750283E+02 9.11330376952E+00 5.63867541519E+02 1.01268515388E+01 5.68718642232E+02 1.18434367278E+01 5.84752344545E+02 1.32699855996E+01 5.58142279308E+02 9.68777696169E+00 
3.00000000000E+01 3.05000000000E+01 3.10000000000E+01 5.44096556831E+02 9.39744419066E+00 5.53286179147E+02 1.22858044122E+01 5.28992402867E+02 7.55194660667E+00 5.30149697483E+02 9.37247615510E+00 5.59844245291E+02 1.00966530961E+01 5.59786553790E+02 1.24748081455E+01 5.40651380410E+02 8.13047544769E+00 
3.10000000000E+01 3.15000000000E+01 3.20000000000E+01 5.08296460720E+02 9.47309626090E+00 5.15278856087E+02 1.22881316147E+01 4.92935159491E+02 7.99474613890E+00 5.10456864237E+02 9.30120460704E+00 5.29800004137E+02 1.01286972988E+01 5.16281561932E+02 1.19698977722E+01 5.09968890785E+02 8.06342501688E+00 
3.20000000000E+01 3.25000000000E+01 3.30000000000E+01 4.46023263283E+02 8.19647488089E+00 4.44094444733E+02 1.06608570928E+01 4.42698068915E+02 6.61027443536E+00 4.50056284075E+02 7.53791889387E+00 4.51100273348E+02 8.99059410797E+00 4.54681637828E+02 9.82347362825E+00 4.46314567261E+02 7.39477601412E+00 
3.30000000000E+01 3.35000000000E+01 3.40000000000E+01 4.67601921203E+02 7.42721265426E+00 4.94532682452E+02 1.00672390115E+01 4.53163291480E+02 6.04607771691E+00 4.58739425357E+02 7.07022787610E+00 4.75517303330E+02 7.88263254286E+00 4.83854660931E+02 9.38343522314E+00 4.60146929004E+02 6.45760049380E+00 
3.40000000000E+01 3.45000000000E+01 3.50000000000E+01 4.48033155733E+02 1.02740443937E+01 4.65067980583E+02 1.36719044567E+01 4.38044477909E+02 8.20367409857E+00 4.23043856942E+02 9.66417295842E+00 4.46747372625E+02 1.09196215872E+01 4.31707107977E+02 1.29367158006E+01 4.29835427213E+02 8.57550988091E+00 
3.50000000000E+01 3.55000000000E+01 3.60000000000E+01 3.90545674471E+02 1.00266280023E+01 3.97620079173E+02 1.31026282255E+01 3.91175584252E+02 8.09717824727E+00 4.21985659784E+02 9.15202596820E+00 3.89282167014E+02 1.06219727391E+01 4.30431661756E+02 1.21745436961E+01 3.89428792167E+02 8.49055526408E+00 
3.60000000000E+01 3.65000000000E+01 3.70000000000E+01 3.77451303329E+02 8.09715430948E+00 3.81175835933E+02 1.01858260064E+01 3.61846591765E+02 6.26681169439E+00 3.66155860090E+02 7.58291640214E+00 3.79885517792E+02 8.47110507562E+00 3.70334932557E+02 9.67085191788E+00 3.74786653475E+02 7.01592658107E+00 
3.70000000000E+01 3.75000000000E+01 3.80000000000E+01 3.67596424103E+02 7.57984014286E+00 3.79511158236E+02 1.00615039024E+01 3.57523329571E+02 6.07842491200E+00 3.71416946723E+02 7.01096327278E+00 3.77206611781E+02 8.18595069339E+00 3.94350538932E+02 9.08346033427E+00 3.66697958554E+02 6.61481676291E+00 
3.80000000000E+01 3.85000000000E+01 3.90000000000E+01 2.96349721714E+02 5.89397559639E+01 2.74069878773E+02 8.25177299151E+01 2.96554134347E+02 4.36745681458E+01 2.92437474092E+02 5.81132524986E+01 2.94515926983E+02 5.91819980731E+01 2.75802433616E+02 8.13406406336E+01 3.00207157557E+02 4.38491526974E+01 
3.90000000000E+01 3.95000000000E+01 4.00000000000E+01 3.91299865517E+02 6.52851183266E+01 4.35661931168E+02 9.13387144172E+01 3.69071143385E+02 4.83257663496E+01 3.96816477664E+02 6.43380668915E+01 3.95669511632E+02 6.54785768673E+01 4.27298603732E+02 9.00684950953E+01 3.71754419128E+02 4.84759224375E+01 
4.00000000000E+01 4.05000000000E+01 4.10000000000E+01 3.11157822221E+02 6.84668050378E+00 3.20979649346E+02 8.58543468235E+00 2.94971306726E+02 6.07758650474E+00 3.11153275763E+02 6.82896481736E+00 3.12600178253E+02 7.29116518929E+00 3.21566972095E+02 8.81752270678E+00 3.16916502380E+02 6.57777466087E+00 
4.10000000000E+01 4.15000000000E+01 4.20000000000E+01 2.94276413033E+02 6.86594361568E+00 3.07153392602E+02 8.86243785543E+00 2.86703154102E+02 5.45183872136E+00 2.87580309286E+02 7.05107322938E+00 3.14081061335E+02 8.24397100024E+00 2.92510899616E+02 9.63296143681E+00 3.04579133351E+02 6.59083778558E+00 
4.20000000000E+01 4.25000000000E+01 4.30000000000E+01 2.87377005731E+02 5.87327957024E+00 2.97946717731E+02 7.64808361678E+00 2.79123857900E+02 4.73963769340E+00 2.91331058758E+02 5.78664688043E+00 2.77608927269E+02 9.19729028159E+00 2.92440897735E+02 7.72571616802E+00 2.75495723504E+02 7.11528719472E+00 
4.30000000000E+01 4.35000000000E+01 4.40000000000E+01 2.68624360483E+02 5.87185998472E+00 2.74416258649E+02 8.00512373511E+00 2.54216324098E+02 4.60335544599E+00 2.71903858624E+02 5.88197411011E+00 2.74825821007E+02 6.15624000627E+00 2.78000190017E+02 7.83164744549E+00 2.62196791410E+02 4.85156507330E+00 
4.40000000000E+01 4.45000000000E+01 4.50000000000E+01 2.60473185516E+02 6.17286715251E+00 2.65846054256E+02 8.08005132233E+00 2.51011794457E+02 4.83632529570E+00 2.57800782381E+02 6.05790555688E+00 2.63880188726E+02 6.23526590966E+00 2.64753981301E+02 8.12421004935E+00 2.54717596265E+02 4.99648003766E+00 
4.50000000000E+01 4.55000000000E+01 4.60000000000E+01 2.65264758370E+02 5.26587952770E+00 2.71321594639E+02 6.71482376073E+00 2.53828765634E+02 4.32086438194E+00 2.56832891728E+02 5.11514410252E+00 2.66439355779E+02 5.45530926597E+00 2.71484028382E+02 6.68358177408E+00 2.54751784026E+02 4.47073269255E+00 
4.60000000000E+01 4.65000000000E+01 4.70000000000E+01 2.34368156406E+02 6.39330537428E+00 2.44673452219E+02 8.47129286349E+00 2.30591014191E+02 5.10159391149E+00 2.34920994722E+02 5.90466193379E+00 2.39499224861E+02 7.09031637023E+00 2.40380377849E+02 7.88111647212E+00 2.33146871818E+02 5.59732792477E+00 
4.70000000000E+01 4.75000000000E+01 4.80000000000E+01 2.21018501878E+02 5.73038332016E+00 2.28048283321E+02 7.64774474483E+00 2.15542703054E+02 4.48174140842E+00 2.14170646752E+02 5.17541243455E+00 2.31334342792E+02 6.71570464789E+00 2.16752316613E+02 6.93537271901E+00 2.21611849860E+02 5.23947175540E+00 
4.80000000000E+01 4.85000000000E+01 4.90000000000E+01 2.11223710189E+02 4.34217960930E+00 2.18582134886E+02 5.48502666611E+00 2.05091751546E+02 3.50220782011E+00 2.10663546192E+02 4.01069600439E+00 2.13209454493E+02 4.64011046654E+00 2.13019811733E+02 5.21209563121E+00 2.02710302626E+02 3.69014368968E+00 
4.90000000000E+01 4.95000000000E+01 5.00000000000E+01 2.06481766143E+02 4.59076326391E+00 2.11266717100E+02 5.94052014109E+00 2.00673195734E+02 3.74773076722E+00 2.02800757985E+02 4.44953291875E+00 2.07439839745E+02 5.25292911917E+00 2.08740651153E+02 5.80391672154E+00 2.03846306555E+02 4.23112615822E+00 
5.00000000000E+01 5.05000000000E+01 5.10000000000E+01 1.83176551549E+02 3.88749229053E+00 1.81779394512E+02 5.08770597945E+00 1.75362268373E+02 3.86977887363E+00 1.83812874898E+02 4.04682675672E+00 1.75916591983E+02 4.20320378379E+00 1.88457247216E+02 5.32053864636E+00 1.83210869719E+02 3.56485221234E+00 
5.10000000000E+01 5.15000000000E+01 5.20000000000E+01 1.96388008013E+02 4.11513250701E+00 2.01825049354E+02 5.25771629299E+00 1.85367127535E+02 3.24462967160E+00 1.94854513733E+02 3.81972713813E+00 2.02816805488E+02 4.30348733564E+00 1.97788629911E+02 4.93204153110E+00 1.93171600776E+02 3.46111884606E+00 
5.20000000000E+01 5.25000000000E+01 5.30000000000E+01 2.05784734524E+02 4.26901410195E+00 2.23560593293E+02 5.64074541795E+00 1.95994767795E+02 3.37869680733E+00 2.06599493532E+02 4.42744558997E+00 2.09580740468E+02 5.04049806275E+00 2.27620835358E+02 5.84256226433E+00 1.98122448742E+02 3.99786123383E+00 
5.30000000000E+01 5.35000000000E+01 5.40000000000E+01 1.55019262149E+02 4.10299777414E+00 1.51456536721E+02 5.40979625988E+00 1.60168003146E+02 3.14880916469E+00 1.53677911472E+02 3.66080641817E+00 1.58142343314E+02 4.27112467557E+00 1.62446145673E+02 5.20792703123E+00 1.57850764932E+02 3.48073577807E+00 
5.40000000000E+01 5.45000000000E+01 5.50000000000E+01 1.65282094779E+02 4.13854412824E+00 1.73542149984E+02 5.52098419867E+00 1.59626092599E+02 3.33264987982E+00 1.65836485895E+02 3.85522044354E+00 1.75475658244E+02 3.89958190807E+00 1.75264588732E+02 5.15183746912E+00 1.66776500050E+02 3.09619960296E+00 
5.50000000000E+01 5.55000000000E+01 5.60000000000E+01 1.69556492805E+02 3.91319546190E+00 1.79987673575E+02 5.01139805401E+00 1.63176142901E+02 3.45745277747E+00 1.68349332641E+02 3.83501978660E+00 1.61706787167E+02 4.11577967016E+00 1.72536419310E+02 5.14919866564E+00 1.59211595630E+02 3.29523075937E+00 
5.60000000000E+01 5.65000000000E+01 5.70000000000E+01 1.43522644126E+02 2.94566862373E+00 1.46343443513E+02 3.89743223354E+00 1.39767252161E+02 2.43732767072E+00 1.45761831254E+02 3.33499169836E+00 1.41255641000E+02 3.28211196472E+00 1.45657058582E+02 4.26814567051E+00 1.42104394079E+02 2.73786950437E+00 
5.70000000000E+01 5.75000000000E+01 5.80000000000E+01 1.42498835433E+02 2.97752157086E+00 1.44463079117E+02 3.66553912065E+00 1.39448279873E+02 2.39533930466E+00 1.37469436777E+02 2.93779150972E+00 1.46798705249E+02 3.23726045409E+00 1.40465828537E+02 3.79041794714E+00 1.42449781568E+02 2.63105379817E+00 
5.80000000000E+01 5.85000000000E+01 5.90000000000E+01 1.40930367967E+02 8.33502187186E+00 1.43113655801E+02 1.10179972234E+01 1.37869823325E+02 6.55461875500E+00 1.47068241340E+02 8.19690300027E+00 1.45581844632E+02 8.50754432640E+00 1.56454996835E+02 1.07645076058E+01 1.40233395606E+02 6.70358090935E+00 
5.90000000000E+01 5.95000000000E+01 6.00000000000E+01 1.39089245237E+02 8.09801001578E+00 1.36612808392E+02 1.05663898476E+01 1.30432455306E+02 6.34850828706E+00 1.33583561965E+02 7.96926165836E+00 1.38499828147E+02 8.22249778936E+00 1.33275928247E+02 1.04132465014E+01 1.32924955892E+02 6.47364509497E+00 
6.00000000000E+01 6.05000000000E+01 6.10000000000E+01 1.26733393841E+02 3.66716545700E+00 1.23786328811E+02 4.65803221597E+00 1.20447599341E+02 2.95881019032E+00 1.17013904158E+02 3.47698935534E+00 1.29480251869E+02 3.91353126857E+00 1.19951035155E+02 4.53545230062E+00 1.27829603572E+02 3.25580625867E+00 
6.10000000000E+01 6.15000000000E+01 6.20000000000E+01 1.12598411469E+02 3.31448173888E+00 1.12028957109E+02 3.95911175774E+00 1.14605685999E+02 2.76317165828E+00 1.14634840303E+02 3.30165838169E+00 1.16454814540E+02 3.33860282891E+00 1.11012280308E+02 4.20555127256E+00 1.14300688680E+02 2.69140276873E+00 
6.20000000000E+01 6.25000000000E+01 6.30000000000E+01 1.24676651148E+02 2.94764886180E+00 1.31215448633E+02 3.97848106411E+00 1.20159325617E+02 2.35757488224E+00 1.19092004875E+02 3.02678877184E+00 1.21483832942E+02 3.41575067561E+00 1.23535216345E+02 4.24648123134E+00 1.19675954857E+02 2.71933061262E+00 
6.30000000000E+01 6.35000000000E+01 6.40000000000E+01 1.17887717588E+02 3.08498336506E+00 1.20139747712E+02 4.07667339039E+00 1.16162755413E+02 2.42211403858E+00 1.15270197242E+02 3.01693527499E+00 1.13752442522E+02 3.06125597314E+00 1.19862087570E+02 4.02262414044E+00 1.15641559683E+02 2.52244316870E+00 
6.40000000000E+01 6.45000000000E+01 6.50000000000E+01 1.03932175101E+02 2.44756250039E+00 1.05694423805E+02 3.19567546412E+00 1.00601975200E+02 2.01036117085E+00 1.01354911658E+02 2.30904663328E+00 1.05259437492E+02 2.54934741136E+00 1.04083743426E+02 3.04352596147E+00 1.03371008911E+02 2.12990578942E+00 
6.50000000000E+01 6.55000000000E+01 6.60000000000E+01 1.13288419319E+02 2.77667793693E+00 1.18778034557E+02 3.88422111804E+00 1.07022237099E+02 2.18075015695E+00 1.10969492392E+02 2.61406567104E+00 1.14172999649E+02 2.96499150198E+00 1.13136141947E+02 3.46198170407E+00 1.09015227958E+02 2.32917190735E+00 
6.60000000000E+01 6.65000000000E+01 6.70000000000E+01 9.62445163045E+01 2.71902243911E+00 1.01152099678E+02 3.45099638711E+00 9.67638175400E+01 2.14718886507E+00 9.78281471883E+01 2.65566030842E+00 1.01475203740E+02 3.29966511940E+00 1.02369695837E+02 3.59379177519E+00 9.84553227188E+01 2.63525825495E+00 
6.70000000000E+01 6.75000000000E+01 6.80000000000E+01 1.05732369690E+02 2.61067474198E+00 1.15375140804E+02 3.26305366309E+00 9.94620821128E+01 2.04891199861E+00 1.08018020598E+02 2.51741996960E+00 1.05590924298E+02 2.61955131439E+00 1.11741434869E+02 3.16588011169E+00 1.00825376250E+02 2.22784226478E+00 
6.80000000000E+01 6.85000000000E+01 6.90000000000E+01 9.72725343883E+01 2.16299366205E+00 1.01080566501E+02 2.75754898366E+00 9.23732072016E+01 1.76787647875E+00 9.62750956170E+01 2.22227746656E+00 9.35411126627E+01 2.24147749556E+00 1.00122005573E+02 2.88713340386E+00 9.03943770053E+01 1.83740203543E+00 
6.90000000000E+01 6.95000000000E+01 7.00000000000E+01 9.68135181161E+01 2.72626663488E+00 9.49890923597E+01 3.43057806833E+00 9.05337932969E+01 2.12782350228E+00 9.70755443456E+01 3.92526026647E+00 9.44136532144E+01 3.01752552743E+00 1.00884706600E+02 5.10924510608E+00 9.06187529478E+01 2.37001125090E+00 
7.00000000000E+01 7.05000000000E+01 7.10000000000E+01 8.12692382821E+01 2.95090439585E+00 8.13287336963E+01 3.84819456503E+00 7.87445563764E+01 2.36139246580E+00 7.93752449108E+01 2.16493001150E+00 8.22804340568E+01 2.73846503447E+00 7.75699974429E+01 2.64846456684E+00 8.28504064982E+01 2.19118766096E+00 
7.10000000000E+01 7.15000000000E+01 7.20000000000E+01 7.49004629249E+01 2.50622740727E+00 6.95563325725E+01 3.86890933336E+00 7.53437769940E+01 2.00427582012E+00 7.85954235060E+01 2.21383765088E+00 8.02909512673E+01 2.24462050948E+00 7.29849400665E+01 2.72803520166E+00 7.99470685156E+01 2.01511391360E+00 
7.20000000000E+01 7.25000000000E+01 7.30000000000E+01 8.09455697552E+01 1.99605047632E+00 8.17644458258E+01 2.69726828422E+00 7.73227227078E+01 1.64653563280E+00 7.93006177655E+01 2.00013708459E+00 7.92631248510E+01 2.13447720415E+00 8.15031724461E+01 2.61239292198E+00 7.68328456042E+01 1.78474216279E+00 
7.30000000000E+01 7.35000000000E+01 7.40000000000E+01 9.17077007179E+01 2.07483702774E+00 9.76612996674E+01 2.70460345114E+00 8.50089086133E+01 1.67845021181E+00 8.87261427152E+01 2.05679832607E+00 9.30433268474E+01 2.19599727568E+00 9.43976586534E+01 2.66647619312E+00 8.75503602849E+01 1.79683697810E+00 
7.40000000000E+01 7.45000000000E+01 7.50000000000E+01 7.83059702038E+01 3.73660068116E+00 7.94207836071E+01 4.86844386674E+00 7.61629105985E+01 2.96712767254E+00 7.31261000180E+01 2.44855287867E+00 7.55214543859E+01 2.80341479264E+00 8.00483211303E+01 3.25935427568E+00 7.45034192520E+01 2.21802944468E+00 
7.50000000000E+01 7.55000000000E+01 7.60000000000E+01 6.70425181149E+01 2.26912251995E+00 6.68403144327E+01 3.04436759318E+00 6.62834017872E+01 1.78641132378E+00 6.63652499758E+01 2.12150434006E+00 6.71070649999E+01 2.42535650335E+00 6.68021011959E+01 2.81936078758E+00 6.57074402577E+01 1.90855468207E+00 
7.60000000000E+01 7.65000000000E+01 7.70000000000E+01 5.55786631948E+01 1.09557007999E+01 5.32148545566E+01 1.42846716236E+01 5.48950184118E+01 8.67081430898E+00 5.86914628253E+01 1.05187259519E+01 5.73416533379E+01 1.13576430556E+01 5.64310828750E+01 1.36481879916E+01 5.74946234636E+01 8.97843950911E+00 
7.70000000000E+01 7.75000000000E+01 7.80000000000E+01 7.64274421238E+01 1.09021058782E+01 8.06826929444E+01 1.41900762557E+01 7.20183676295E+01 8.62689153813E+00 7.55289551055E+01 1.04459653319E+01 7.67372320066E+01 1.12738975684E+01 8.00822911728E+01 1.35606688257E+01 7.00153600445E+01 8.89345138350E+00 
7.80000000000E+01 7.85000000000E+01 7.90000000000E+01 6.79404733634E+01 2.37251436344E+00 7.11524169886E+01 3.16987735631E+00 6.51643134334E+01 1.67456166441E+00 6.50855202510E+01 1.98093046711E+00 6.89117490951E+01 2.14905517013E+00 7.06094688488E+01 2.63913025784E+00 6.64743987733E+01 1.68278798570E+00 
7.90000000000E+01 7.95000000000E+01 8.00000000000E+01 6.28329518261E+01 1.73134276990E+00 6.47426735386E+01 2.24098208242E+00 5.70350953717E+01 1.41553877959E+00 5.73185089541E+01 1.83889063161E+00 5.92882381792E+01 1.81597488217E+00 6.80378399025E+01 2.49363042055E+00 5.68976926100E+01 1.52725000350E+00 
8.00000000000E+01 8.05000000000E+01 8.10000000000E+01 5.99024286445E+01 1.61790572410E+00 6.58625343930E+01 2.24375975472E+00 5.89593346879E+01 1.30504306092E+00 6.11911301965E+01 1.90386722445E+00 5.91308377828E+01 1.65575007749E+00 6.10592990766E+01 2.47477068056E+00 5.79270752619E+01 1.31939232236E+00 
8.10000000000E+01 8.15000000000E+01 8.20000000000E+01 5.51266009877E+01 1.49140506049E+00 5.52362760967E+01 1.85631074969E+00 5.58435918863E+01 1.24631429489E+00 5.59644290803E+01 1.49715717912E+00 5.86034881558E+01 1.62029786273E+00 5.79135420390E+01 1.92678446873E+00 5.64425023430E+01 1.29899629392E+00 
8.20000000000E+01 8.25000000000E+01 8.30000000000E+01 5.78486882255E+01 2.02200688202E+00 5.61745215770E+01 2.48466135645E+00 5.39594009192E+01 1.47916091060E+00 5.66743055988E+01 1.81143941461E+00 5.74559154572E+01 2.00164325039E+00 5.75469241799E+01 2.26978629683E+00 5.53125844718E+01 1.52931247248E+00 
8.30000000000E+01 8.35000000000E+01 8.40000000000E+01 4.80745104066E+01 1.49800497454E+00 4.87043954628E+01 1.97018388713E+00 4.83043760999E+01 1.30471238542E+00 4.91335015227E+01 1.58442453732E+00 4.90744740182E+01 1.72273883686E+00 5.07866149660E+01 2.04978591683E+00 4.82884934469E+01 1.35181225858E+00 
8.40000000000E+01 8.45000000000E+01 8.50000000000E+01 5.38989064618E+01 1.67689167150E+00 5.30706947978E+01 2.07326998065E+00 4.85263202196E+01 1.28765656258E+00 4.86430615932E+01 1.53026562971E+00 4.87129297839E+01 1.67333489997E+00 5.06101705514E+01 1.99791294377E+00 4.75733090047E+01 1.39003394412E+00 
8.50000000000E+01 8.55000000000E+01 8.60000000000E+01 4.69757643375E+01 1.38440992205E+00 4.89503716704E+01 1.75759506253E+00 4.60343157466E+01 1.11089922623E+00 4.73610550830E+01 1.37174947553E+00 4.90218630407E+01 1.42686788122E+00 4.93637637236E+01 1.76543284353E+00 4.73881194338E+01 1.19679157288E+00 
8.60000000000E+01 8.65000000000E+01 8.70000000000E+01 4.86381523796E+01 1.30256613481E+00 5.11239751018E+01 1.80989845089E+00 4.82701965221E+01 1.11097046218E+00 4.67241047213E+01 1.32499454577E+00 5.00619263241E+01 1.44175165733E+00 5.01127141884E+01 1.65380888145E+00 4.59646645152E+01 1.12589936094E+00 
8.70000000000E+01 8.75000000000E+01 8.80000000000E+01 4.66152224791E+01 1.25333881418E+00 4.69604220081E+01 1.61808031829E+00 4.53454489291E+01 1.02147938464E+00 4.65509249824E+01 1.16410614777E+00 4.61259086808E+01 1.18474722012E+00 4.58474458575E+01 1.49744807793E+00 4.47366528864E+01 1.00253436985E+00 
8.80000000000E+01 8.85000000000E+01 8.90000000000E+01 4.25873142026E+01 1.44331596099E+00 4.62453831307E+01 1.92169101631E+00 4.31346529788E+01 1.21627684268E+00 4.45790785182E+01 1.49077160746E+00 4.21435808885E+01 1.60078213915E+00 4.48707316798E+01 1.87896304170E+00 4.20977606071E+01 1.31711750902E+00 
8.90000000000E+01 8.95000000000E+01 9.00000000000E+01 4.15548232012E+01 1.13595742912E+00 4.29976161571E+01 1.46527004646E+00 3.99827724372E+01 9.25187424675E-01 4.39358403845E+01 1.22076505757E+00 4.43270548837E+01 2.59153498169E+00 4.45993320892E+01 1.54214913985E+00 4.04305056300E+01 2.08219946262E+00 
9.00000000000E+01 9.05000000000E+01 9.10000000000E+01 3.88954626124E+01 1.10597039718E+00 4.19236732313E+01 1.47449714946E+00 3.81998081393E+01 9.09527062586E-01 3.99769594323E+01 1.41104204747E+00 4.22430327249E+01 1.17862644658E+00 3.97306909340E+01 1.74444694404E+00 3.93517894234E+01 9.35961587232E-01 
9.10000000000E+01 9.15000000000E+01 9.20000000000E+01 3.77239223248E+01 1.00153873031E+00 3.78879533498E+01 1.35726320616E+00 3.85414331885E+01 8.40557092851E-01 3.88372352154E+01 9.84651726988E-01 3.70042424109E+01 1.04276279041E+00 3.97826044429E+01 1.26416969099E+00 3.72288809754E+01 8.66123436326E-01 
9.20000000000E+01 9.25000000000E+01 9.30000000000E+01 3.68668771690E+01 1.23655738503E+00 3.82041347765E+01 1.65699112320E+00 3.61879800090E+01 9.95004744935E-01 3.57188223898E+01 1.31213295365E+00 3.71636621300E+01 1.17601696199E+00 3.55832679258E+01 1.73908837804E+00 3.62532121297E+01 9.46666090427E-01 
9.30000000000E+01 9.35000000000E+01 9.40000000000E+01 4.23838245277E+01 1.08037406968E+00 4.54891733242E+01 1.36153428596E+00 3.99359499661E+01 9.23962732807E-01 4.29427343389E+01 1.17828925634E+00 4.23372161394E+01 1.10688793438E+00 4.57361106389E+01 1.51364542736E+00 4.00754935870E+01 9.47036211704E-01 
9.40000000000E+01 9.45000000000E+01 9.50000000000E+01 3.65082807445E+01 9.69179456250E-01 3.94358330256E+01 1.29339824302E+00 3.63104170604E+01 8.07543887923E-01 3.80896957600E+01 1.14000863533E+00 3.75654104201E+01 1.01563728194E+00 3.93572261600E+01 1.49938404304E+00 3.37974521619E+01 7.46624365076E-01 
9.50000000000E+01 9.55000000000E+01 9.60000000000E+01 3.88034066464E+01 1.47156596213E+00 4.30113405849E+01 1.98257936446E+00 3.64432909899E+01 1.14531347307E+00 3.86101766792E+01 1.93785837039E+00 3.99460222798E+01 1.20633687006E+00 4.17917572097E+01 2.66163480441E+00 3.59318883434E+01 9.34509521045E-01 
9.60000000000E+01 9.65000000000E+01 9.70000000000E+01 3.27585173368E+01 9.66609628251E-01 3.35434286142E+01 1.20440530654E+00 3.21606921024E+01 7.77032471707E-01 3.27411998632E+01 1.05181836935E+00 3.34121874920E+01 9.84853791651E-01 3.40162572911E+01 1.33137666011E+00 3.23854486639E+01 8.35585932437E-01 
9.70000000000E+01 9.75000000000E+01 9.80000000000E+01 3.77010500153E+01 1.10025520407E+00 3.51768746598E+01 1.26347836926E+00 3.59172936656E+01 9.04221563934E-01 3.67487009663E+01 1.15043577469E+00 3.73549080800E+01 1.08450578592E+00 3.33940910345E+01 1.35673735337E+00 3.65076181700E+01 9.21786625916E-01 
9.80000000000E+01 9.85000000000E+01 9.90000000000E+01 2.99655927718E+01 1.11159540998E+00 2.95405413912E+01 1.39919692222E+00 2.90292177892E+01 8.62820449807E-01 3.03566517102E+01 1.43249161345E+00 3.11710391363E+01 9.62801657088E-01 2.80111607653E+01 2.01454505497E+00 2.92254333582E+01 7.76826776618E-01 
9.90000000000E+01 9.95000000000E+01 1.00000000000E+02 3.00689892082E+01 9.38960472877E-01 3.01091123197E+01 1.20490838244E+00 2.93128491203E+01 7.82981865801E-01 3.06278520777E+01 8.30898680728E-01 3.08130054725E+01 8.95518507352E-01 3.35104119535E+01 1.16251007585E+00 3.14249336353E+01 7.81938649689E-01 
#nx: 3
