#labels: ptz__3p0__3p25_lower[1] ptz__3p0__3p25_center[2] ptz__3p0__3p25_upper[3] tot_scale01[4] tot_scale01_Err[5] tot_scale02[6] tot_scale02_Err[7] tot_scale03[8] tot_scale03_Err[9] tot_scale04[10] tot_scale04_Err[11] tot_scale05[12] tot_scale05_Err[13] tot_scale06[14] tot_scale06_Err[15] tot_scale07[16] tot_scale07_Err[17]
#neval: 155654659868
#overflow:lower center upper 3.88119613016E+02 1.44490620758E+00 3.91095333540E+02 1.91196231402E+00 3.79228495620E+02 1.20290167564E+00 3.90924016991E+02 1.49678661958E+00 3.89242571733E+02 1.34926021664E+00 3.90780313142E+02 1.98416837259E+00 3.77051839874E+02 1.17981375535E+00 
0.00000000000E+00 5.00000000000E-01 1.00000000000E+00 0.00000000000E+00 0.00000000000E+00 0.00000000000E+00 0.00000000000E+00 0.00000000000E+00 0.00000000000E+00 0.00000000000E+00 0.00000000000E+00 0.00000000000E+00 0.00000000000E+00 0.00000000000E+00 0.00000000000E+00 0.00000000000E+00 0.00000000000E+00 
1.00000000000E+00 1.50000000000E+00 2.00000000000E+00 -3.47377260026E+03 3.43178175264E+02 -7.40553575446E+03 4.65011821877E+02 -2.64982890140E+02 2.68664555721E+02 -2.09085452224E+03 2.80414143394E+02 -4.75596902594E+03 4.25804194178E+02 -5.50316580457E+03 3.74744153191E+02 -1.07613950639E+03 3.25567426105E+02 
2.00000000000E+00 2.50000000000E+00 3.00000000000E+00 3.07507347235E+03 1.26767759361E+02 1.37870867539E+03 1.65426853522E+02 4.31429070542E+03 1.03747157472E+02 3.34909799911E+03 1.12587394805E+02 2.81455333959E+03 1.47799007115E+02 1.99744251776E+03 1.40475418142E+02 4.23748356125E+03 1.19990168320E+02 
3.00000000000E+00 3.50000000000E+00 4.00000000000E+00 4.18368980377E+03 8.39309626320E+01 3.46133984909E+03 1.11416091381E+02 4.74764991164E+03 6.76123398624E+01 4.30137588224E+03 7.16745525146E+01 4.13845350197E+03 9.94083203043E+01 3.64854014017E+03 9.14309064447E+01 4.83155107443E+03 7.99313809597E+01 
4.00000000000E+00 4.50000000000E+00 5.00000000000E+00 3.89989843172E+03 6.67974780686E+01 3.47580376899E+03 8.34014846202E+01 4.18182083713E+03 5.23291191155E+01 3.82019502120E+03 5.91383981671E+01 3.84146907832E+03 7.63067721660E+01 3.40358981631E+03 7.56338754180E+01 4.25130388277E+03 6.12088033106E+01 
5.00000000000E+00 5.50000000000E+00 6.00000000000E+00 3.29858862594E+03 5.55011200243E+01 3.02644085048E+03 7.29763155455E+01 3.46456154020E+03 4.54699950330E+01 3.33150907386E+03 4.92461167018E+01 3.45385220269E+03 6.10358517216E+01 3.07183474665E+03 6.51237997639E+01 3.57631261558E+03 5.17735620455E+01 
6.00000000000E+00 6.50000000000E+00 7.00000000000E+00 3.17256063450E+03 4.43277067836E+01 3.06095490542E+03 5.91390752622E+01 3.21637690927E+03 3.65233698320E+01 3.03067947081E+03 3.90027433591E+01 3.22068329224E+03 5.35436574963E+01 2.94332409896E+03 4.92525854395E+01 3.31041158703E+03 4.29199734062E+01 
7.00000000000E+00 7.50000000000E+00 8.00000000000E+00 2.68594787595E+03 3.61202782738E+01 2.62771781325E+03 5.04269360495E+01 2.74050896458E+03 2.96341866377E+01 2.66448543476E+03 3.13767125089E+01 2.65625679325E+03 4.27180994996E+01 2.56285174722E+03 3.96434483616E+01 2.75063807506E+03 3.52968474616E+01 
8.00000000000E+00 8.50000000000E+00 9.00000000000E+00 2.31382211421E+03 3.79948615028E+01 2.23883738884E+03 4.92560272039E+01 2.32645300662E+03 3.09024546651E+01 2.24693837099E+03 3.40867115473E+01 2.35408548232E+03 3.98723049325E+01 2.23467708027E+03 3.61837103374E+01 2.39147889292E+03 3.16085252452E+01 
9.00000000000E+00 9.50000000000E+00 1.00000000000E+01 2.15651918483E+03 2.71649147603E+01 2.18468283840E+03 3.60448409250E+01 2.16114854127E+03 2.32648727546E+01 2.18333803643E+03 2.75604252201E+01 2.25111419173E+03 3.27266053880E+01 2.18754761114E+03 3.50968947045E+01 2.22865077146E+03 2.68021902701E+01 
1.00000000000E+01 1.05000000000E+01 1.10000000000E+01 1.79925852812E+03 2.88817860330E+01 1.72894437113E+03 3.71061538636E+01 1.81520601853E+03 2.34853175643E+01 1.70982426079E+03 2.89427097505E+01 1.88179698526E+03 2.95950901503E+01 1.65778266073E+03 3.70272084957E+01 1.89536269554E+03 2.62636099286E+01 
1.10000000000E+01 1.15000000000E+01 1.20000000000E+01 1.74984040242E+03 2.53843845318E+01 1.73399156080E+03 3.19597390393E+01 1.73092625862E+03 2.06946367814E+01 1.67763645269E+03 2.65170739868E+01 1.70689547345E+03 2.99881356084E+01 1.67466491298E+03 3.41006795857E+01 1.72837166792E+03 2.42178573021E+01 
1.20000000000E+01 1.25000000000E+01 1.30000000000E+01 1.42571970646E+03 2.55013800968E+01 1.40450577740E+03 3.32980899054E+01 1.43602734340E+03 2.00315899123E+01 1.41498928175E+03 2.75250192955E+01 1.50950719602E+03 3.06025934530E+01 1.38844558544E+03 3.64863867540E+01 1.49860521180E+03 2.40284554664E+01 
1.30000000000E+01 1.35000000000E+01 1.40000000000E+01 1.36787730058E+03 2.06023748252E+01 1.37922616262E+03 2.74185286921E+01 1.34838232608E+03 1.68279523618E+01 1.31420798566E+03 1.88919717837E+01 1.38801103142E+03 2.39990615411E+01 1.31825856066E+03 2.35487797240E+01 1.36618330322E+03 1.93291395937E+01 
1.40000000000E+01 1.45000000000E+01 1.50000000000E+01 1.19107065917E+03 2.23363148594E+01 1.17794652517E+03 2.78581630760E+01 1.18533685045E+03 1.65392208286E+01 1.18592450764E+03 2.00035471718E+01 1.19971736410E+03 2.37695814089E+01 1.17552238018E+03 2.54935469088E+01 1.19698754925E+03 1.87630653411E+01 
1.50000000000E+01 1.55000000000E+01 1.60000000000E+01 1.18062629444E+03 1.95188842808E+01 1.19899851913E+03 2.57553128522E+01 1.13059752799E+03 1.50731378722E+01 1.16377424439E+03 1.85381604316E+01 1.22104747849E+03 2.30014867728E+01 1.18521944675E+03 2.38180658066E+01 1.18544816884E+03 1.80187030131E+01 
1.60000000000E+01 1.65000000000E+01 1.70000000000E+01 1.03352936542E+03 1.47657014227E+01 1.06732473194E+03 2.04612725985E+01 1.03043477075E+03 1.25208801836E+01 1.02520987621E+03 1.46425209835E+01 1.02023739437E+03 1.67687246692E+01 1.03644465014E+03 1.90236010910E+01 1.02721400033E+03 1.40663573826E+01 
1.70000000000E+01 1.75000000000E+01 1.80000000000E+01 9.92000786112E+02 1.59064009229E+01 1.00432484018E+03 1.71896162575E+01 9.63351545784E+02 1.30450256098E+01 9.97378174211E+02 1.31945412530E+01 9.95831466611E+02 1.74245717139E+01 1.01384667659E+03 1.72635084254E+01 9.64124499315E+02 1.39952285265E+01 
1.80000000000E+01 1.85000000000E+01 1.90000000000E+01 8.51915206028E+02 1.41579371229E+01 8.68590353950E+02 1.80480459164E+01 8.42145459431E+02 1.15884271261E+01 8.49693469203E+02 1.56262929691E+01 8.61315013531E+02 1.56608331620E+01 8.74748932363E+02 2.04774652990E+01 8.45920053387E+02 1.26012553864E+01 
1.90000000000E+01 1.95000000000E+01 2.00000000000E+01 8.44650070734E+02 1.20493971919E+01 8.67583754993E+02 1.55015424808E+01 8.14663092936E+02 9.94281295172E+00 8.07259221845E+02 1.16004508501E+01 8.49886119093E+02 1.36055155783E+01 8.43594519292E+02 1.51234768065E+01 8.03321172627E+02 1.04047930428E+01 
2.00000000000E+01 2.05000000000E+01 2.10000000000E+01 7.96959851331E+02 1.15898130339E+01 8.21916804166E+02 1.48154310492E+01 7.56801796925E+02 9.25001376831E+00 7.67716087050E+02 1.13554016053E+01 7.95818622793E+02 1.21358551299E+01 7.92588820164E+02 1.42725184551E+01 7.73491365113E+02 9.89379184004E+00 
2.10000000000E+01 2.15000000000E+01 2.20000000000E+01 6.95582012539E+02 1.12857901030E+01 7.31699150892E+02 1.46230389309E+01 6.79850685059E+02 9.18300246061E+00 7.12168626388E+02 1.19545876740E+01 6.99737017065E+02 1.24161997725E+01 7.05632873925E+02 1.39753586025E+01 6.91189672944E+02 1.04690135182E+01 
2.20000000000E+01 2.25000000000E+01 2.30000000000E+01 6.15990130582E+02 1.11710186504E+01 6.13729521842E+02 1.49162858852E+01 6.04277142153E+02 9.20930569195E+00 6.07961626615E+02 1.14587121005E+01 6.36659206945E+02 1.36426444372E+01 6.21406353815E+02 1.48728445973E+01 6.23690653452E+02 1.06436414956E+01 
2.30000000000E+01 2.35000000000E+01 2.40000000000E+01 6.34178805140E+02 9.57796491539E+00 6.60436056040E+02 1.26774817722E+01 6.09836432692E+02 7.85410206476E+00 6.31644986201E+02 1.04385526833E+01 6.37757485322E+02 1.07813071052E+01 6.52970518732E+02 1.30014144139E+01 6.21508436080E+02 8.78114179815E+00 
2.40000000000E+01 2.45000000000E+01 2.50000000000E+01 5.53436951300E+02 9.74798147405E+00 5.55122179977E+02 1.23568763135E+01 5.25734068052E+02 7.34576689435E+00 5.32629853122E+02 9.81509324011E+00 5.39996667809E+02 1.00614417635E+01 5.33761334304E+02 1.27120386479E+01 5.33765842418E+02 8.11074522050E+00 
2.50000000000E+01 2.55000000000E+01 2.60000000000E+01 5.33262829339E+02 1.02135455281E+01 5.36494053661E+02 1.34674933987E+01 4.93512586034E+02 7.56743476813E+00 5.37978216673E+02 9.23540634786E+00 5.20192703498E+02 1.08658962398E+01 5.76299550032E+02 1.28329402592E+01 4.90824576973E+02 8.16122319447E+00 
2.60000000000E+01 2.65000000000E+01 2.70000000000E+01 4.90009726221E+02 9.19131205521E+00 4.97323013122E+02 1.22464659496E+01 4.85176461501E+02 7.56988659636E+00 4.99176831948E+02 9.37926831056E+00 4.92024405661E+02 9.97279472054E+00 5.15872574600E+02 1.25297953708E+01 4.84595513548E+02 7.93659760513E+00 
2.70000000000E+01 2.75000000000E+01 2.80000000000E+01 4.66249997831E+02 7.73703893075E+00 4.83585107963E+02 9.83003145511E+00 4.51120352594E+02 6.29937353403E+00 4.77132064451E+02 7.49711562207E+00 4.72042760812E+02 8.16944141473E+00 4.74648278870E+02 9.72516374821E+00 4.59329473688E+02 6.66507131545E+00 
2.80000000000E+01 2.85000000000E+01 2.90000000000E+01 4.59979356840E+02 7.91442367192E+00 5.03419243859E+02 1.08365649835E+01 4.34802326820E+02 6.33225440055E+00 4.58601117277E+02 7.94392563470E+00 4.99681845452E+02 9.27601660503E+00 4.65152976651E+02 1.00435684399E+01 4.67750869962E+02 7.25791968006E+00 
2.90000000000E+01 2.95000000000E+01 3.00000000000E+01 4.05462467623E+02 6.89644965353E+00 4.14159345146E+02 8.21133058794E+00 3.90944798700E+02 5.75342278453E+00 3.96376453419E+02 6.75877434075E+00 4.01956307881E+02 7.10493526766E+00 4.18211353133E+02 8.74770157757E+00 3.84961720147E+02 5.91017593139E+00 
3.00000000000E+01 3.05000000000E+01 3.10000000000E+01 3.65448094934E+02 7.37382597575E+00 3.85142024431E+02 8.25526607303E+00 3.62123437891E+02 6.16628938257E+00 3.80799430822E+02 6.65117326618E+00 3.72409153017E+02 7.52738897152E+00 3.86700197257E+02 7.97119242462E+00 3.62959886614E+02 5.98806358113E+00 
3.10000000000E+01 3.15000000000E+01 3.20000000000E+01 3.90643650004E+02 7.89387684008E+00 4.02803450609E+02 1.01312690742E+01 3.73735504653E+02 6.35121997892E+00 3.96382505558E+02 6.83046258632E+00 4.07173973970E+02 7.70898321420E+00 4.15222713928E+02 8.42643446955E+00 3.85459117573E+02 6.13491033504E+00 
3.20000000000E+01 3.25000000000E+01 3.30000000000E+01 3.44927537636E+02 6.68754858004E+00 3.51655618824E+02 8.18887581855E+00 3.36016178746E+02 5.22338618339E+00 3.42711923975E+02 6.52425090194E+00 3.47305949491E+02 7.19743007060E+00 3.54073431274E+02 8.26691089586E+00 3.37191401069E+02 5.78632439172E+00 
3.30000000000E+01 3.35000000000E+01 3.40000000000E+01 3.25336391523E+02 5.39887205133E+00 3.51027082757E+02 7.48660177965E+00 3.03952239843E+02 4.22120956535E+00 3.10464764777E+02 4.93635000069E+00 3.30681429050E+02 6.25506702013E+00 3.23732656952E+02 6.22692006042E+00 3.12842347327E+02 4.90165377591E+00 
3.40000000000E+01 3.45000000000E+01 3.50000000000E+01 2.69792404641E+02 6.23894981842E+00 2.61806988126E+02 8.30779174596E+00 2.84066282357E+02 5.56385784749E+00 2.90663558654E+02 6.02684849561E+00 2.87572202529E+02 6.44234067015E+00 2.79442942017E+02 7.57826223783E+00 2.82384965496E+02 5.81582198007E+00 
3.50000000000E+01 3.55000000000E+01 3.60000000000E+01 2.86008847901E+02 5.47414462136E+00 3.03737576021E+02 7.38946356212E+00 2.80111257280E+02 4.63312716721E+00 2.81123662220E+02 5.96556940737E+00 2.95322676021E+02 6.46976831724E+00 2.94792602279E+02 7.84867228046E+00 2.88612831358E+02 5.32788688124E+00 
3.60000000000E+01 3.65000000000E+01 3.70000000000E+01 2.71221466023E+02 5.76763307791E+00 2.90410338299E+02 7.35805225649E+00 2.56435779087E+02 4.62801975956E+00 2.56745441678E+02 5.40764705737E+00 2.63727346731E+02 5.60344495119E+00 2.84559764086E+02 7.30796941817E+00 2.64800782090E+02 4.76133127403E+00 
3.70000000000E+01 3.75000000000E+01 3.80000000000E+01 2.21876830958E+02 1.13088686878E+01 2.46840218573E+02 6.48844461387E+00 2.34460588567E+02 4.20591682700E+00 2.45018092235E+02 5.50335853948E+00 2.39158206550E+02 5.62719534221E+00 2.52013223137E+02 7.01157417538E+00 2.33366017924E+02 4.55102246193E+00 
3.80000000000E+01 3.85000000000E+01 3.90000000000E+01 2.56979625664E+02 5.60894969642E+00 2.75278865102E+02 7.27625724247E+00 2.51702410525E+02 4.65878790555E+00 2.38894981925E+02 5.18409492641E+00 2.46272485583E+02 6.27031744650E+00 2.58387918649E+02 6.96228589214E+00 2.49143915601E+02 5.36051765105E+00 
3.90000000000E+01 3.95000000000E+01 4.00000000000E+01 2.33015637755E+02 4.98511671767E+00 2.45739805073E+02 6.92209809835E+00 2.29831315908E+02 4.38085864839E+00 2.33503147301E+02 5.18741246377E+00 2.40729963386E+02 5.51261959589E+00 2.39435436299E+02 6.19235664734E+00 2.30358811594E+02 4.62420053437E+00 
4.00000000000E+01 4.05000000000E+01 4.10000000000E+01 2.08110248581E+02 4.17827572649E+00 2.11022652649E+02 5.13005397895E+00 2.05226776231E+02 3.61315825465E+00 2.06273843114E+02 4.17294593645E+00 2.09956992880E+02 4.30095455369E+00 2.09574838906E+02 5.12254164820E+00 2.01884646295E+02 3.56211072724E+00 
4.10000000000E+01 4.15000000000E+01 4.20000000000E+01 1.96871901001E+02 3.84666143256E+00 2.05270325630E+02 4.61061064510E+00 1.92380553675E+02 3.05421244996E+00 1.89708748645E+02 3.96905819396E+00 2.00761945103E+02 4.05853289252E+00 1.92974898799E+02 4.91353986234E+00 1.92669116208E+02 3.36468364024E+00 
4.20000000000E+01 4.25000000000E+01 4.30000000000E+01 2.10107503988E+02 3.99532623273E+00 2.18026956269E+02 5.00574392059E+00 1.99548129468E+02 3.34757353624E+00 2.02135754683E+02 4.00920109778E+00 2.09254031509E+02 4.39396113955E+00 2.15056817923E+02 5.52118151319E+00 1.96317990255E+02 3.67073283312E+00 
4.30000000000E+01 4.35000000000E+01 4.40000000000E+01 1.82477435276E+02 4.08445318135E+00 1.85963762150E+02 5.08345176414E+00 1.71320376718E+02 3.14374934861E+00 1.72455444089E+02 3.77061356498E+00 1.83614608293E+02 4.17145989127E+00 1.72720611759E+02 4.63966521313E+00 1.72194429786E+02 3.23752143431E+00 
4.40000000000E+01 4.45000000000E+01 4.50000000000E+01 1.66598177384E+02 3.72533800146E+00 1.80954462484E+02 5.38385710345E+00 1.64360296424E+02 3.13903276998E+00 1.77360928876E+02 4.86721167744E+00 1.69442674192E+02 3.55467011630E+00 1.79844558722E+02 6.30887201486E+00 1.80795171626E+02 3.44101941641E+00 
4.50000000000E+01 4.55000000000E+01 4.60000000000E+01 1.67158132084E+02 2.92895602641E+00 1.76533086040E+02 3.92630260197E+00 1.58202646845E+02 2.40142668242E+00 1.60884067250E+02 3.07252532892E+00 1.67915026554E+02 3.28010971699E+00 1.71760539430E+02 4.03375063708E+00 1.60107291340E+02 2.67849412156E+00 
4.60000000000E+01 4.65000000000E+01 4.70000000000E+01 1.35436962056E+02 3.25745469741E+00 1.34988365379E+02 4.37347924283E+00 1.32256446074E+02 2.51748607985E+00 1.32117828167E+02 2.97418590868E+00 1.36383908917E+02 3.19677921235E+00 1.34218303417E+02 4.12587679189E+00 1.33792097073E+02 2.65164391353E+00 
4.70000000000E+01 4.75000000000E+01 4.80000000000E+01 1.46429952508E+02 3.06438362106E+00 1.44432502564E+02 4.67234676079E+00 1.49197102097E+02 2.81908590109E+00 1.54020361307E+02 3.51206875495E+00 1.41749179306E+02 3.12686926688E+00 1.50006739294E+02 4.95992334344E+00 1.44551959216E+02 2.84421522308E+00 
4.80000000000E+01 4.85000000000E+01 4.90000000000E+01 1.35077187937E+02 2.95339101601E+00 1.42091784453E+02 3.43582960877E+00 1.28173915943E+02 2.49690246215E+00 1.37480495929E+02 2.87250177455E+00 1.38527042507E+02 3.35344986231E+00 1.44263534920E+02 3.91912966928E+00 1.29615390633E+02 2.48958995148E+00 
4.90000000000E+01 4.95000000000E+01 5.00000000000E+01 1.26479591527E+02 3.29909830803E+00 1.26533048615E+02 4.39421338383E+00 1.26312384624E+02 2.83847268132E+00 1.29267059531E+02 3.12663938256E+00 1.32981175083E+02 3.75665814396E+00 1.29697341279E+02 3.87990392844E+00 1.29119056324E+02 2.92860636611E+00 
5.00000000000E+01 5.05000000000E+01 5.10000000000E+01 1.32823018529E+02 3.53203424949E+00 1.32035210303E+02 4.52986215195E+00 1.27885190114E+02 2.86476243951E+00 1.33417653195E+02 3.19903516114E+00 1.42203168449E+02 3.40087870373E+00 1.38996031069E+02 4.13378524748E+00 1.33174973996E+02 2.74790136835E+00 
5.10000000000E+01 5.15000000000E+01 5.20000000000E+01 1.28909874866E+02 3.14695220712E+00 1.15385504078E+02 3.05177072977E+00 1.09066664633E+02 1.98249310956E+00 1.28146539767E+02 3.21918050537E+00 1.26792126490E+02 3.18804708605E+00 1.26562729865E+02 3.68177316534E+00 1.09742691866E+02 2.08439620150E+00 
5.20000000000E+01 5.25000000000E+01 5.30000000000E+01 1.09837267120E+02 2.34275072412E+00 1.08036995123E+02 3.04735651510E+00 1.05691270676E+02 2.03247677526E+00 1.08724606786E+02 2.50165786389E+00 1.06840978994E+02 2.64618887459E+00 1.06986938855E+02 3.13927251912E+00 1.07028729392E+02 2.05537350253E+00 
5.30000000000E+01 5.35000000000E+01 5.40000000000E+01 1.11347191095E+02 2.55407270499E+00 1.21993079024E+02 3.47498721635E+00 1.13184680801E+02 2.25607345884E+00 1.14379375283E+02 2.80169533193E+00 1.16537201298E+02 3.16127599178E+00 1.17533019198E+02 3.69215195974E+00 1.15370053024E+02 2.32079908298E+00 
5.40000000000E+01 5.45000000000E+01 5.50000000000E+01 1.00548693932E+02 2.02307056407E+00 1.04286292284E+02 2.43345298363E+00 1.02280431290E+02 2.00389821575E+00 1.03115949121E+02 2.09827384008E+00 9.91770956572E+01 2.17948231782E+00 1.05455219771E+02 2.52947230350E+00 9.70674095653E+01 1.91912601744E+00 
5.50000000000E+01 5.55000000000E+01 5.60000000000E+01 9.28829029704E+01 2.52028988666E+00 9.56971994596E+01 3.12778101740E+00 8.92081633194E+01 1.84747184882E+00 9.38688736603E+01 2.44570115399E+00 9.63861141179E+01 2.54127982665E+00 9.68450747122E+01 3.09406659724E+00 9.67632326756E+01 2.05255418011E+00 
5.60000000000E+01 5.65000000000E+01 5.70000000000E+01 9.76774980462E+01 2.70299977776E+00 9.12834414647E+01 2.85909434954E+00 9.47448027664E+01 2.23487484784E+00 9.38060010501E+01 2.47726329333E+00 8.51704005158E+01 2.28371120138E+00 9.83135939609E+01 3.15722597019E+00 9.39489095698E+01 2.25990504597E+00 
5.70000000000E+01 5.75000000000E+01 5.80000000000E+01 9.05989170392E+01 1.78175586247E+00 9.57147920728E+01 2.24602641575E+00 9.28289620907E+01 1.80706882280E+00 8.81791122747E+01 1.92791605780E+00 9.97117927322E+01 2.23998203466E+00 9.54456813684E+01 2.61973973887E+00 9.88108829238E+01 1.97244656618E+00 
5.80000000000E+01 5.85000000000E+01 5.90000000000E+01 8.16285512870E+01 2.23829169985E+00 8.18865341501E+01 2.68270979082E+00 7.89905429745E+01 1.95114372065E+00 8.51198454551E+01 1.80436002978E+00 8.02714472546E+01 2.22243478421E+00 8.98648057634E+01 2.70824719028E+00 8.56430511768E+01 1.79800819474E+00 
5.90000000000E+01 5.95000000000E+01 6.00000000000E+01 7.96756819065E+01 1.81248420882E+00 8.45427717436E+01 2.12610906829E+00 7.82421331400E+01 1.58187967744E+00 8.09872708014E+01 1.90223555205E+00 8.30502219689E+01 1.97014391534E+00 8.10690714422E+01 2.29822963924E+00 7.87382244228E+01 1.68836563370E+00 
6.00000000000E+01 6.05000000000E+01 6.10000000000E+01 7.79082569640E+01 2.15067435072E+00 7.83921718571E+01 2.45132691567E+00 7.17108293102E+01 1.51212145219E+00 7.84065719448E+01 1.96599762061E+00 6.64539959629E+01 2.36864186714E+00 7.26055401978E+01 2.51101822139E+00 6.91511403284E+01 2.04297385505E+00 
6.10000000000E+01 6.15000000000E+01 6.20000000000E+01 7.30381095958E+01 2.22109220010E+00 6.98424914462E+01 2.44780713134E+00 6.87001489757E+01 1.76734319038E+00 6.59346615298E+01 1.94620406667E+00 7.40745626449E+01 2.28012468694E+00 7.06983177364E+01 2.64270220558E+00 6.97916019507E+01 1.84866335429E+00 
6.20000000000E+01 6.25000000000E+01 6.30000000000E+01 6.76137873907E+01 1.92168491238E+00 6.81247167835E+01 2.44130397389E+00 6.71971962255E+01 1.54706800781E+00 6.80480064873E+01 1.91310913653E+00 6.44464412578E+01 1.74374406191E+00 7.02480911883E+01 2.66655998293E+00 6.35290495047E+01 1.57940971831E+00 
6.30000000000E+01 6.35000000000E+01 6.40000000000E+01 6.50879358754E+01 1.70062266956E+00 6.52946892914E+01 2.19346928756E+00 6.29600495964E+01 1.50635072538E+00 6.82560199627E+01 1.96614112818E+00 6.57254621019E+01 1.70830343029E+00 6.84594796867E+01 2.33672502520E+00 6.33809630628E+01 1.49762195344E+00 
6.40000000000E+01 6.45000000000E+01 6.50000000000E+01 5.68503008461E+01 2.02247202785E+00 5.63612012388E+01 2.98986781155E+00 6.28064145875E+01 1.47758339762E+00 6.72597859071E+01 2.00674799084E+00 5.43268816764E+01 2.11648644064E+00 5.69866487634E+01 2.63397239936E+00 6.05122914286E+01 1.73522101106E+00 
6.50000000000E+01 6.55000000000E+01 6.60000000000E+01 6.64577509024E+01 1.82187766826E+00 7.11029882052E+01 2.39474065111E+00 6.89267812906E+01 1.53554406495E+00 6.88506836339E+01 1.73918368846E+00 6.16094283000E+01 1.70330435482E+00 6.77284788406E+01 2.00233023687E+00 6.53552289396E+01 1.45911650647E+00 
6.60000000000E+01 6.65000000000E+01 6.70000000000E+01 5.62419191746E+01 1.55435138096E+00 5.75683059854E+01 2.06671343095E+00 5.92220188003E+01 1.42374152818E+00 6.62107980857E+01 1.89932540984E+00 5.78311371903E+01 1.58732494159E+00 5.94114145887E+01 2.18676946571E+00 6.09113233255E+01 1.41340723816E+00 
6.70000000000E+01 6.75000000000E+01 6.80000000000E+01 5.66623335087E+01 1.63900517371E+00 5.80121534591E+01 2.12182738306E+00 5.09066244264E+01 1.25212005972E+00 5.36284634707E+01 1.71276630354E+00 5.18983658668E+01 1.46986532969E+00 5.21565776781E+01 2.05741142165E+00 5.51311303507E+01 1.48061256117E+00 
6.80000000000E+01 6.85000000000E+01 6.90000000000E+01 4.84757573108E+01 1.55232859290E+00 5.05520022076E+01 1.96234509067E+00 4.83353610650E+01 1.33468178084E+00 4.92344798001E+01 1.68632900488E+00 4.94955105895E+01 1.49643888935E+00 4.74360479982E+01 2.03991667060E+00 4.90114209170E+01 1.29156304375E+00 
6.90000000000E+01 6.95000000000E+01 7.00000000000E+01 6.54095991407E+01 1.71311316235E+00 7.19421859773E+01 2.35346178201E+00 6.14856515159E+01 1.45905381742E+00 6.57930591712E+01 1.78282804924E+00 6.30031307615E+01 1.73809219347E+00 7.28788288672E+01 2.40094411801E+00 6.16622869731E+01 1.48424951221E+00 
7.00000000000E+01 7.05000000000E+01 7.10000000000E+01 4.59147107004E+01 1.25602717810E+00 4.73898047382E+01 1.64546894749E+00 4.67816800941E+01 1.11971330234E+00 4.70298173325E+01 1.26662722309E+00 4.60095777708E+01 1.35595543804E+00 5.03754494335E+01 1.78032453013E+00 4.66409384148E+01 1.24422068550E+00 
7.10000000000E+01 7.15000000000E+01 7.20000000000E+01 5.18444635778E+01 1.48930294252E+00 5.17694705108E+01 1.71844207284E+00 5.06191721420E+01 1.24107434727E+00 4.74807555089E+01 1.38367985360E+00 5.07234828319E+01 1.64055406658E+00 5.01493912942E+01 1.81627592784E+00 4.74097285855E+01 1.27412372198E+00 
7.20000000000E+01 7.25000000000E+01 7.30000000000E+01 5.10366095970E+01 1.55925151941E+00 4.87653851820E+01 1.71744644172E+00 4.34184832213E+01 1.07944428606E+00 5.00151849012E+01 1.60151059573E+00 4.45435589861E+01 1.39337806795E+00 5.29676024174E+01 2.07218505529E+00 4.79124982947E+01 1.32394054763E+00 
7.30000000000E+01 7.35000000000E+01 7.40000000000E+01 4.01398525029E+01 1.20550779001E+00 4.33473716842E+01 2.06371136119E+00 3.80505771263E+01 9.45358602290E-01 4.06048358025E+01 1.12259872046E+00 4.09498721796E+01 1.27469972875E+00 4.14068365808E+01 1.43558822159E+00 3.77196062661E+01 9.80995956755E-01 
7.40000000000E+01 7.45000000000E+01 7.50000000000E+01 3.88897764254E+01 1.08499228050E+00 4.00432209489E+01 1.42929633724E+00 3.82280799406E+01 9.44161308960E-01 3.94655676307E+01 1.19496606754E+00 3.98342598615E+01 1.29118950086E+00 4.03015136915E+01 1.40789729821E+00 3.79154884666E+01 1.02078479476E+00 
7.50000000000E+01 7.55000000000E+01 7.60000000000E+01 3.36663711335E+01 1.40704104626E+00 3.66504727369E+01 1.63164342803E+00 3.62996441280E+01 1.17986997499E+00 3.88584864808E+01 1.28472927632E+00 3.49636875250E+01 1.40090294173E+00 3.80494889013E+01 1.69373395781E+00 3.49328847813E+01 1.10151217887E+00 
7.60000000000E+01 7.65000000000E+01 7.70000000000E+01 3.69377456679E+01 9.07640452938E-01 3.72830726604E+01 1.23146538854E+00 3.55201039012E+01 7.22546870898E-01 3.69090337581E+01 9.45950432879E-01 3.66157093085E+01 9.81818799808E-01 3.84488578866E+01 1.19811047663E+00 3.70011188081E+01 8.66523364481E-01 
7.70000000000E+01 7.75000000000E+01 7.80000000000E+01 3.44961831340E+01 1.57615299382E+00 3.57530857325E+01 2.06494797299E+00 3.33719065089E+01 1.28410240928E+00 3.48430060766E+01 1.64234937368E+00 3.17032277233E+01 1.66265344354E+00 3.63430316093E+01 2.14211374757E+00 3.09520422471E+01 1.30354657417E+00 
7.80000000000E+01 7.85000000000E+01 7.90000000000E+01 3.04598965839E+01 1.65206935169E+00 3.31207253308E+01 2.26633485825E+00 3.09519003250E+01 1.31614111332E+00 3.22184967952E+01 1.82239526812E+00 3.26904597943E+01 1.57805552279E+00 3.57542057305E+01 2.53873422858E+00 3.58265077635E+01 1.34445848404E+00 
7.90000000000E+01 7.95000000000E+01 8.00000000000E+01 3.32042487684E+01 1.02485721291E+00 3.50828159061E+01 1.29446824353E+00 3.20339238430E+01 8.42145404052E-01 3.35863615754E+01 1.27954426960E+00 3.36489511874E+01 9.69558236818E-01 3.51307485452E+01 1.68694118523E+00 3.19384507814E+01 7.92180549541E-01 
8.00000000000E+01 8.05000000000E+01 8.10000000000E+01 2.91112393656E+01 9.76158871469E-01 2.93756520941E+01 1.19712934668E+00 3.23631809534E+01 9.27286237466E-01 3.32774613276E+01 1.21267177902E+00 3.10139385710E+01 1.04768412506E+00 2.68265550665E+01 1.47758261906E+00 3.14314915393E+01 9.27133880159E-01 
8.10000000000E+01 8.15000000000E+01 8.20000000000E+01 3.15569636135E+01 8.76111651704E-01 3.31496309451E+01 1.12910761520E+00 3.04499974278E+01 7.44603506433E-01 3.17629151794E+01 9.95489390741E-01 3.38245237086E+01 1.03991274706E+00 3.19879715465E+01 1.17457135579E+00 2.87859380013E+01 7.42290118751E-01 
8.20000000000E+01 8.25000000000E+01 8.30000000000E+01 2.81796874499E+01 9.00551909252E-01 2.94436325854E+01 1.26376013558E+00 2.91037099226E+01 7.81939520026E-01 2.80062203996E+01 1.02218906928E+00 2.63501259555E+01 9.81129130494E-01 2.75819907756E+01 1.25428136546E+00 2.76137645320E+01 8.56431322691E-01 
8.30000000000E+01 8.35000000000E+01 8.40000000000E+01 2.98483143455E+01 1.49854034216E+00 3.11809340823E+01 2.03188223250E+00 2.81358010001E+01 1.14777682019E+00 3.29057853793E+01 2.12520283700E+00 3.24005798565E+01 1.26675002975E+00 3.45769516352E+01 2.84676535884E+00 2.78108324026E+01 9.08839109999E-01 
8.40000000000E+01 8.45000000000E+01 8.50000000000E+01 2.48737214868E+01 1.42228728155E+00 2.49684689771E+01 1.95469391008E+00 2.27582591121E+01 1.12300979821E+00 2.17525544287E+01 2.02232998583E+00 2.37041132865E+01 1.08674448187E+00 2.04030787268E+01 2.79536337303E+00 2.44768117994E+01 9.21752260237E-01 
8.50000000000E+01 8.55000000000E+01 8.60000000000E+01 2.84649897424E+01 8.41707067725E-01 3.09182181606E+01 1.09253832029E+00 2.56647536178E+01 7.53232017165E-01 2.59207353044E+01 9.22761088508E-01 2.64729327314E+01 9.29554402706E-01 2.78608394503E+01 1.22862582286E+00 2.59194352334E+01 7.72994279411E-01 
8.60000000000E+01 8.65000000000E+01 8.70000000000E+01 2.39655177670E+01 6.82209587980E-01 2.46993745285E+01 9.16667672912E-01 2.25183125474E+01 5.87135488940E-01 2.44312534527E+01 7.25024712264E-01 2.46078521644E+01 7.60194939353E-01 2.45708459116E+01 1.01542106586E+00 2.34106906210E+01 6.12186319040E-01 
8.70000000000E+01 8.75000000000E+01 8.80000000000E+01 2.45840477853E+01 8.87719137083E-01 2.65246166007E+01 1.04111087628E+00 2.29061633938E+01 6.65256108440E-01 2.23127009129E+01 7.41878336323E-01 2.27833677822E+01 8.14880651571E-01 2.71111954357E+01 1.20962987884E+00 2.20458561784E+01 6.60624454177E-01 
8.80000000000E+01 8.85000000000E+01 8.90000000000E+01 2.44327754131E+01 8.12491547940E-01 2.33335829675E+01 9.52935825373E-01 2.35637389709E+01 6.90009144161E-01 2.63172076750E+01 8.70880271905E-01 2.41900415459E+01 7.32376609727E-01 2.54409022070E+01 9.99582048808E-01 2.32548723389E+01 6.15895793998E-01 
8.90000000000E+01 8.95000000000E+01 9.00000000000E+01 1.96293404123E+01 8.25274621129E-01 2.25786278831E+01 1.01336208266E+00 1.96362428548E+01 6.62876181011E-01 1.90625725485E+01 9.50603370071E-01 1.90070195779E+01 7.96145403035E-01 1.87490076305E+01 1.22915347244E+00 1.93296519702E+01 6.58081221721E-01 
9.00000000000E+01 9.05000000000E+01 9.10000000000E+01 1.94792361283E+01 7.34386582925E-01 1.99925437793E+01 9.59325353544E-01 1.91318347776E+01 6.36747537135E-01 1.87005489397E+01 7.64265660370E-01 1.98085203020E+01 8.29088218072E-01 1.86277043382E+01 1.01893124001E+00 1.95263213999E+01 6.71343660917E-01 
9.10000000000E+01 9.15000000000E+01 9.20000000000E+01 2.03203569251E+01 5.82375904295E-01 2.03683897376E+01 6.98374684353E-01 2.14534348697E+01 5.44107999597E-01 2.04021505145E+01 5.96396634662E-01 1.92828677670E+01 5.59157587863E-01 2.13757840046E+01 8.43492488466E-01 1.85592765899E+01 4.52264068694E-01 
9.20000000000E+01 9.25000000000E+01 9.30000000000E+01 1.86126861979E+01 7.39780419284E-01 1.91862243467E+01 8.22731200337E-01 1.81268743438E+01 6.11386619512E-01 1.95343898942E+01 7.50516969729E-01 1.86298836951E+01 7.05896830470E-01 1.95202284535E+01 1.02060363782E+00 1.79276270050E+01 5.50335550745E-01 
9.30000000000E+01 9.35000000000E+01 9.40000000000E+01 2.03686088038E+01 6.48226813053E-01 2.12813552303E+01 7.79101015577E-01 1.89669809554E+01 5.22983182201E-01 1.81016803135E+01 6.55685414481E-01 1.73693236521E+01 6.41141888008E-01 1.97246293612E+01 9.40871980293E-01 1.78346772879E+01 5.69716399256E-01 
9.40000000000E+01 9.45000000000E+01 9.50000000000E+01 1.83043074944E+01 6.30806279825E-01 1.96384591476E+01 8.42983840386E-01 1.69177234355E+01 5.63383310929E-01 1.77673841071E+01 7.46956429740E-01 1.76151775814E+01 6.33690285285E-01 1.83297699818E+01 9.88292337307E-01 1.71606012923E+01 5.53434043878E-01 
9.50000000000E+01 9.55000000000E+01 9.60000000000E+01 1.58305508992E+01 1.16273019749E+00 1.58618602389E+01 1.49817984878E+00 1.79191763805E+01 7.96377930166E-01 1.82732194716E+01 7.07961148387E-01 1.81860450193E+01 9.21047730349E-01 1.96102830499E+01 8.11915282428E-01 1.66596662178E+01 7.18006173362E-01 
9.60000000000E+01 9.65000000000E+01 9.70000000000E+01 1.43783099945E+01 6.27029290861E-01 1.44185573190E+01 8.32625565025E-01 1.44269683905E+01 5.27431352992E-01 1.46943670021E+01 5.85441667002E-01 1.42024953296E+01 7.31530708428E-01 1.47434768473E+01 7.93671634078E-01 1.37555274008E+01 5.67927519235E-01 
9.70000000000E+01 9.75000000000E+01 9.80000000000E+01 1.72407048702E+01 6.89157403878E-01 1.49732744174E+01 8.18230097226E-01 1.51463464252E+01 5.24153605159E-01 1.79858264398E+01 7.79079060148E-01 1.49985877088E+01 6.78856279086E-01 1.53238741903E+01 9.41673865702E-01 1.44424308822E+01 5.38973922775E-01 
9.80000000000E+01 9.85000000000E+01 9.90000000000E+01 1.29634726201E+01 6.54224336370E-01 1.23646582846E+01 8.35110199411E-01 1.32466117199E+01 5.69791919877E-01 1.33688645211E+01 7.56344409102E-01 1.36653760135E+01 6.84349467360E-01 1.27410260153E+01 1.01617984664E+00 1.32151490999E+01 5.39412874035E-01 
9.90000000000E+01 9.95000000000E+01 1.00000000000E+02 1.55673759348E+01 6.41466723701E-01 1.43051365075E+01 7.34944016143E-01 1.35061974337E+01 4.67862356609E-01 1.33256708229E+01 6.55020295967E-01 1.60333767877E+01 6.58387698010E-01 1.68424756868E+01 8.18787354287E-01 1.31119305841E+01 4.72088145951E-01 
#nx: 3
