#labels: ptz__1p0__1p25_lower[1] ptz__1p0__1p25_center[2] ptz__1p0__1p25_upper[3] tot_scale01[4] tot_scale01_Err[5] tot_scale02[6] tot_scale02_Err[7] tot_scale03[8] tot_scale03_Err[9] tot_scale04[10] tot_scale04_Err[11] tot_scale05[12] tot_scale05_Err[13] tot_scale06[14] tot_scale06_Err[15] tot_scale07[16] tot_scale07_Err[17]
#neval: 155654659868
#overflow:lower center upper 1.41683480483E+03 2.89672735674E+00 1.41759614380E+03 3.81969655700E+00 1.39181885765E+03 2.45966685547E+00 1.41664007650E+03 3.27363276478E+00 1.41985107304E+03 3.30181329882E+00 1.41828397211E+03 4.32995031303E+00 1.39703627982E+03 2.78253571756E+00 
0.00000000000E+00 5.00000000000E-01 1.00000000000E+00 0.00000000000E+00 0.00000000000E+00 0.00000000000E+00 0.00000000000E+00 0.00000000000E+00 0.00000000000E+00 0.00000000000E+00 0.00000000000E+00 0.00000000000E+00 0.00000000000E+00 0.00000000000E+00 0.00000000000E+00 0.00000000000E+00 0.00000000000E+00 
1.00000000000E+00 1.50000000000E+00 2.00000000000E+00 -7.92279994850E+03 3.50673127834E+02 -1.20728143766E+04 4.60870123068E+02 -3.78909230036E+03 2.74228677167E+02 -5.61997452366E+03 2.89974879306E+02 -9.69267920932E+03 4.00231981760E+02 -9.60161628414E+03 3.92426027051E+02 -5.02010634801E+03 3.13037037445E+02 
2.00000000000E+00 2.50000000000E+00 3.00000000000E+00 2.22240919901E+03 1.65456921383E+02 -1.63353443718E+02 2.15601440897E+02 4.19262160436E+03 1.33352050600E+02 2.83521499283E+03 1.42985549201E+02 1.38031200099E+03 1.98849229551E+02 6.67825565476E+02 1.86431412613E+02 3.60259425468E+03 1.57357146276E+02 
3.00000000000E+00 3.50000000000E+00 4.00000000000E+00 4.86907314954E+03 1.07412938050E+02 3.81507873993E+03 1.40791220271E+02 5.85726960842E+03 8.83889589667E+01 5.08203759454E+03 9.37741112427E+01 4.69262870121E+03 1.31110132682E+02 4.07169095958E+03 1.20759413882E+02 5.64601403463E+03 1.04823075145E+02 
4.00000000000E+00 4.50000000000E+00 5.00000000000E+00 4.61246607583E+03 8.79880047392E+01 3.82919385706E+03 1.14476632170E+02 5.21720435082E+03 7.14244925427E+01 4.76206180224E+03 7.58889690511E+01 4.54584679663E+03 1.03960811595E+02 4.36994242814E+03 1.05662081246E+02 5.12758810001E+03 8.32745520384E+01 
5.00000000000E+00 5.50000000000E+00 6.00000000000E+00 4.68605429637E+03 6.97275165828E+01 4.34959887569E+03 9.01904132791E+01 4.89977142485E+03 5.65698833986E+01 4.63048555294E+03 6.14903985329E+01 4.55808746813E+03 8.34559082706E+01 4.28971240279E+03 7.92515719272E+01 4.99208617459E+03 6.70707249265E+01 
6.00000000000E+00 6.50000000000E+00 7.00000000000E+00 3.83124176397E+03 6.21847465996E+01 3.40996209183E+03 8.07190416836E+01 4.09095224080E+03 5.01341303987E+01 3.83989663846E+03 5.57423537859E+01 3.77127271672E+03 7.22439446693E+01 3.55167287797E+03 7.31471825255E+01 4.05581346904E+03 5.84155811990E+01 
7.00000000000E+00 7.50000000000E+00 8.00000000000E+00 3.54131608076E+03 5.45771532193E+01 3.29685882544E+03 7.27876418921E+01 3.67333348897E+03 4.41613249438E+01 3.49053502967E+03 4.86394739174E+01 3.63722812041E+03 6.23116832107E+01 3.30340634430E+03 6.38041391577E+01 3.77706531514E+03 4.99756477735E+01 
8.00000000000E+00 8.50000000000E+00 9.00000000000E+00 3.30863625856E+03 4.52878535436E+01 3.15056820744E+03 5.90148668605E+01 3.37219711884E+03 3.66629915758E+01 3.28521457587E+03 3.98540504445E+01 3.32696974858E+03 5.28670051338E+01 3.21174251807E+03 5.17000758503E+01 3.41352913118E+03 4.23935015890E+01 
9.00000000000E+00 9.50000000000E+00 1.00000000000E+01 2.90260022279E+03 3.75622684620E+01 2.82552704444E+03 4.87908900730E+01 2.98694651019E+03 3.11501127295E+01 2.90631058731E+03 3.34687718178E+01 2.96428252766E+03 4.45358339689E+01 2.84322773192E+03 4.28751373896E+01 3.03035991591E+03 3.60689331799E+01 
1.00000000000E+01 1.05000000000E+01 1.10000000000E+01 2.63360429552E+03 3.50765056669E+01 2.56102465091E+03 4.49595658660E+01 2.67167087173E+03 2.86630768038E+01 2.56288569404E+03 3.07186770705E+01 2.67718102963E+03 4.07888486273E+01 2.51676265714E+03 3.97900589346E+01 2.71501799336E+03 3.33571941741E+01 
1.10000000000E+01 1.15000000000E+01 1.20000000000E+01 2.40493638493E+03 3.12970177385E+01 2.31805961322E+03 4.02549699288E+01 2.42041278041E+03 2.59464593557E+01 2.35376491893E+03 2.77882620070E+01 2.40172456442E+03 3.66110561118E+01 2.32838605613E+03 3.57298457993E+01 2.46454444077E+03 2.99470405499E+01 
1.20000000000E+01 1.25000000000E+01 1.30000000000E+01 2.22559923842E+03 3.21862610344E+01 2.14944753531E+03 4.13008770532E+01 2.21203301435E+03 2.65380037449E+01 2.19614931395E+03 2.94053286221E+01 2.20727791188E+03 3.61080833095E+01 2.17565095307E+03 3.80795308282E+01 2.22609719031E+03 2.95219112182E+01 
1.30000000000E+01 1.35000000000E+01 1.40000000000E+01 2.04866393522E+03 2.75685464296E+01 2.04967690462E+03 3.53981137178E+01 2.03426836126E+03 2.27810104134E+01 2.00911645522E+03 2.50131225327E+01 2.08125429069E+03 3.15670108685E+01 2.02613254026E+03 3.20106809255E+01 2.06750004067E+03 2.59489001780E+01 
1.40000000000E+01 1.45000000000E+01 1.50000000000E+01 1.95847569327E+03 2.57638884539E+01 1.97723769762E+03 3.23416402042E+01 1.94164908642E+03 2.11710385755E+01 1.91228936015E+03 2.35002096714E+01 1.99888252941E+03 2.99596769146E+01 1.91890237751E+03 3.01395913511E+01 1.96504384849E+03 2.32418649903E+01 
1.50000000000E+01 1.55000000000E+01 1.60000000000E+01 1.73534594720E+03 2.19510824562E+01 1.75205442861E+03 2.74576952418E+01 1.68187594914E+03 1.77506534110E+01 1.67629958597E+03 2.17538735820E+01 1.73069371057E+03 2.51583153852E+01 1.70661212311E+03 2.87469828777E+01 1.70753666476E+03 2.04102312294E+01 
1.60000000000E+01 1.65000000000E+01 1.70000000000E+01 1.54367856841E+03 2.61332759925E+01 1.54874762455E+03 3.44273404429E+01 1.53275014073E+03 2.12044156097E+01 1.49479345932E+03 2.40262028337E+01 1.55966620994E+03 2.93805637782E+01 1.50495376488E+03 3.13926029308E+01 1.55137594355E+03 2.36770794284E+01 
1.70000000000E+01 1.75000000000E+01 1.80000000000E+01 1.53231586034E+03 2.39514834887E+01 1.56398466238E+03 3.07348303972E+01 1.47790229661E+03 1.93902644867E+01 1.48728270912E+03 2.19012116851E+01 1.51887518521E+03 2.64857291396E+01 1.54675769969E+03 2.84594864203E+01 1.48347411960E+03 2.13793401288E+01 
1.80000000000E+01 1.85000000000E+01 1.90000000000E+01 1.28470216099E+03 2.21752131805E+01 1.23484803675E+03 2.85788389807E+01 1.26783525083E+03 1.75469670687E+01 1.28998508653E+03 1.93890728464E+01 1.27089867148E+03 2.52937322238E+01 1.27895925729E+03 2.50078554167E+01 1.27798090525E+03 2.01584959651E+01 
1.90000000000E+01 1.95000000000E+01 2.00000000000E+01 1.25659455554E+03 2.17834687713E+01 1.24719701810E+03 2.88955022108E+01 1.23926493941E+03 1.74016250919E+01 1.23961416750E+03 1.92022023228E+01 1.25198701030E+03 2.73378599181E+01 1.25907028930E+03 2.55399647414E+01 1.23944789067E+03 2.14953908660E+01 
2.00000000000E+01 2.05000000000E+01 2.10000000000E+01 1.15532913870E+03 1.82961564540E+01 1.16765812327E+03 2.37202533766E+01 1.13445471954E+03 1.46405672165E+01 1.12278672194E+03 1.62188703092E+01 1.17005761718E+03 2.31039761044E+01 1.14769672729E+03 2.11981796708E+01 1.16883178327E+03 1.83257788712E+01 
2.10000000000E+01 2.15000000000E+01 2.20000000000E+01 1.07527481501E+03 1.53526386331E+01 1.07675144719E+03 1.91468453103E+01 1.07065781067E+03 1.28663259061E+01 1.07911252413E+03 1.34667891237E+01 1.08640954583E+03 1.78353788157E+01 1.09155985123E+03 1.67920938603E+01 1.09100116315E+03 1.46009128964E+01 
2.20000000000E+01 2.25000000000E+01 2.30000000000E+01 9.67449802485E+02 1.46723353351E+01 9.65818504029E+02 1.86254109639E+01 9.57280361795E+02 1.19494459728E+01 9.52929302461E+02 1.30044296062E+01 9.86355527601E+02 1.70029013481E+01 9.83764687424E+02 1.63577903580E+01 9.80710955318E+02 1.37614917160E+01 
2.30000000000E+01 2.35000000000E+01 2.40000000000E+01 9.15686498684E+02 1.52257143618E+01 9.08654223828E+02 2.01708949594E+01 9.28586277970E+02 1.22777446292E+01 9.22726207038E+02 1.43619449283E+01 9.21700285966E+02 1.75280986864E+01 9.41793722142E+02 1.89445182190E+01 9.30387307187E+02 1.38577620749E+01 
2.40000000000E+01 2.45000000000E+01 2.50000000000E+01 9.04376566885E+02 1.39732783997E+01 9.22701341100E+02 1.86134284929E+01 8.85766747576E+02 1.12829371327E+01 8.86012080555E+02 1.31183355837E+01 9.16439062424E+02 1.59184950623E+01 9.16037898462E+02 1.72409126194E+01 8.99925650955E+02 1.29076322327E+01 
2.50000000000E+01 2.55000000000E+01 2.60000000000E+01 8.11759199342E+02 1.24087821365E+01 8.26036970562E+02 1.61874435592E+01 7.99745895794E+02 1.02407127502E+01 8.05832635264E+02 1.20062128136E+01 8.25478082406E+02 1.46158504696E+01 8.07231011517E+02 1.45145511699E+01 8.17751977437E+02 1.17373993626E+01 
2.60000000000E+01 2.65000000000E+01 2.70000000000E+01 8.27062691741E+02 1.19327699809E+01 8.42749997271E+02 1.50351418747E+01 7.93539188694E+02 9.89574555588E+00 7.89106767180E+02 1.12273139374E+01 8.39731036467E+02 1.36308148340E+01 8.20767921772E+02 1.40085967887E+01 8.18294657268E+02 1.12318484536E+01 
2.70000000000E+01 2.75000000000E+01 2.80000000000E+01 7.56310054005E+02 1.35521091629E+01 7.62218274114E+02 1.80028013612E+01 7.37950504729E+02 1.09209609668E+01 7.33128121201E+02 1.24550252574E+01 7.76541199734E+02 1.49397465035E+01 7.62903922395E+02 1.63908167640E+01 7.57949542029E+02 1.18358893274E+01 
2.80000000000E+01 2.85000000000E+01 2.90000000000E+01 7.10716318699E+02 1.13872650339E+01 7.25731387984E+02 1.42511027996E+01 6.88992424447E+02 9.15298746754E+00 6.93955399435E+02 9.61214247953E+00 7.21207412805E+02 1.17571791146E+01 7.14008806135E+02 1.20605148642E+01 7.06800061034E+02 9.71936246414E+00 
2.90000000000E+01 2.95000000000E+01 3.00000000000E+01 6.60575564677E+02 1.10246898927E+01 6.54888875219E+02 1.40915480777E+01 6.43028607826E+02 8.90092124573E+00 6.38352859076E+02 1.01151910794E+01 6.75049030510E+02 1.21293341467E+01 6.48053303905E+02 1.31213286701E+01 6.59740825818E+02 9.94853517900E+00 
3.00000000000E+01 3.05000000000E+01 3.10000000000E+01 6.18344824787E+02 9.88738802188E+00 6.35063823010E+02 1.29644430134E+01 6.07967034627E+02 8.05600091220E+00 6.20987728119E+02 8.92964841652E+00 6.29504069347E+02 1.15833502714E+01 6.21019851722E+02 1.11882727176E+01 6.17944313325E+02 9.41808907197E+00 
3.10000000000E+01 3.15000000000E+01 3.20000000000E+01 5.62727402559E+02 1.03133310645E+01 5.59618685777E+02 1.32800866421E+01 5.50182272672E+02 7.79146959011E+00 5.47098701120E+02 8.66483596294E+00 5.57403162910E+02 1.20446412908E+01 5.63204819138E+02 1.12029301820E+01 5.52672369060E+02 8.82652129414E+00 
3.20000000000E+01 3.25000000000E+01 3.30000000000E+01 5.41632927264E+02 9.44017398962E+00 5.43342498506E+02 1.21244234551E+01 5.28858623643E+02 8.01550349696E+00 5.37613899240E+02 8.58294612769E+00 5.45493250337E+02 1.06382223977E+01 5.45285323028E+02 1.09601642244E+01 5.35749965041E+02 8.56496176803E+00 
3.30000000000E+01 3.35000000000E+01 3.40000000000E+01 5.20863936741E+02 9.18467153822E+00 5.46798389008E+02 1.19197299831E+01 5.13910072501E+02 7.56456793134E+00 5.16317976884E+02 8.41274237709E+00 5.13801070502E+02 1.04772424045E+01 5.53236253446E+02 1.14572621474E+01 5.31930918805E+02 8.80173705509E+00 
3.40000000000E+01 3.45000000000E+01 3.50000000000E+01 5.21991713379E+02 8.58940542512E+00 5.38874661605E+02 1.07041756916E+01 4.98545220550E+02 7.04171924107E+00 5.00260358534E+02 8.52332456174E+00 5.34167184639E+02 1.01449265425E+01 5.21259115105E+02 1.10506525879E+01 5.15138038140E+02 8.36862800936E+00 
3.50000000000E+01 3.55000000000E+01 3.60000000000E+01 4.54708156412E+02 8.78863405895E+00 4.73759699907E+02 1.11200695357E+01 4.44728088554E+02 7.25287734099E+00 4.50766065235E+02 7.99369918495E+00 4.50997671326E+02 9.85872254150E+00 4.65072743293E+02 1.03005014398E+01 4.45971530251E+02 8.07358381273E+00 
3.60000000000E+01 3.65000000000E+01 3.70000000000E+01 4.68037656765E+02 7.91693054869E+00 4.90402147315E+02 1.03820074798E+01 4.56726744490E+02 6.56476542363E+00 4.67685139459E+02 7.55382414997E+00 4.70045748597E+02 9.17595768833E+00 4.84492971519E+02 9.70305283349E+00 4.50571901110E+02 7.44216290357E+00 
3.70000000000E+01 3.75000000000E+01 3.80000000000E+01 4.01918101022E+02 7.47086119843E+00 3.99735275764E+02 9.57853826614E+00 3.85542783320E+02 6.02760562131E+00 4.10080187232E+02 6.93879776094E+00 4.22422636675E+02 8.64568484558E+00 4.06835351686E+02 8.80326420981E+00 4.06646613734E+02 6.96558026209E+00 
3.80000000000E+01 3.85000000000E+01 3.90000000000E+01 3.90260916256E+02 6.92478313065E+00 3.91661750064E+02 8.67448380912E+00 3.89721457614E+02 5.69660401340E+00 3.93589016247E+02 6.36763689038E+00 3.93413788115E+02 8.02758809722E+00 3.91671986255E+02 8.20080596883E+00 3.91466846546E+02 6.57238657647E+00 
3.90000000000E+01 3.95000000000E+01 4.00000000000E+01 3.90248841944E+02 6.40735302758E+00 3.99972773420E+02 8.47205424838E+00 3.75565920964E+02 5.34517621028E+00 3.88020250274E+02 6.10125670339E+00 3.95291395471E+02 7.27794977768E+00 4.00779194211E+02 7.78588305656E+00 3.88229305516E+02 6.09242050643E+00 
4.00000000000E+01 4.05000000000E+01 4.10000000000E+01 3.53816521166E+02 6.45822324908E+00 3.72264552248E+02 8.34654808388E+00 3.51136454574E+02 5.26289043415E+00 3.44594465655E+02 5.98078133353E+00 3.64728761871E+02 7.86650706111E+00 3.40314462282E+02 7.71889365886E+00 3.68186813277E+02 6.49611397074E+00 
4.10000000000E+01 4.15000000000E+01 4.20000000000E+01 3.50484157883E+02 6.22901283461E+00 3.56021930063E+02 7.96865539155E+00 3.37507855734E+02 5.06951398250E+00 3.45749727605E+02 5.92792436831E+00 3.48633220832E+02 7.01737815917E+00 3.57250333081E+02 7.46123457943E+00 3.35936816609E+02 5.74307605493E+00 
4.20000000000E+01 4.25000000000E+01 4.30000000000E+01 3.47031289755E+02 6.87813895034E+00 3.52490811010E+02 9.20966592694E+00 3.33107866364E+02 4.98538106674E+00 3.39540946765E+02 6.50129448256E+00 3.44505477073E+02 7.20839784075E+00 3.45427421285E+02 8.97409005115E+00 3.28598958420E+02 5.74494150113E+00 
4.30000000000E+01 4.35000000000E+01 4.40000000000E+01 3.06292487504E+02 5.57361810981E+00 3.13243671166E+02 7.33643575235E+00 2.97766165408E+02 4.49105580479E+00 3.03723992866E+02 5.18552490098E+00 3.04780415395E+02 6.35687610319E+00 3.03281200742E+02 6.80157340114E+00 2.97265816372E+02 5.14014633336E+00 
4.40000000000E+01 4.45000000000E+01 4.50000000000E+01 2.90917008308E+02 5.37610555974E+00 2.92001169406E+02 6.97658497537E+00 2.96420079759E+02 4.57973148923E+00 3.06081467387E+02 5.35695069747E+00 2.89802044478E+02 6.49782475602E+00 3.01141563071E+02 6.73266127830E+00 2.96529840305E+02 5.37308018180E+00 
4.50000000000E+01 4.55000000000E+01 4.60000000000E+01 2.72641983568E+02 5.38034218160E+00 2.78148596523E+02 7.37336875665E+00 2.68832122459E+02 4.64305618564E+00 2.79276911824E+02 5.12026081421E+00 2.86632310840E+02 6.29332821219E+00 2.87565027731E+02 6.67015757164E+00 2.84069520911E+02 5.20589450800E+00 
4.60000000000E+01 4.65000000000E+01 4.70000000000E+01 2.82049100912E+02 6.10295939299E+00 2.85220313115E+02 7.77844408025E+00 2.74527006164E+02 4.97808638757E+00 2.78806477281E+02 5.64716207674E+00 2.84206884931E+02 6.87611726914E+00 2.85893089025E+02 7.19249966519E+00 2.79860274714E+02 5.68105766446E+00 
4.70000000000E+01 4.75000000000E+01 4.80000000000E+01 2.64362165060E+02 5.19338073147E+00 2.74301309132E+02 6.30332638273E+00 2.53452922746E+02 4.21966337133E+00 2.60444743403E+02 4.89914491966E+00 2.63089613883E+02 5.71464022011E+00 2.64070656450E+02 6.00528420253E+00 2.59744682705E+02 4.84225074299E+00 
4.80000000000E+01 4.85000000000E+01 4.90000000000E+01 2.55166076092E+02 4.46254167183E+00 2.63600143170E+02 5.59784526112E+00 2.46579003170E+02 3.70631620832E+00 2.57559341520E+02 4.50145898681E+00 2.62285105474E+02 5.29562408007E+00 2.69443462400E+02 5.81311849242E+00 2.53158741506E+02 4.22458022352E+00 
4.90000000000E+01 4.95000000000E+01 5.00000000000E+01 2.28624565968E+02 4.31750791826E+00 2.30113365925E+02 5.53231726069E+00 2.27814114654E+02 3.60070176197E+00 2.23072821375E+02 4.08045263548E+00 2.31250941230E+02 5.21049008805E+00 2.25709467533E+02 5.15833495689E+00 2.27797630205E+02 4.18939288781E+00 
5.00000000000E+01 5.05000000000E+01 5.10000000000E+01 2.28019103350E+02 4.30371439388E+00 2.35175352063E+02 5.48461299639E+00 2.20159782892E+02 3.57237054716E+00 2.26463506157E+02 4.92419451287E+00 2.27605414144E+02 5.60794613903E+00 2.39191119595E+02 6.55166321903E+00 2.17840174056E+02 4.50665250958E+00 
5.10000000000E+01 5.15000000000E+01 5.20000000000E+01 2.30067886347E+02 4.21091944468E+00 2.30849626077E+02 5.03316492173E+00 2.17601244506E+02 3.46519492365E+00 2.19698806295E+02 4.22506032946E+00 2.32844211437E+02 5.48400008357E+00 2.29528533140E+02 5.54469310338E+00 2.26423263877E+02 4.43568124488E+00 
5.20000000000E+01 5.25000000000E+01 5.30000000000E+01 2.14584402747E+02 4.37520473255E+00 2.06307494486E+02 5.34186153726E+00 2.01359648457E+02 3.78223370627E+00 2.02650012521E+02 3.98214008699E+00 2.11637984612E+02 4.95555781706E+00 2.26188079616E+02 5.68210429912E+00 2.08005950353E+02 4.09232890434E+00 
5.30000000000E+01 5.35000000000E+01 5.40000000000E+01 2.00340989252E+02 4.02055936202E+00 2.05459384693E+02 5.25491594977E+00 1.93647846841E+02 3.38193842791E+00 2.01339688192E+02 3.85962122813E+00 1.99827360628E+02 4.48045409944E+00 2.08603868696E+02 4.90468987458E+00 1.94321029438E+02 3.77425003021E+00 
5.40000000000E+01 5.45000000000E+01 5.50000000000E+01 1.89159566686E+02 3.80368125367E+00 1.87064522613E+02 5.15512496495E+00 1.86250241836E+02 3.23137302323E+00 1.86149632214E+02 3.58092243727E+00 1.88368418930E+02 4.67331730433E+00 1.89739684369E+02 4.80970881325E+00 1.82989524107E+02 3.83497454480E+00 
5.50000000000E+01 5.55000000000E+01 5.60000000000E+01 1.93833854770E+02 3.72424491646E+00 1.93892966739E+02 4.39533646199E+00 1.86056463325E+02 3.08569435583E+00 1.92979124105E+02 3.75493682712E+00 1.89307555632E+02 4.14795855261E+00 2.02680990820E+02 4.82489905442E+00 1.84650081970E+02 3.56358299698E+00 
5.60000000000E+01 5.65000000000E+01 5.70000000000E+01 1.67155949196E+02 4.34032897180E+00 1.69667656638E+02 5.79461496783E+00 1.61121215008E+02 3.56411943812E+00 1.63666481964E+02 4.22798081176E+00 1.70584874478E+02 4.99331689172E+00 1.67502220154E+02 5.63113548806E+00 1.66536789241E+02 4.01165948677E+00 
5.70000000000E+01 5.75000000000E+01 5.80000000000E+01 1.61689287555E+02 4.10353434641E+00 1.62864472500E+02 5.35941025184E+00 1.59715070233E+02 3.24294375020E+00 1.61171287125E+02 3.85021749630E+00 1.62436864167E+02 4.40893091646E+00 1.65343794996E+02 5.14927298637E+00 1.59257072247E+02 3.60744479223E+00 
5.80000000000E+01 5.85000000000E+01 5.90000000000E+01 1.70444049293E+02 3.34655372584E+00 1.71879109425E+02 4.24063750551E+00 1.59175719206E+02 2.71147430810E+00 1.72067762725E+02 3.21349432532E+00 1.71439659687E+02 4.09330265284E+00 1.75071493162E+02 3.99022066184E+00 1.66941013161E+02 3.35239674728E+00 
5.90000000000E+01 5.95000000000E+01 6.00000000000E+01 1.60823199918E+02 3.36052770187E+00 1.62929298170E+02 4.29360989327E+00 1.60044593462E+02 2.79632881352E+00 1.64456695059E+02 3.30976191407E+00 1.66963536249E+02 3.92308598533E+00 1.70319520561E+02 4.29777518508E+00 1.60203527153E+02 3.20131635139E+00 
6.00000000000E+01 6.05000000000E+01 6.10000000000E+01 1.49619294262E+02 3.21298409569E+00 1.59395466899E+02 4.12442265409E+00 1.38791398576E+02 2.61444280837E+00 1.44108624699E+02 3.05089090197E+00 1.45873886548E+02 3.79101700616E+00 1.50550946247E+02 4.06062742911E+00 1.45502790443E+02 3.06659155254E+00 
6.10000000000E+01 6.15000000000E+01 6.20000000000E+01 1.62968316754E+02 3.04081683280E+00 1.68823498717E+02 3.91859459828E+00 1.56489217885E+02 2.52787728412E+00 1.61090226915E+02 2.98075823284E+00 1.55061465032E+02 3.43389208487E+00 1.62240887999E+02 3.70103987700E+00 1.53387793813E+02 2.78460937209E+00 
6.20000000000E+01 6.25000000000E+01 6.30000000000E+01 1.36923036892E+02 2.98637884571E+00 1.44163235648E+02 3.93947966835E+00 1.32674214981E+02 2.47798177193E+00 1.41997435694E+02 3.20097852195E+00 1.35843213586E+02 3.31317585533E+00 1.45460832179E+02 3.70958172101E+00 1.38005747677E+02 2.83987388485E+00 
6.30000000000E+01 6.35000000000E+01 6.40000000000E+01 1.33089845546E+02 2.82906656983E+00 1.35289128029E+02 3.58155666832E+00 1.28556089197E+02 2.39175811754E+00 1.33494556178E+02 2.67102862257E+00 1.31232535139E+02 3.21546571931E+00 1.36687848535E+02 3.57034658942E+00 1.26016817523E+02 2.70078479353E+00 
6.40000000000E+01 6.45000000000E+01 6.50000000000E+01 1.19231363990E+02 2.90249515274E+00 1.23178545099E+02 3.73091902393E+00 1.21416490078E+02 2.55192846017E+00 1.24211104557E+02 2.77114277868E+00 1.25282625832E+02 3.44000501870E+00 1.26191368218E+02 3.45462039562E+00 1.19934567924E+02 2.79263193901E+00 
6.50000000000E+01 6.55000000000E+01 6.60000000000E+01 1.33454446092E+02 2.76170518890E+00 1.34244580297E+02 3.34795919973E+00 1.31058476740E+02 2.35108297872E+00 1.29918294973E+02 2.59045958784E+00 1.32895107544E+02 3.16596613921E+00 1.38002524064E+02 3.31875964689E+00 1.33879447191E+02 2.71732214907E+00 
6.60000000000E+01 6.65000000000E+01 6.70000000000E+01 1.09485840029E+02 2.59443954890E+00 1.10748545897E+02 3.28084995529E+00 1.08993224316E+02 2.25217498418E+00 1.11753965482E+02 2.58942180727E+00 1.10713730751E+02 2.87946156558E+00 1.12487709602E+02 3.26347579086E+00 1.13913346266E+02 2.47202098418E+00 
6.70000000000E+01 6.75000000000E+01 6.80000000000E+01 1.14028007604E+02 3.10619155582E+00 1.15470042678E+02 3.95311970130E+00 1.10938545149E+02 2.54063995343E+00 1.09988042126E+02 3.01670748005E+00 1.13384879198E+02 3.33773601806E+00 1.14835550449E+02 4.02777651495E+00 1.10204975904E+02 2.73319081196E+00 
6.80000000000E+01 6.85000000000E+01 6.90000000000E+01 1.17369027642E+02 3.43073673898E+00 1.19578040927E+02 4.25468005343E+00 1.10240993628E+02 2.77627392827E+00 1.10915175682E+02 3.29875148649E+00 1.19126912901E+02 3.70390094249E+00 1.15633340854E+02 4.27915972384E+00 1.17262719305E+02 3.09189150244E+00 
6.90000000000E+01 6.95000000000E+01 7.00000000000E+01 1.04284544375E+02 2.69450875385E+00 1.08889933571E+02 3.44643685216E+00 1.03774930702E+02 2.27109979788E+00 1.07980254506E+02 2.56556804179E+00 1.08261988748E+02 2.99563514486E+00 1.13757882873E+02 3.30556670938E+00 1.06014979051E+02 2.49951487086E+00 
7.00000000000E+01 7.05000000000E+01 7.10000000000E+01 9.99169817209E+01 2.83350519305E+00 1.00737639266E+02 3.57044941716E+00 9.89805350656E+01 2.41608720160E+00 9.92703846607E+01 2.81707335168E+00 1.04623365431E+02 3.11238993277E+00 1.00365997965E+02 3.52006239571E+00 1.00330893138E+02 2.64055592780E+00 
7.10000000000E+01 7.15000000000E+01 7.20000000000E+01 9.74076065213E+01 2.40666510665E+00 9.83359195062E+01 3.04319068519E+00 9.21161963377E+01 1.98546570637E+00 9.76263271454E+01 2.28722268123E+00 9.62197661960E+01 2.44277482106E+00 9.61270944188E+01 2.91818609564E+00 9.08871077064E+01 2.03147778113E+00 
7.20000000000E+01 7.25000000000E+01 7.30000000000E+01 9.83686619110E+01 2.38081067181E+00 9.83430768870E+01 3.53417985158E+00 9.54178649163E+01 1.97614243422E+00 9.53586184217E+01 2.47591050012E+00 9.92636828862E+01 2.54322038664E+00 1.00413204198E+02 3.18280675709E+00 9.17494191656E+01 2.12699735998E+00 
7.30000000000E+01 7.35000000000E+01 7.40000000000E+01 9.09180825098E+01 2.31803519844E+00 9.48301376788E+01 2.96763936756E+00 8.82965708564E+01 1.87337510058E+00 9.15062944420E+01 2.26733223682E+00 9.54030106613E+01 2.44028794988E+00 9.38188715991E+01 2.92750238634E+00 9.03203551066E+01 1.96608579649E+00 
7.40000000000E+01 7.45000000000E+01 7.50000000000E+01 9.88401114815E+01 3.43155798706E+00 9.65194362969E+01 4.27948024808E+00 9.46217397322E+01 2.79403952086E+00 9.48236438107E+01 3.18192397209E+00 9.91873699505E+01 3.72952864156E+00 9.46042986100E+01 3.93571717064E+00 9.42636868099E+01 3.02266865459E+00 
7.50000000000E+01 7.55000000000E+01 7.60000000000E+01 7.86048523269E+01 3.05694327319E+00 8.12327166378E+01 3.91285483653E+00 7.69960353443E+01 2.52100510573E+00 8.06625284763E+01 2.97396855401E+00 7.54994965262E+01 3.40862749369E+00 7.86011760872E+01 3.76558522812E+00 7.89473095316E+01 2.78260263985E+00 
7.60000000000E+01 7.65000000000E+01 7.70000000000E+01 7.86205038471E+01 1.91574932673E+00 8.07679505319E+01 2.41996306019E+00 7.66686679650E+01 1.65403502524E+00 7.89024425959E+01 1.96513888970E+00 7.74551775463E+01 2.20774189469E+00 7.92498715353E+01 2.50559148686E+00 7.38573107640E+01 1.82809571631E+00 
7.70000000000E+01 7.75000000000E+01 7.80000000000E+01 8.01930490322E+01 2.43272976043E+00 8.48094369851E+01 3.14394045050E+00 7.97643736981E+01 1.98514116424E+00 7.78310582497E+01 3.16682919414E+00 8.14765375330E+01 2.37717416518E+00 8.33708301737E+01 4.29517847075E+00 8.14224247886E+01 1.99696000816E+00 
7.80000000000E+01 7.85000000000E+01 7.90000000000E+01 7.49215748314E+01 2.40791236422E+00 8.03355786190E+01 3.29068077985E+00 7.50179909509E+01 1.96618335668E+00 7.97092158946E+01 3.26293003212E+00 7.84733668397E+01 2.28246390487E+00 7.90719302056E+01 4.32167947582E+00 7.63908630186E+01 1.86108961366E+00 
7.90000000000E+01 7.95000000000E+01 8.00000000000E+01 6.61024669237E+01 1.72521328578E+00 6.67577832134E+01 2.25821680033E+00 6.73687079022E+01 1.45493967541E+00 6.74158022512E+01 1.73965638938E+00 7.14376897304E+01 1.97945769188E+00 6.93151837089E+01 2.29796878946E+00 6.91017554870E+01 1.61548896824E+00 
8.00000000000E+01 8.05000000000E+01 8.10000000000E+01 8.13630982445E+01 2.80874349084E+00 7.98184041045E+01 2.33566840986E+00 7.77373537444E+01 2.29624226928E+00 7.59904248700E+01 2.74097281493E+00 7.52876518738E+01 2.27725655508E+00 7.36764371433E+01 2.47831877506E+00 7.00687867768E+01 1.83436410102E+00 
8.10000000000E+01 8.15000000000E+01 8.20000000000E+01 6.64072408802E+01 2.12010682107E+00 6.72435325583E+01 2.75131525728E+00 6.49476380702E+01 1.75873327414E+00 6.93269569100E+01 2.09847191826E+00 6.66619931760E+01 2.56093542053E+00 7.13550353983E+01 2.60661948813E+00 6.40815440047E+01 2.14095333807E+00 
8.20000000000E+01 8.25000000000E+01 8.30000000000E+01 6.93070079629E+01 1.94978323892E+00 7.20880412168E+01 2.13897668393E+00 6.95067531305E+01 1.65730034741E+00 6.69698341434E+01 1.89626660255E+00 7.41086720531E+01 2.13692523834E+00 6.84065793998E+01 2.00388526134E+00 6.93776875833E+01 1.73990218169E+00 
8.30000000000E+01 8.35000000000E+01 8.40000000000E+01 6.42644246976E+01 1.55019861894E+00 6.47668908294E+01 1.90380635971E+00 6.33381981218E+01 1.35411059426E+00 6.33010382290E+01 1.54275537469E+00 6.25347311216E+01 1.82103795183E+00 6.63754811284E+01 1.98266714475E+00 6.17031683664E+01 1.53020242516E+00 
8.40000000000E+01 8.45000000000E+01 8.50000000000E+01 6.04951244715E+01 1.72835807178E+00 6.18185222484E+01 2.16732226929E+00 5.88562622725E+01 1.42678555711E+00 5.87006036398E+01 1.72785216804E+00 5.95237565519E+01 1.90705149093E+00 5.90238287712E+01 2.22620166501E+00 5.84340520604E+01 1.57047866011E+00 
8.50000000000E+01 8.55000000000E+01 8.60000000000E+01 5.79211505861E+01 1.69164761112E+00 5.90956380954E+01 2.07547756559E+00 5.71649336545E+01 1.45474213193E+00 5.74591660932E+01 1.40070957568E+00 5.75974931011E+01 1.85079761320E+00 6.05555901324E+01 1.78692988126E+00 5.63604223976E+01 1.55694362822E+00 
8.60000000000E+01 8.65000000000E+01 8.70000000000E+01 6.08895786822E+01 1.93341179094E+00 5.83223286592E+01 2.34349964688E+00 5.73730099659E+01 1.65663613716E+00 5.43696953969E+01 1.78228145575E+00 5.94217020488E+01 2.07689930824E+00 6.26058816372E+01 2.39087188452E+00 5.57695907404E+01 1.78011492173E+00 
8.70000000000E+01 8.75000000000E+01 8.80000000000E+01 5.62094481176E+01 2.55689698975E+00 5.91512563853E+01 3.33662603864E+00 5.47408444907E+01 2.08609929444E+00 5.39579728510E+01 2.59087588211E+00 5.41069901665E+01 2.64521196323E+00 5.59407048133E+01 3.41890986405E+00 5.45328760404E+01 2.13828194701E+00 
8.80000000000E+01 8.85000000000E+01 8.90000000000E+01 5.10077733349E+01 2.03817341306E+00 5.57412349634E+01 2.76254456114E+00 5.10371319531E+01 1.57898763506E+00 5.07164713105E+01 2.10575190423E+00 5.44914756258E+01 2.10131203222E+00 5.37403175438E+01 2.85361012387E+00 5.22532394041E+01 1.62633877485E+00 
8.90000000000E+01 8.95000000000E+01 9.00000000000E+01 5.82555015526E+01 2.72853724328E+00 5.95349777319E+01 3.33772637676E+00 5.60078203984E+01 2.26768419976E+00 5.91887570653E+01 2.58238329323E+00 5.88082470920E+01 2.89691755941E+00 5.91912337756E+01 3.14955587663E+00 5.43829359197E+01 2.41741780662E+00 
9.00000000000E+01 9.05000000000E+01 9.10000000000E+01 5.08801208509E+01 1.85051448590E+00 5.51583724486E+01 2.53755961584E+00 5.00245217288E+01 1.49597970985E+00 5.34185707868E+01 3.43934483400E+00 4.97446341385E+01 1.82358827805E+00 5.89229574819E+01 4.78116562641E+00 4.87986588658E+01 1.53937136416E+00 
9.10000000000E+01 9.15000000000E+01 9.20000000000E+01 4.51459367466E+01 1.99535056726E+00 4.33799180276E+01 2.55786684063E+00 4.39753892993E+01 1.64040620358E+00 4.09272318287E+01 3.52882253614E+00 4.97511476860E+01 1.94742064541E+00 4.29108505673E+01 4.93850776366E+00 4.75562784550E+01 1.62407807065E+00 
9.20000000000E+01 9.25000000000E+01 9.30000000000E+01 4.62387635449E+01 1.20861890922E+00 4.80769984190E+01 1.60908080941E+00 4.49662752724E+01 1.03371171230E+00 4.63193984684E+01 1.25811030215E+00 4.59019396919E+01 1.39118000564E+00 5.10599918859E+01 1.72314954460E+00 4.46505238073E+01 1.13583900258E+00 
9.30000000000E+01 9.35000000000E+01 9.40000000000E+01 4.74695895361E+01 1.26890443072E+00 4.91199924342E+01 1.73107608731E+00 4.85055059571E+01 1.05754840732E+00 4.48246593656E+01 1.36051779326E+00 4.57072876887E+01 1.31959823879E+00 4.82338415268E+01 1.83118896437E+00 4.59327269928E+01 1.09206678784E+00 
9.40000000000E+01 9.45000000000E+01 9.50000000000E+01 4.60022228512E+01 1.51170050922E+00 4.65458092344E+01 1.97824966431E+00 4.27442759774E+01 1.17980797677E+00 4.58169262158E+01 1.43018038419E+00 4.57424199361E+01 1.57376378080E+00 4.82991434851E+01 1.89078238316E+00 4.44756108211E+01 1.26701666362E+00 
9.50000000000E+01 9.55000000000E+01 9.60000000000E+01 4.28199128968E+01 1.65781228234E+00 4.52354235260E+01 2.21055267598E+00 4.07378378216E+01 1.31215727016E+00 4.37698060733E+01 1.64576759960E+00 4.32650841972E+01 1.82055175241E+00 4.58303660289E+01 2.18632078853E+00 4.06942747173E+01 1.41706614578E+00 
9.60000000000E+01 9.65000000000E+01 9.70000000000E+01 3.79541687777E+01 1.42334166851E+00 3.86704823059E+01 1.98023999742E+00 3.94277774180E+01 1.14659266821E+00 3.78276850219E+01 1.42571159483E+00 3.75244419495E+01 1.49081350709E+00 3.73500446260E+01 1.89038755093E+00 3.93258913598E+01 1.20818169818E+00 
9.70000000000E+01 9.75000000000E+01 9.80000000000E+01 4.03017293617E+01 1.12055765470E+00 3.99040549187E+01 1.32879398254E+00 3.81007975430E+01 9.05525251947E-01 3.89063211062E+01 1.23149844601E+00 4.03971503194E+01 1.15286056883E+00 3.89762427160E+01 1.51244349823E+00 3.92688883830E+01 1.01731085430E+00 
9.80000000000E+01 9.85000000000E+01 9.90000000000E+01 3.88248677538E+01 1.09346330688E+00 4.18448999053E+01 1.45807290275E+00 3.76983946985E+01 8.92900699868E-01 3.97332462930E+01 1.12793174935E+00 3.82736971592E+01 1.16637068793E+00 4.26684976088E+01 1.47397625566E+00 3.71424193179E+01 9.64149277373E-01 
9.90000000000E+01 9.95000000000E+01 1.00000000000E+02 4.01274673797E+01 1.16794269182E+00 4.11101081936E+01 1.46270464674E+00 3.84798271557E+01 9.81510541582E-01 3.97516533108E+01 1.14655621700E+00 3.99627495603E+01 1.29329340530E+00 4.08422964740E+01 1.42566803535E+00 3.84036129124E+01 1.08891842361E+00 
#nx: 3
