#labels: ptz__-0p75__-0p5_lower[1] ptz__-0p75__-0p5_center[2] ptz__-0p75__-0p5_upper[3] tot_scale01[4] tot_scale01_Err[5] tot_scale02[6] tot_scale02_Err[7] tot_scale03[8] tot_scale03_Err[9] tot_scale04[10] tot_scale04_Err[11] tot_scale05[12] tot_scale05_Err[13] tot_scale06[14] tot_scale06_Err[15] tot_scale07[16] tot_scale07_Err[17]
#neval: 21892713746
#overflow:lower center upper 1.02514234042E+03 2.31014888757E+02 8.78915089364E+02 3.17054521095E+02 1.10615909523E+03 1.75022556400E+02 1.04291356844E+03 2.22822647805E+02 1.01669216067E+03 2.36892478085E+02 8.95751849262E+02 3.06085070188E+02 1.09787375164E+03 1.79476561738E+02 
0.00000000000E+00 5.00000000000E-01 1.00000000000E+00 0.00000000000E+00 0.00000000000E+00 0.00000000000E+00 0.00000000000E+00 0.00000000000E+00 0.00000000000E+00 0.00000000000E+00 0.00000000000E+00 0.00000000000E+00 0.00000000000E+00 0.00000000000E+00 0.00000000000E+00 0.00000000000E+00 0.00000000000E+00 
1.00000000000E+00 1.50000000000E+00 2.00000000000E+00 -1.11668187875E+05 8.97232340138E+04 -1.58136128786E+05 1.24830271982E+05 -8.00779258967E+04 6.69202058481E+04 -1.01423130362E+05 8.08911682110E+04 -1.19985578156E+05 9.76591560698E+04 -1.44416413575E+05 1.12694704014E+05 -8.65187287430E+04 7.29452881561E+04 
2.00000000000E+00 2.50000000000E+00 3.00000000000E+00 -9.78811102047E+03 7.50111700592E+04 8.80283549975E+03 9.50055040509E+04 -1.84532772137E+04 6.40455833184E+04 -2.73579734276E+03 6.77366551876E+04 -1.87021377075E+04 8.21340520106E+04 1.80001585109E+04 8.67260456814E+04 -2.50827215638E+04 7.01201500228E+04 
3.00000000000E+00 3.50000000000E+00 4.00000000000E+00 2.24572332803E+04 3.10726011313E+04 2.80931876005E+04 4.33430322285E+04 1.90655962689E+04 2.30890266990E+04 2.06464080831E+04 2.85240846014E+04 2.37534813073E+04 3.31192429365E+04 2.57209987075E+04 3.97955095268E+04 2.02194165595E+04 2.46195465207E+04 
4.00000000000E+00 4.50000000000E+00 5.00000000000E+00 5.58083883089E+04 7.38845435342E+04 7.23529024213E+04 1.03260157129E+05 4.49017855510E+04 5.47978223776E+04 5.22265814166E+04 6.81895966585E+04 5.87338151736E+04 7.85225897707E+04 6.77726200858E+04 9.53048231695E+04 4.72929814134E+04 5.82447155548E+04 
5.00000000000E+00 5.50000000000E+00 6.00000000000E+00 -5.92206152863E+04 7.22304036797E+04 -8.54184277359E+04 1.01022428905E+05 -4.21732287345E+04 5.34985954156E+04 -5.39432745981E+04 6.67052792957E+04 -6.35357375584E+04 7.67154954960E+04 -7.80542431964E+04 9.32948368843E+04 -4.53261666716E+04 5.68205361880E+04 
6.00000000000E+00 6.50000000000E+00 7.00000000000E+00 -4.93537769591E+02 5.01895324430E+03 -2.91380707034E+03 7.00045896850E+03 9.98901570137E+02 3.72734414992E+03 6.14542437858E+01 4.51310221022E+03 -1.15196133751E+03 5.46567265919E+03 -2.05026374543E+03 6.29383561416E+03 6.57930030785E+02 4.05855981217E+03 
7.00000000000E+00 7.50000000000E+00 8.00000000000E+00 4.73411506231E+03 1.11881592612E+04 4.55435031336E+03 1.55115615283E+04 4.75956455707E+03 8.38821901048E+03 5.10910952886E+03 1.03703863301E+04 4.15117274447E+03 1.18620205073E+04 5.22687101664E+03 1.43877590023E+04 4.40165851146E+03 8.90102670172E+03 
8.00000000000E+00 8.50000000000E+00 9.00000000000E+00 2.85232766123E+04 2.77359190524E+04 3.01519415619E+04 3.20706977024E+04 2.64483480464E+04 2.43128007201E+04 2.46430419896E+04 2.44750480324E+04 3.24102492607E+04 3.09178726176E+04 2.56283610369E+04 2.82802009332E+04 2.97630123151E+04 2.70222875890E+04 
9.00000000000E+00 9.50000000000E+00 1.00000000000E+01 -1.92167141907E+04 2.35823552054E+04 -2.03280597851E+04 2.51471789021E+04 -1.75829562327E+04 2.16290272029E+04 -1.64100173207E+04 2.06052472149E+04 -2.21330598250E+04 2.65623546938E+04 -1.70595378400E+04 2.17749257833E+04 -2.00809814833E+04 2.41847793139E+04 
1.00000000000E+01 1.05000000000E+01 1.10000000000E+01 4.54232553005E+03 1.28778534441E+03 5.05525056395E+03 1.78656526008E+03 4.14727589357E+03 9.62065955052E+02 4.39880243159E+03 1.22448774542E+03 4.59556431998E+03 1.33632472480E+03 4.91660902441E+03 1.69944476570E+03 4.29091725899E+03 9.99144500994E+02 
1.10000000000E+01 1.15000000000E+01 1.20000000000E+01 2.67393171108E+04 1.73249041197E+04 3.61256545731E+04 2.40438239294E+04 2.05707958056E+04 1.29121325238E+04 2.41770528616E+04 1.54425559613E+04 2.89555014933E+04 1.89770633025E+04 3.25719595518E+04 2.14320318913E+04 2.22550688723E+04 1.41437154338E+04 
1.20000000000E+01 1.25000000000E+01 1.30000000000E+01 -4.47739451109E+03 7.55044609737E+03 -7.04791620804E+03 1.05195576959E+04 -2.80122198702E+03 5.61181050249E+03 -3.66553443247E+03 6.78908861531E+03 -5.09827030860E+03 8.21251847148E+03 -5.89313328334E+03 9.45888556928E+03 -3.24969656151E+03 6.10387753965E+03 
1.30000000000E+01 1.35000000000E+01 1.40000000000E+01 -2.92218740527E+03 2.66685982671E+03 -4.39202933293E+03 3.45234314268E+03 -1.93521108441E+03 2.14088364490E+03 -2.37445792415E+03 2.36777845053E+03 -3.48585811161E+03 2.97555572233E+03 -3.61515832618E+03 3.09180886265E+03 -2.36216615911E+03 2.39977318740E+03 
1.40000000000E+01 1.45000000000E+01 1.50000000000E+01 4.53862502110E+03 1.99082019565E+03 4.46150053779E+03 2.43142820627E+03 4.51838618012E+03 1.79497371251E+03 4.15281956959E+03 1.76120897482E+03 4.86182213735E+03 2.20486298252E+03 4.16272102042E+03 2.16734491963E+03 4.92519745934E+03 2.00937337546E+03 
1.50000000000E+01 1.55000000000E+01 1.60000000000E+01 2.00093844022E+03 6.42596752931E+02 2.01660810144E+03 8.75049987872E+02 1.96321815446E+03 4.89758430817E+02 1.87210374832E+03 5.66066301285E+02 2.01969120964E+03 7.20034087829E+02 1.84781214997E+03 7.70879276976E+02 1.98951680189E+03 5.48622284275E+02 
1.60000000000E+01 1.65000000000E+01 1.70000000000E+01 4.03808229611E+04 3.89872425283E+04 3.36816666220E+04 3.24582314233E+04 4.20695060847E+04 4.06636790313E+04 3.56129270933E+04 3.45108287213E+04 4.57996739539E+04 4.41354379651E+04 2.78819219125E+04 2.70538317436E+04 4.63674312158E+04 4.47505818484E+04 
1.70000000000E+01 1.75000000000E+01 1.80000000000E+01 -4.18162917720E+04 4.24439865324E+04 -3.64183335268E+04 3.67282618216E+04 -4.26261556344E+04 4.34656635176E+04 -3.69588449091E+04 3.76400657570E+04 -4.73245763563E+04 4.79034768149E+04 -3.04638949904E+04 3.08656458081E+04 -4.69612540579E+04 4.77863290943E+04 
1.80000000000E+01 1.85000000000E+01 1.90000000000E+01 -7.11591031554E+02 5.26604975401E+03 -1.58372116983E+03 7.34634592499E+03 -1.79028714833E+02 3.90835776008E+03 -1.35790847277E+02 4.81468726982E+03 -1.26827566750E+03 5.67624826960E+03 -6.70668551564E+02 6.71704167166E+03 -5.97706813636E+02 4.21292618604E+03 
1.90000000000E+01 1.95000000000E+01 2.00000000000E+01 5.76507957998E+02 1.99678663989E+03 2.78898434346E+02 2.77564542809E+03 7.58141672070E+02 1.48652198205E+03 7.31378190694E+02 1.84101650658E+03 4.96755650293E+02 2.13230105306E+03 5.27619836303E+02 2.55947375903E+03 7.81174505154E+02 1.58774647082E+03 
2.00000000000E+01 2.05000000000E+01 2.10000000000E+01 2.21360789384E+03 1.69836222380E+03 2.70989206426E+03 2.33261478321E+03 1.89145923770E+03 1.28191032404E+03 2.07442224586E+03 1.56209539153E+03 2.33969482302E+03 1.82247454174E+03 2.51597788298E+03 2.14925658459E+03 1.97874796506E+03 1.37792815027E+03 
2.10000000000E+01 2.15000000000E+01 2.20000000000E+01 -3.11905315534E+03 3.46291566756E+03 -4.83193031930E+03 4.83800516873E+03 -2.04738454792E+03 2.56729656941E+03 -2.73511102443E+03 3.12819830749E+03 -3.44247322532E+03 3.73797600062E+03 -4.26845379910E+03 4.37030367377E+03 -2.27298593843E+03 2.77116754727E+03 
2.20000000000E+01 2.25000000000E+01 2.30000000000E+01 1.13265817576E+05 1.09293025534E+05 1.57758231102E+05 1.52740475392E+05 8.42674403839E+04 8.09991021208E+04 1.02398146811E+05 9.86486568455E+04 1.22154940744E+05 1.18018658762E+05 1.42597333087E+05 1.37864616753E+05 9.08672152977E+04 8.74658328083E+04 
2.30000000000E+01 2.35000000000E+01 2.40000000000E+01 -9.83006657714E+04 9.83904875373E+04 -1.37757995154E+05 1.37504055278E+05 -7.26328007615E+04 7.29189055542E+04 -8.86892833285E+04 8.88074200351E+04 -1.06192835944E+05 1.06246134473E+05 -1.24289520153E+05 1.24111377999E+05 -7.84557115497E+04 7.87408581822E+04 
2.40000000000E+01 2.45000000000E+01 2.50000000000E+01 -4.95784402988E+03 4.90887575595E+03 -7.26933346882E+03 6.85996911905E+03 -3.44651338291E+03 3.63829675060E+03 -4.44741973286E+03 4.43577528608E+03 -5.42569010995E+03 5.29681337176E+03 -6.54704385045E+03 6.19887357187E+03 -3.79952009645E+03 3.92584447179E+03 
2.50000000000E+01 2.55000000000E+01 2.60000000000E+01 -2.78437527220E+03 3.13949459025E+03 -3.59392743699E+03 4.22366411236E+03 -2.21225548489E+03 2.45515939388E+03 -2.19368330266E+03 2.73766294360E+03 -3.42084638736E+03 3.52420515319E+03 -2.82094193274E+03 3.71120653288E+03 -2.69634862050E+03 2.77087227250E+03 
2.60000000000E+01 2.65000000000E+01 2.70000000000E+01 2.02700252509E+02 6.65669729379E+02 -2.93447130044E+01 9.24973289273E+02 3.57820224955E+02 4.96210092628E+02 2.52532905429E+02 6.25666676423E+02 1.77401200970E+02 6.95956336023E+02 3.11341555820E+01 8.69329944509E+02 3.45289627687E+02 5.18893951789E+02 
2.70000000000E+01 2.75000000000E+01 2.80000000000E+01 -6.11306985079E+02 1.24323582994E+03 -2.21891128380E+02 9.72380131554E+02 -7.79737975869E+02 1.38968166886E+03 -2.57496154435E+02 9.30457093774E+02 -1.06415356543E+03 1.63576482704E+03 2.02993884492E+02 7.76104721677E+02 -1.14254961223E+03 1.74149003420E+03 
2.80000000000E+01 2.85000000000E+01 2.90000000000E+01 1.75364967452E+03 9.12151189109E+02 2.13473290867E+03 1.27106576900E+03 1.45503830413E+03 6.77892849115E+02 1.76597621862E+03 8.89444044990E+02 1.73457171935E+03 9.24392427571E+02 2.18028832054E+03 1.23981797922E+03 1.44021163114E+03 6.87253605755E+02 
2.90000000000E+01 2.95000000000E+01 3.00000000000E+01 -2.81713297439E+02 8.62659539983E+02 -7.27121658438E+02 1.15363110069E+03 -9.08069091476E+00 6.71714768265E+02 -2.92957676943E+02 8.13630823691E+02 -2.39565875066E+02 9.09226192348E+02 -7.19083092382E+02 1.09654493852E+03 3.47146692436E+01 7.12855171450E+02 
3.00000000000E+01 3.05000000000E+01 3.10000000000E+01 2.25516815622E+03 2.75253950186E+03 1.78131033785E+03 2.32179868042E+03 2.40840060400E+03 2.87751092487E+03 1.89755717889E+03 2.11825758979E+03 2.68061031812E+03 3.48564213362E+03 1.43260381577E+03 1.67672744425E+03 2.79442201870E+03 3.51171498185E+03 
3.10000000000E+01 3.15000000000E+01 3.20000000000E+01 5.94393834675E+02 4.32978837674E+02 5.45682355390E+02 5.79664431838E+02 6.18486751941E+02 3.36254058600E+02 5.34567265037E+02 3.82969633344E+02 6.31528782354E+02 4.86386908327E+02 4.75508945887E+02 5.17178990747E+02 6.51510722783E+02 3.79487804351E+02 
3.20000000000E+01 3.25000000000E+01 3.30000000000E+01 1.22203384214E+03 5.16567429525E+02 1.44857725595E+03 7.20535215230E+02 1.03888368382E+03 3.83587226166E+02 1.20180236231E+03 4.79625248963E+02 1.28173523980E+03 5.47142409320E+02 1.48107848284E+03 6.68919763846E+02 1.08486951791E+03 4.06243017276E+02 
3.30000000000E+01 3.35000000000E+01 3.40000000000E+01 5.63960035014E+02 5.39315522049E+02 6.03560649519E+02 7.51928937005E+02 5.37441000374E+02 4.00525872246E+02 5.59164333308E+02 4.90916533940E+02 5.72591661465E+02 5.80659430884E+02 6.10869054257E+02 6.84402738830E+02 5.46449243766E+02 4.31253781210E+02 
3.40000000000E+01 3.45000000000E+01 3.50000000000E+01 4.96473490883E+02 3.81136854422E+02 4.81383115660E+02 5.31149582588E+02 4.89486944125E+02 2.83107235929E+02 4.69065463984E+02 3.48670359608E+02 4.94766363948E+02 4.07892494063E+02 4.59807646231E+02 4.85975094205E+02 5.11645160838E+02 3.03118992384E+02 
3.50000000000E+01 3.55000000000E+01 3.60000000000E+01 1.11932198981E+03 4.82863862994E+02 1.20684891039E+03 5.60360869695E+02 1.06032726842E+03 4.22328397119E+02 9.87453479741E+02 3.80979014077E+02 1.28452603475E+03 5.91031292845E+02 1.02260199342E+03 4.29179280304E+02 1.16955792420E+03 5.07623474665E+02 
3.60000000000E+01 3.65000000000E+01 3.70000000000E+01 -1.79031998065E+02 4.48354008092E+02 -3.02409706750E+02 5.46029233549E+02 -8.70067873234E+01 3.75850777340E+02 -2.64780564373E+01 3.46531663198E+02 -3.20208060473E+02 5.58712364916E+02 -1.01985853078E+02 4.13169742325E+02 -1.91309840247E+02 4.61328872869E+02 
3.70000000000E+01 3.75000000000E+01 3.80000000000E+01 9.39701180563E+02 5.00805718852E+02 9.48573735029E+02 5.23180415736E+02 9.12191248750E+02 4.79982855713E+02 7.07569086512E+02 3.21179865128E+02 1.25081492163E+03 7.64050182722E+02 6.74440347936E+02 3.21986263831E+02 1.17411953589E+03 7.01978351090E+02 
3.80000000000E+01 3.85000000000E+01 3.90000000000E+01 -2.28507605538E+02 1.00612133146E+03 -5.84901207528E+01 9.89365353679E+02 -2.94662040082E+02 9.72916583601E+02 1.51545283277E+02 6.50714945975E+02 -6.63242280732E+02 1.42038462567E+03 4.56473605155E+02 5.70556193209E+02 -6.38012379216E+02 1.29873267967E+03 
3.90000000000E+01 3.95000000000E+01 4.00000000000E+01 1.50999955479E+03 1.23016395586E+03 1.45249366153E+03 1.27712127117E+03 1.47633866782E+03 1.16090133086E+03 1.07667515648E+03 8.37021804923E+02 1.98549913376E+03 1.68700700817E+03 8.96551534357E+02 8.28156338796E+02 1.84223240809E+03 1.52392482043E+03 
4.00000000000E+01 4.05000000000E+01 4.10000000000E+01 -1.78969494352E+03 1.18117966061E+03 -2.12063036753E+03 1.29064056290E+03 -1.52058928876E+03 1.10282997738E+03 -1.50550444759E+03 9.94659602613E+02 -2.09573928478E+03 1.40840149640E+03 -1.76812765141E+03 1.12545712399E+03 -1.76897991927E+03 1.30310270210E+03 
4.10000000000E+01 4.15000000000E+01 4.20000000000E+01 1.36462914602E+03 7.41413477310E+02 1.75501556790E+03 1.03230269088E+03 1.10571813205E+03 5.51262543992E+02 1.34128152502E+03 7.31109841006E+02 1.39114938053E+03 7.43853781226E+02 1.72102638817E+03 1.01813344420E+03 1.12545360747E+03 5.53163166595E+02 
4.20000000000E+01 4.25000000000E+01 4.30000000000E+01 3.00385563551E+02 9.65004021347E+01 2.80593716584E+02 1.30697143600E+02 2.96437934729E+02 7.41089482422E+01 3.03592408980E+02 8.83979245284E+01 2.95028431565E+02 1.02934954512E+02 3.01205464670E+02 1.19689552660E+02 2.99071316554E+02 7.91459378423E+01 
4.30000000000E+01 4.35000000000E+01 4.40000000000E+01 4.78359597504E+02 1.14783516847E+02 5.43372729328E+02 1.58921305499E+02 4.29975466708E+02 8.57511257741E+01 4.85676720804E+02 1.09819321894E+02 4.84538342375E+02 1.19106871328E+02 5.37858579185E+02 1.51957941016E+02 4.34019968052E+02 8.91878238600E+01 
4.40000000000E+01 4.45000000000E+01 4.50000000000E+01 1.12343383225E+02 1.95591677597E+02 3.09683004497E+01 2.71768864655E+02 1.49898466624E+02 1.45887127621E+02 1.31750075883E+02 1.90172811698E+02 1.01465073585E+02 2.00711727987E+02 6.20199797225E+01 2.64195355806E+02 1.50095463756E+02 1.49613774880E+02 
4.50000000000E+01 4.55000000000E+01 4.60000000000E+01 8.68042244791E+02 1.14196714765E+03 5.50311755177E+02 1.12254779128E+03 1.00672819218E+03 1.12054792011E+03 6.20836045521E+02 9.02770026651E+02 1.15762709970E+03 1.42192872336E+03 2.54277106112E+02 8.80902327788E+02 1.24761193767E+03 1.35585286583E+03 
4.60000000000E+01 4.65000000000E+01 4.70000000000E+01 7.05818690525E+02 3.72375735885E+02 8.74557299838E+02 5.18040573507E+02 5.90169756989E+02 2.77009480195E+02 6.89119819323E+02 3.57931733068E+02 7.13200474391E+02 3.82533238425E+02 8.60674959904E+02 4.97950557887E+02 5.96400139359E+02 2.84576559621E+02 
4.70000000000E+01 4.75000000000E+01 4.80000000000E+01 -2.18835775242E+02 3.37737749739E+02 -4.02979429405E+02 4.70602498065E+02 -9.72834775130E+01 2.51003155355E+02 -2.20111886500E+02 3.32138830795E+02 -2.05024017692E+02 3.43684259961E+02 -4.11010064180E+02 4.62319077955E+02 -8.29062986878E+01 2.55218790679E+02 
4.80000000000E+01 4.85000000000E+01 4.90000000000E+01 6.39675157455E+02 3.02897322672E+02 7.87901743275E+02 4.22139397827E+02 5.40205196002E+02 2.25146268204E+02 6.20365332900E+02 2.97493345878E+02 6.58739502026E+02 3.09212155171E+02 7.56329139618E+02 4.14266669225E+02 5.57241891502E+02 2.29639170528E+02 
4.90000000000E+01 4.95000000000E+01 5.00000000000E+01 1.99694166382E+02 5.49477626949E+01 1.91873483741E+02 7.20164092038E+01 2.03009356968E+02 4.41354724052E+01 2.04335210833E+02 5.42475004247E+01 2.01949656492E+02 5.62929367254E+01 1.94107519568E+02 7.21834481452E+01 2.03610367522E+02 4.57679043321E+01 
5.00000000000E+01 5.05000000000E+01 5.10000000000E+01 1.04388856759E+03 6.30521299071E+02 1.21023502481E+03 8.42462609957E+02 9.09277372536E+02 5.01168434339E+02 9.33218563584E+02 5.74379555964E+02 1.14975056007E+03 6.84440029596E+02 1.07649761761E+03 7.78607784418E+02 9.83842539469E+02 5.49528198807E+02 
5.10000000000E+01 5.15000000000E+01 5.20000000000E+01 1.06271933890E+02 1.21436655146E+02 5.82422693279E+01 1.68466873228E+02 1.35252563939E+02 9.13599179612E+01 9.87106876160E+01 1.20852360472E+02 1.24856680317E+02 1.21609986817E+02 4.38179938167E+01 1.68472879435E+02 1.49642969575E+02 9.22695684982E+01 
5.20000000000E+01 5.25000000000E+01 5.30000000000E+01 7.56036732760E+02 2.80268006861E+02 9.86147299121E+02 3.90630664178E+02 6.04759760212E+02 2.08228687975E+02 7.27710145297E+02 2.64080105156E+02 7.80634183232E+02 2.92718535595E+02 9.41552838079E+02 3.68178512045E+02 6.23746303698E+02 2.17607575095E+02 
5.30000000000E+01 5.35000000000E+01 5.40000000000E+01 4.90107620376E+02 2.53948248742E+02 5.99045479554E+02 3.52418329769E+02 4.19136477190E+02 1.89778663301E+02 4.73542991558E+02 2.49906360421E+02 5.15123656858E+02 2.55511512020E+02 5.72712752440E+02 3.47360448032E+02 4.40784877546E+02 1.91406133286E+02 
5.40000000000E+01 5.45000000000E+01 5.50000000000E+01 3.70230750803E+03 3.41664593298E+03 5.09702868712E+03 4.76446711430E+03 2.78634398222E+03 2.53655816830E+03 3.67414190882E+03 3.38615440000E+03 3.67369515542E+03 3.39946768995E+03 5.05047575165E+03 4.72196941040E+03 2.76403739495E+03 2.52382180765E+03 
5.50000000000E+01 5.55000000000E+01 5.60000000000E+01 -4.94041930233E+02 7.01925508546E+02 -7.77235434979E+02 9.79818587958E+02 -3.16944279516E+02 5.20739768783E+02 -4.12210424261E+02 6.59629895997E+02 -5.39665131091E+02 7.34047135536E+02 -6.59025022572E+02 9.20795249734E+02 -3.52036032882E+02 5.44564890381E+02 
5.60000000000E+01 5.65000000000E+01 5.70000000000E+01 -1.11667897361E+02 2.64176734910E+02 -2.27232590962E+02 3.68301099045E+02 -4.42707113098E+01 1.96220807724E+02 -1.22058280158E+02 2.60058174059E+02 -1.08597026159E+02 2.66623486686E+02 -2.35516379837E+02 3.62360181193E+02 -3.64513216619E+01 1.97904751042E+02 
5.70000000000E+01 5.75000000000E+01 5.80000000000E+01 2.24653388019E+02 2.80175812848E+01 2.49764781898E+02 3.96526874200E+01 2.03878863183E+02 2.07828819511E+01 2.23971013570E+02 2.83542122639E+01 2.16055978138E+02 2.97972920812E+01 2.50195594753E+02 3.99695536657E+01 2.00506544017E+02 2.23410380452E+01 
5.80000000000E+01 5.85000000000E+01 5.90000000000E+01 3.10037523671E+02 1.42369174376E+02 3.77232349199E+02 1.97880636998E+02 2.68765906418E+02 1.06103384034E+02 3.02970277481E+02 1.35281297286E+02 3.17046365511E+02 1.47264118910E+02 3.57115284084E+02 1.88049287030E+02 2.75877690504E+02 1.09792024654E+02 
5.90000000000E+01 5.95000000000E+01 6.00000000000E+01 4.12558214823E+01 1.50011001216E+02 -5.85541371529E+00 2.07274750741E+02 6.28832656806E+01 1.12517337442E+02 4.78672369974E+01 1.43840948146E+02 2.97674695325E+01 1.54569723835E+02 1.01918937314E+01 1.98669998664E+02 5.54755842677E+01 1.15926409069E+02 
6.00000000000E+01 6.05000000000E+01 6.10000000000E+01 1.44233658916E+00 1.17455328502E+02 -5.14755268184E+01 1.63486512770E+02 3.53027905621E+01 8.74207136287E+01 1.94314409203E+01 1.09826580343E+02 -1.57296269182E+01 1.24100047553E+02 -2.96186335532E+01 1.52823914154E+02 2.22579210169E+01 9.23009562007E+01 
6.10000000000E+01 6.15000000000E+01 6.20000000000E+01 2.37271278085E+02 5.67430282351E+01 2.74924568609E+02 7.62432501671E+01 2.14796375489E+02 4.39705162961E+01 2.37465092928E+02 5.28369086622E+01 2.38432389602E+02 6.05342983430E+01 2.69138185252E+02 7.07591958955E+01 2.21982117506E+02 4.68598735399E+01 
6.20000000000E+01 6.25000000000E+01 6.30000000000E+01 5.10345189386E+01 6.79537260562E+01 2.35761396525E+01 9.42727097243E+01 7.61697823418E+01 5.08690236287E+01 5.71910573082E+01 6.31041689791E+01 5.94364371959E+01 7.21991878774E+01 2.47716658719E+01 8.74865459015E+01 8.21692089007E+01 5.41261485206E+01 
6.30000000000E+01 6.35000000000E+01 6.40000000000E+01 1.64165392878E+02 4.82362794218E+01 1.23722829189E+02 5.39271549327E+01 1.24077879756E+02 2.97038760090E+01 1.24957566265E+02 3.76003422341E+01 1.23470103424E+02 4.09832454203E+01 1.27589327432E+02 5.17598129899E+01 1.23426193184E+02 3.09571461900E+01 
6.40000000000E+01 6.45000000000E+01 6.50000000000E+01 3.59911642469E+02 2.16168417906E+02 4.33178342711E+02 3.00553939145E+02 2.99645230553E+02 1.60875481384E+02 3.54842641640E+02 2.07981630806E+02 3.53920625102E+02 2.21278557169E+02 4.37118825675E+02 2.89191788682E+02 3.02676695572E+02 1.64700439322E+02 
6.50000000000E+01 6.55000000000E+01 6.60000000000E+01 1.16754900422E+02 1.59180898831E+01 1.13373596190E+02 2.07114295371E+01 1.16944916352E+02 1.34336200593E+01 1.17073920607E+02 1.56738613253E+01 1.21145187835E+02 1.75314074447E+01 1.04651168417E+02 2.03157175238E+01 1.22397956235E+02 1.48647385991E+01 
6.60000000000E+01 6.65000000000E+01 6.70000000000E+01 -2.79276838210E+02 4.13326624047E+02 -4.38417155466E+02 5.74609211400E+02 -1.76989359695E+02 3.07719909560E+02 -2.64138705194E+02 3.97591893991E+02 -2.89370599676E+02 4.23178950199E+02 -4.11036460210E+02 5.52835796410E+02 -1.83709178778E+02 3.15108856144E+02 
6.70000000000E+01 6.75000000000E+01 6.80000000000E+01 -3.91735032758E+02 4.79216155357E+02 -5.84316060821E+02 6.66336681749E+02 -2.70649895476E+02 3.56664567346E+02 -3.73772751497E+02 4.60971342413E+02 -4.03996788484E+02 4.90578875067E+02 -5.55219625585E+02 6.41023915901E+02 -2.78659624735E+02 3.65153867516E+02 
6.80000000000E+01 6.85000000000E+01 6.90000000000E+01 7.22425499508E+02 7.00850623268E+02 9.60290947303E+02 9.74631189974E+02 5.65068385303E+02 5.21480154366E+02 6.98517634529E+02 6.73831269606E+02 7.37171806725E+02 7.17775437752E+02 9.27487705264E+02 9.37061606573E+02 5.76368340389E+02 5.34077761304E+02 
6.90000000000E+01 6.95000000000E+01 7.00000000000E+01 -7.45082503869E+01 2.02999945557E+02 -1.65927321407E+01 1.19666416749E+02 -1.22957841151E+02 2.41546169750E+02 -2.61877562534E+01 1.49738978196E+02 -1.28010032226E+02 2.64823488418E+02 8.80909876702E+01 5.53936475758E+01 -1.68557613017E+02 2.92537581521E+02 
7.00000000000E+01 7.05000000000E+01 7.10000000000E+01 8.10795255804E+02 5.43947814396E+02 6.14824638758E+02 4.31700269203E+02 8.78225923685E+02 6.26861866968E+02 6.62027432236E+02 4.23822431931E+02 9.80265238956E+02 6.91326502640E+02 4.44497041252E+02 3.72396305322E+02 1.02026900849E+03 7.56145087946E+02 
7.10000000000E+01 7.15000000000E+01 7.20000000000E+01 -1.91721260143E+02 2.84340007687E+02 -3.05910874187E+02 3.95170054877E+02 -1.18061717183E+02 2.11718986870E+02 -1.76772224664E+02 2.73025770145E+02 -2.05740750927E+02 2.91888150885E+02 -2.87916828265E+02 3.79455053661E+02 -1.25825686632E+02 2.17345069723E+02 
7.20000000000E+01 7.25000000000E+01 7.30000000000E+01 9.96385316097E+01 1.18137522102E+01 1.03492161499E+02 1.52194994313E+01 9.52610316791E+01 9.39193061206E+00 1.03017734477E+02 1.17544182606E+01 9.34697020617E+01 1.22135092128E+01 1.06755356634E+02 1.55324269343E+01 9.10292461526E+01 9.87934476796E+00 
7.30000000000E+01 7.35000000000E+01 7.40000000000E+01 -2.40878864551E+02 3.56566495826E+02 -3.72333342432E+02 4.95790876816E+02 -1.53954986228E+02 2.65347201155E+02 -2.35777303166E+02 3.42944690838E+02 -2.39685568508E+02 3.65103450013E+02 -3.62716477028E+02 4.76864263217E+02 -1.51171075623E+02 2.71711686138E+02 
7.40000000000E+01 7.45000000000E+01 7.50000000000E+01 5.35429171596E+01 6.65957556696E+01 4.04535375355E+01 8.77602061574E+01 5.90271462615E+01 5.23683428247E+01 6.22316216371E+01 6.37711800809E+01 4.84503177878E+01 6.90913518196E+01 5.41076963371E+01 8.41946227794E+01 5.61394449056E+01 5.43853999687E+01 
7.50000000000E+01 7.55000000000E+01 7.60000000000E+01 -1.40757175148E+02 2.50330866171E+02 6.34490931316E+01 9.91343301947E+01 -2.43673667082E+02 3.34428321525E+02 -5.75315303939E+01 1.71511700630E+02 -2.39077441513E+02 3.45793567421E+02 1.60082514226E+02 8.88243341018E+01 -3.25389573837E+02 4.14569715266E+02 
7.60000000000E+01 7.65000000000E+01 7.70000000000E+01 5.22333705372E+02 3.46976937366E+02 6.88166274658E+02 4.82661900548E+02 4.10408813425E+02 2.58119613436E+02 4.99497246575E+02 3.32319972281E+02 5.39493630265E+02 3.56770195068E+02 6.58279015350E+02 4.62256555046E+02 4.22809786407E+02 2.65398187473E+02 
7.70000000000E+01 7.75000000000E+01 7.80000000000E+01 7.54990165975E+01 2.20316713373E+01 8.23017921671E+01 3.04421852799E+01 7.39929784323E+01 1.66592216143E+01 8.12687889962E+01 2.32804013795E+01 7.42350608010E+01 2.12206980715E+01 8.82555017988E+01 3.21970279242E+01 7.41680408186E+01 1.60934059922E+01 
7.80000000000E+01 7.85000000000E+01 7.90000000000E+01 6.98958487154E+01 1.74651869278E+01 6.25316791573E+01 2.32813902524E+01 7.11158011383E+01 1.37971685794E+01 6.83675471372E+01 1.67273388360E+01 7.49421735089E+01 1.81597785908E+01 5.88037294292E+01 2.25934062145E+01 7.49694495593E+01 1.46081338273E+01 
7.90000000000E+01 7.95000000000E+01 8.00000000000E+01 9.72781452958E+01 1.65520644561E+01 1.05426654680E+02 2.28081804622E+01 9.42219581906E+01 1.26006089232E+01 1.09941273926E+02 2.63965079556E+01 9.54953229270E+01 9.66417166851E+00 1.19129074191E+02 3.65711512023E+01 9.11236650068E+01 7.55167874820E+00 
8.00000000000E+01 8.05000000000E+01 8.10000000000E+01 5.73665422591E+01 1.89686361020E+01 5.20224753364E+01 2.63191143072E+01 5.95815213826E+01 1.42009642856E+01 4.37432773642E+01 2.82001628993E+01 6.94751833284E+01 1.34033209452E+01 3.43501225743E+01 3.92490463106E+01 6.66239862235E+01 1.00219168828E+01 
8.10000000000E+01 8.15000000000E+01 8.20000000000E+01 6.78946362073E+01 1.31507396916E+01 7.42944540956E+01 1.66726095292E+01 6.29564302817E+01 1.07906265024E+01 6.58663714102E+01 1.42458043923E+01 6.89017876186E+01 1.73396579925E+01 7.14439692663E+01 1.85201126202E+01 6.44651550909E+01 1.37078122579E+01 
8.20000000000E+01 8.25000000000E+01 8.30000000000E+01 7.19127003701E+01 9.54322792200E+00 7.00681914915E+01 1.15325362279E+01 7.30072205125E+01 8.22512639100E+00 7.22873571715E+01 9.64786591221E+00 7.42378569011E+01 9.61855951270E+00 7.07927587353E+01 1.19769428614E+01 7.33311064793E+01 8.38090437876E+00 
8.30000000000E+01 8.35000000000E+01 8.40000000000E+01 6.15517783959E+01 5.14216831114E+00 6.04866830616E+01 6.40431376778E+00 5.94698280839E+01 4.44592880763E+00 6.14043888855E+01 4.90189877677E+00 6.15265316084E+01 6.19461272306E+00 6.25072084304E+01 6.48103526442E+00 5.98959932416E+01 4.87384566788E+00 
8.40000000000E+01 8.45000000000E+01 8.50000000000E+01 6.32863098675E+01 9.09537951337E+00 6.19511365385E+01 1.23681363756E+01 6.19493004299E+01 7.12506406277E+00 5.97299789494E+01 1.02745682597E+01 6.74796489567E+01 8.97633599074E+00 5.70173847051E+01 1.38801445484E+01 6.19993661371E+01 6.73978983697E+00 
8.50000000000E+01 8.55000000000E+01 8.60000000000E+01 -2.05219862359E+01 7.31796886468E+01 -5.82912617477E+01 1.01739332311E+02 4.38406394608E-01 5.44752933137E+01 -2.45418870839E+01 7.14260422561E+01 -1.71208264824E+01 7.40913563475E+01 -6.02622931437E+01 9.93093640382E+01 4.30866399577E+00 5.51577101218E+01 
8.60000000000E+01 8.65000000000E+01 8.70000000000E+01 -4.58872349950E+01 1.06697809111E+02 -7.96852302379E+01 1.48384045730E+02 -2.16173327351E+01 7.94315618875E+01 -3.46982766174E+01 1.04118552933E+02 -5.49985744287E+01 1.07983480836E+02 -6.91435691480E+01 1.44818759821E+02 -2.87626398039E+01 8.04030795610E+01 
8.70000000000E+01 8.75000000000E+01 8.80000000000E+01 4.92926265638E+01 1.64791494028E+02 4.10643385241E+01 2.29294858374E+02 5.18528872957E+01 1.22633630247E+02 4.30762480733E+01 1.60776816610E+02 5.39450194658E+01 1.66903445908E+02 3.22382956733E+01 2.23747734421E+02 5.53460997929E+01 1.24227337604E+02 
8.80000000000E+01 8.85000000000E+01 8.90000000000E+01 -1.70651353103E+01 1.51718555347E+02 -5.12709385256E+01 2.11447021554E+02 4.82936433227E-01 1.12706025350E+02 -1.83177400407E+01 1.47114424415E+02 -1.82822736541E+01 1.54299534002E+02 -4.38840452659E+01 2.05098326826E+02 3.34129666177E+00 1.14689926861E+02 
8.90000000000E+01 8.95000000000E+01 9.00000000000E+01 2.95861422156E+02 2.51436615433E+02 3.98554296981E+02 3.50353280307E+02 2.32497026336E+02 1.86793608084E+02 2.92931390294E+02 2.43308348385E+02 3.05389326762E+02 2.56021700438E+02 3.86534654601E+02 3.39049286140E+02 2.35338493410E+02 1.90215760310E+02 
9.00000000000E+01 9.05000000000E+01 9.10000000000E+01 5.57932180661E+01 1.65475243866E+01 5.36147947818E+01 2.13735406116E+01 5.58298428013E+01 1.33432095673E+01 5.42046741680E+01 1.66628667179E+01 5.69204705112E+01 1.65753931706E+01 5.26835081083E+01 2.16551280375E+01 5.64057492376E+01 1.34273436189E+01 
9.10000000000E+01 9.15000000000E+01 9.20000000000E+01 6.00135811426E+01 9.03483031445E+00 6.32055434855E+01 1.23277292289E+01 5.99852435360E+01 6.97181958600E+00 6.39706152547E+01 9.30392263020E+00 5.69589360975E+01 9.10901445674E+00 6.49906999705E+01 1.26023555092E+01 5.77310463758E+01 7.02139158951E+00 
9.20000000000E+01 9.25000000000E+01 9.30000000000E+01 5.11450453419E+01 9.34163154275E+00 5.14935903199E+01 1.28406948566E+01 4.74511644701E+01 7.02967691204E+00 4.91204379306E+01 9.33005356668E+00 5.01046506596E+01 9.32840599684E+00 5.01146292235E+01 1.29417549390E+01 4.89519725224E+01 7.03584877074E+00 
9.30000000000E+01 9.35000000000E+01 9.40000000000E+01 -1.02544030975E+02 1.16622539358E+02 -1.58693651203E+02 1.62161576287E+02 -6.56264095129E+01 8.67927979000E+01 -9.38967201395E+01 1.12279594662E+02 -1.05389069465E+02 1.19297968504E+02 -1.46499910220E+02 1.56123145324E+02 -6.74852713872E+01 8.87860142377E+01 
9.40000000000E+01 9.45000000000E+01 9.50000000000E+01 4.08505008337E+02 4.09675013672E+02 5.46226822099E+02 5.69071581766E+02 3.16139062309E+02 3.05211511233E+02 3.89536086015E+02 3.94470107465E+02 4.12564522387E+02 4.19026114038E+02 5.21920716171E+02 5.47951868294E+02 3.19668656845E+02 3.12184322984E+02 
9.50000000000E+01 9.55000000000E+01 9.60000000000E+01 1.15748003624E+02 1.44216176968E+02 1.51249859255E+02 1.98542618206E+02 9.48577201315E+01 1.08493062767E+02 1.26494073111E+02 1.44033978949E+02 1.05759999548E+02 1.43806175928E+02 1.63431510815E+02 1.98377374502E+02 8.48044270849E+01 1.08210778362E+02 
9.60000000000E+01 9.65000000000E+01 9.70000000000E+01 -1.65645284175E+03 1.38289800985E+03 -2.32391238978E+03 1.92470377765E+03 -1.21958586992E+03 1.02826957940E+03 -1.61732201011E+03 1.35397448365E+03 -1.67339379635E+03 1.39440578042E+03 -2.26779991073E+03 1.88445442519E+03 -1.23110571692E+03 1.03682925178E+03 
9.70000000000E+01 9.75000000000E+01 9.80000000000E+01 1.51245881997E+03 1.42216232094E+03 2.08563564824E+03 1.97945534234E+03 1.13697372789E+03 1.05741842483E+03 1.48169017307E+03 1.39408100413E+03 1.52386914571E+03 1.43248982783E+03 2.04254228577E+03 1.94037322779E+03 1.14702136109E+03 1.06509798953E+03 
9.80000000000E+01 9.85000000000E+01 9.90000000000E+01 1.61723923591E+02 1.46894465815E+02 2.12029763199E+02 2.04219100273E+02 1.28437823026E+02 1.09340826248E+02 1.56551594946E+02 1.41377323300E+02 1.62517254021E+02 1.50312512711E+02 2.04328563821E+02 1.96559106451E+02 1.28498193186E+02 1.11887936661E+02 
9.90000000000E+01 9.95000000000E+01 1.00000000000E+02 2.24979641451E+01 1.75096735137E+01 1.70693853214E+01 2.24268909958E+01 2.67794397240E+01 1.40908342011E+01 2.00051043640E+01 1.78954665757E+01 2.49424117090E+01 1.72441421823E+01 1.33572273888E+01 2.29311305549E+01 2.86606162810E+01 1.38628263003E+01 
#nx: 3
