#labels: ptz__1p75__2p0_lower[1] ptz__1p75__2p0_center[2] ptz__1p75__2p0_upper[3] tot_scale01[4] tot_scale01_Err[5] tot_scale02[6] tot_scale02_Err[7] tot_scale03[8] tot_scale03_Err[9] tot_scale04[10] tot_scale04_Err[11] tot_scale05[12] tot_scale05_Err[13] tot_scale06[14] tot_scale06_Err[15] tot_scale07[16] tot_scale07_Err[17]
#neval: 155654659868
#overflow:lower center upper 1.18249500675E+03 3.48444236292E+00 1.17859455477E+03 4.82001916894E+00 1.16219189263E+03 2.80063312397E+00 1.18155977700E+03 3.22275404748E+00 1.18994351079E+03 3.76902335342E+00 1.17007874849E+03 4.37465702853E+00 1.16861401359E+03 3.00488287526E+00 
0.00000000000E+00 5.00000000000E-01 1.00000000000E+00 0.00000000000E+00 0.00000000000E+00 0.00000000000E+00 0.00000000000E+00 0.00000000000E+00 0.00000000000E+00 0.00000000000E+00 0.00000000000E+00 0.00000000000E+00 0.00000000000E+00 0.00000000000E+00 0.00000000000E+00 0.00000000000E+00 0.00000000000E+00 
1.00000000000E+00 1.50000000000E+00 2.00000000000E+00 -6.05590040628E+03 3.13407257957E+02 -9.93244440810E+03 4.15731409675E+02 -2.15542838119E+03 2.49892219538E+02 -4.28479843224E+03 2.72482557007E+02 -7.69579702575E+03 3.66526938991E+02 -7.97610614487E+03 3.59260017639E+02 -3.51906283323E+03 2.91547579202E+02 
2.00000000000E+00 2.50000000000E+00 3.00000000000E+00 2.84435739316E+03 1.74264285009E+02 6.47512050536E+02 2.26920149355E+02 4.53584861225E+03 1.37027317216E+02 3.14769613070E+03 1.53829822119E+02 2.43358837678E+03 2.00387988592E+02 1.23435789708E+03 2.00925272750E+02 4.32507054449E+03 1.59553616978E+02 
3.00000000000E+00 3.50000000000E+00 4.00000000000E+00 4.38728773076E+03 1.00063876619E+02 3.42164907719E+03 1.30092372193E+02 5.27532246197E+03 8.14321257181E+01 4.60854772007E+03 9.10296431661E+01 4.30496040172E+03 1.19176966521E+02 3.73417170528E+03 1.18344070818E+02 5.26765516218E+03 9.68619619952E+01 
4.00000000000E+00 4.50000000000E+00 5.00000000000E+00 4.64665245368E+03 7.48390207830E+01 4.00918274372E+03 9.63496649303E+01 5.08392829079E+03 6.13888448302E+01 4.65083524357E+03 6.68914257179E+01 4.59723600549E+03 8.94529377916E+01 4.08068088994E+03 8.53829703699E+01 5.11954383213E+03 7.19576451840E+01 
5.00000000000E+00 5.50000000000E+00 6.00000000000E+00 4.10635678234E+03 6.44793377362E+01 3.66051966015E+03 8.27220103275E+01 4.39420544125E+03 5.32894506360E+01 4.10342303799E+03 5.60081136948E+01 4.10775975575E+03 7.58766061107E+01 3.77881853221E+03 7.25618275259E+01 4.47039595108E+03 6.13430257502E+01 
6.00000000000E+00 6.50000000000E+00 7.00000000000E+00 3.53270098513E+03 5.42350009082E+01 3.37731264800E+03 6.43983735980E+01 3.74848395754E+03 4.43480616243E+01 3.62374825708E+03 4.54602635501E+01 3.63462111727E+03 6.05802624863E+01 3.38321426234E+03 5.69936257565E+01 3.83243547228E+03 4.97222039666E+01 
7.00000000000E+00 7.50000000000E+00 8.00000000000E+00 3.50215090214E+03 5.64648899934E+01 3.34488886208E+03 7.45207921478E+01 3.58920994608E+03 4.45421990799E+01 3.36993862067E+03 5.20957432694E+01 3.47449056053E+03 6.37390927420E+01 3.24080596635E+03 6.92549968255E+01 3.62226801067E+03 5.07622855666E+01 
8.00000000000E+00 8.50000000000E+00 9.00000000000E+00 3.04968538679E+03 5.13991213601E+01 2.93468602773E+03 6.80272605220E+01 3.06532081587E+03 4.02728750799E+01 2.99348908429E+03 4.62371648274E+01 3.09377226141E+03 5.75500991313E+01 2.96016002805E+03 6.20428485640E+01 3.14641557680E+03 4.51893632429E+01 
9.00000000000E+00 9.50000000000E+00 1.00000000000E+01 2.65021589322E+03 3.54270778537E+01 2.54161577370E+03 4.52135664137E+01 2.71280080406E+03 2.92956004931E+01 2.65269647825E+03 3.26936006943E+01 2.62582874070E+03 4.22930409937E+01 2.59103777548E+03 4.16488891240E+01 2.70807003985E+03 3.40694867376E+01 
1.00000000000E+01 1.05000000000E+01 1.10000000000E+01 2.52636540852E+03 3.27057052792E+01 2.55007046197E+03 4.26538417567E+01 2.53603054020E+03 2.69155030796E+01 2.45666601176E+03 3.01452056886E+01 2.55906534275E+03 3.82798229478E+01 2.51671408062E+03 4.00925522153E+01 2.58151029762E+03 3.12104920690E+01 
1.10000000000E+01 1.15000000000E+01 1.20000000000E+01 2.25381224888E+03 3.10221057558E+01 2.24469672698E+03 4.03800598176E+01 2.28671518918E+03 2.55127387172E+01 2.19257220674E+03 2.89236685266E+01 2.25049050005E+03 3.66799427791E+01 2.15959252799E+03 3.71119308124E+01 2.29988344867E+03 2.95761571424E+01 
1.20000000000E+01 1.25000000000E+01 1.30000000000E+01 2.04887302688E+03 3.43978436166E+01 2.00753720993E+03 4.51462523180E+01 2.04177570831E+03 2.73087322315E+01 2.01161765567E+03 3.14862310429E+01 2.06532788750E+03 3.78650414534E+01 2.02956105158E+03 4.17682180494E+01 2.07857316434E+03 3.02176120502E+01 
1.30000000000E+01 1.35000000000E+01 1.40000000000E+01 1.84934670566E+03 2.78759994788E+01 1.83356466206E+03 3.58102102135E+01 1.84961033812E+03 2.24000399275E+01 1.79467264571E+03 2.53949420622E+01 1.88532709446E+03 3.21462046952E+01 1.82629244252E+03 3.25314799888E+01 1.87378328455E+03 2.55535827891E+01 
1.40000000000E+01 1.45000000000E+01 1.50000000000E+01 1.67298426696E+03 2.72036610505E+01 1.67403131459E+03 3.52744431200E+01 1.65127125671E+03 2.19115058635E+01 1.64167776004E+03 2.46433590589E+01 1.69275046353E+03 3.27136211103E+01 1.65797861290E+03 3.19758709329E+01 1.68376677077E+03 2.58988617171E+01 
1.50000000000E+01 1.55000000000E+01 1.60000000000E+01 1.48619386680E+03 2.08906299500E+01 1.45300885985E+03 2.68529490159E+01 1.47454266977E+03 1.70621934420E+01 1.45811107052E+03 1.94030078555E+01 1.46027695274E+03 2.52027994725E+01 1.46052571018E+03 2.49449158933E+01 1.46795218959E+03 2.03239548755E+01 
1.60000000000E+01 1.65000000000E+01 1.70000000000E+01 1.41002622919E+03 2.17180196549E+01 1.38770854538E+03 2.82241876325E+01 1.38799679155E+03 1.74026010381E+01 1.36117687987E+03 1.94663512309E+01 1.43665128029E+03 2.51228323150E+01 1.35183398820E+03 2.52720622866E+01 1.42751478248E+03 2.02461686678E+01 
1.70000000000E+01 1.75000000000E+01 1.80000000000E+01 1.39341366956E+03 1.77731980093E+01 1.42829490344E+03 2.26487538711E+01 1.35967726238E+03 1.47011719311E+01 1.35781858603E+03 1.62312483297E+01 1.41803820307E+03 2.03003303516E+01 1.36755500909E+03 2.05467419151E+01 1.37791975859E+03 1.65828646010E+01 
1.80000000000E+01 1.85000000000E+01 1.90000000000E+01 1.22968377293E+03 1.76219780994E+01 1.22669980236E+03 2.22377743222E+01 1.20481137288E+03 1.43792257523E+01 1.20613567590E+03 1.58315352099E+01 1.25544812092E+03 1.98445212827E+01 1.22693331225E+03 2.01642436610E+01 1.24082282129E+03 1.60219140613E+01 
1.90000000000E+01 1.95000000000E+01 2.00000000000E+01 1.11167670166E+03 1.52351886732E+01 1.13486502387E+03 1.93337424524E+01 1.09966851742E+03 1.25250736222E+01 1.10182244599E+03 1.38050375233E+01 1.14047399385E+03 1.73196709078E+01 1.11064373769E+03 1.80805887482E+01 1.13030862232E+03 1.40215911913E+01 
2.00000000000E+01 2.05000000000E+01 2.10000000000E+01 1.08079782109E+03 1.50233703187E+01 1.10127992897E+03 1.93740343415E+01 1.06140982322E+03 1.23046445169E+01 1.08019232456E+03 1.41415304910E+01 1.11951939739E+03 1.72062955483E+01 1.09680631154E+03 1.80217440756E+01 1.09685909387E+03 1.38687650796E+01 
2.10000000000E+01 2.15000000000E+01 2.20000000000E+01 9.99754396977E+02 1.56971104984E+01 9.97853352933E+02 2.01050624699E+01 9.55507091862E+02 1.27027556444E+01 9.65303832442E+02 1.47714878761E+01 9.94357751151E+02 1.75795905774E+01 9.91160443428E+02 1.91350277941E+01 9.78648807976E+02 1.43766039441E+01 
2.20000000000E+01 2.25000000000E+01 2.30000000000E+01 9.24614573866E+02 1.46246008834E+01 9.54450813199E+02 1.85766463321E+01 8.91461221933E+02 1.16143902532E+01 8.98069881058E+02 1.34999173397E+01 9.17117039558E+02 1.58913762951E+01 9.16620777664E+02 1.76566369647E+01 9.11484937603E+02 1.29441780141E+01 
2.30000000000E+01 2.35000000000E+01 2.40000000000E+01 8.30568216441E+02 1.22329345662E+01 8.45835114731E+02 1.57759865109E+01 8.19855188650E+02 1.02184010184E+01 8.44215660410E+02 1.19140055118E+01 8.46246659143E+02 1.39247275963E+01 8.65160444317E+02 1.54514720852E+01 8.32094968866E+02 1.15486564861E+01 
2.40000000000E+01 2.45000000000E+01 2.50000000000E+01 8.91907369704E+02 1.25064187993E+01 9.00654928202E+02 1.58456956871E+01 8.54565816283E+02 1.05093630533E+01 8.67376194310E+02 1.17246398370E+01 8.99147305909E+02 1.44797344135E+01 8.89700482415E+02 1.47351738578E+01 8.71032327465E+02 1.18601364439E+01 
2.50000000000E+01 2.55000000000E+01 2.60000000000E+01 7.19290421811E+02 1.31084949985E+01 7.32159606238E+02 1.74877428113E+01 7.03934559882E+02 1.02560125493E+01 7.18571197281E+02 1.21387335434E+01 7.46275463214E+02 1.46685557843E+01 7.35085729064E+02 1.61416244623E+01 7.34383503788E+02 1.15794309460E+01 
2.60000000000E+01 2.65000000000E+01 2.70000000000E+01 7.14701980180E+02 1.19981121734E+01 6.99512078523E+02 1.57432569410E+01 6.91419437269E+02 9.67267184843E+00 6.96297324658E+02 1.10467118642E+01 7.12666632122E+02 1.32767646435E+01 7.21364130462E+02 1.48147633632E+01 6.97247293077E+02 1.05641368240E+01 
2.70000000000E+01 2.75000000000E+01 2.80000000000E+01 6.73227183280E+02 1.13307824017E+01 6.84861201234E+02 1.48814357361E+01 6.41500266369E+02 9.06208995553E+00 6.61998479133E+02 1.05759884714E+01 6.70962686571E+02 1.22988860058E+01 6.97046431179E+02 1.42291192954E+01 6.52604400261E+02 9.84689530359E+00 
2.80000000000E+01 2.85000000000E+01 2.90000000000E+01 6.35559032227E+02 9.84713903804E+00 6.21916969483E+02 1.27228044042E+01 6.16255095196E+02 8.53160558329E+00 6.20931534169E+02 9.42806314862E+00 6.18292321207E+02 1.14834991368E+01 6.39802019819E+02 1.21660893890E+01 6.16617847288E+02 9.88278684163E+00 
2.90000000000E+01 2.95000000000E+01 3.00000000000E+01 5.89626211148E+02 9.29091482278E+00 5.98522079155E+02 1.18448427590E+01 5.71614159847E+02 7.77153226024E+00 5.67546171840E+02 8.66959160035E+00 6.24929802234E+02 1.08723131435E+01 5.97517938106E+02 1.13679861992E+01 6.04001691494E+02 8.97033187037E+00 
3.00000000000E+01 3.05000000000E+01 3.10000000000E+01 5.64468884330E+02 9.09859875078E+00 5.72271509293E+02 1.15561733730E+01 5.43321897769E+02 7.44917089565E+00 5.57277934863E+02 8.16117390473E+00 5.75131475049E+02 1.03912265939E+01 5.85093628755E+02 1.06532400982E+01 5.62046393113E+02 8.52215051550E+00 
3.10000000000E+01 3.15000000000E+01 3.20000000000E+01 5.16085161543E+02 8.23457872316E+00 5.26642780643E+02 1.05693724217E+01 5.02400456484E+02 6.89277670564E+00 5.01373175759E+02 7.62822247592E+00 5.13718977531E+02 9.59580203065E+00 5.15659467648E+02 9.85958361295E+00 5.09989204392E+02 7.87977679137E+00 
3.20000000000E+01 3.25000000000E+01 3.30000000000E+01 5.33801865047E+02 8.38844916255E+00 5.36869642378E+02 1.10117539555E+01 5.14257102027E+02 7.01402210406E+00 5.27448137754E+02 7.55992773360E+00 5.37969667856E+02 9.68463245543E+00 5.34378784739E+02 9.67703709232E+00 5.11100844619E+02 7.97611173885E+00 
3.30000000000E+01 3.35000000000E+01 3.40000000000E+01 4.88830770539E+02 9.45962772110E+00 5.00263929605E+02 1.21061791802E+01 4.64025692571E+02 7.57092043304E+00 4.83123659168E+02 8.84357168054E+00 5.06097381807E+02 1.02272013951E+01 5.00419752447E+02 1.13897681975E+01 4.89929195948E+02 8.26628147913E+00 
3.40000000000E+01 3.45000000000E+01 3.50000000000E+01 4.42188605023E+02 1.01609436692E+01 4.50322370096E+02 1.34897351606E+01 4.27920963596E+02 7.94086248599E+00 4.28073844369E+02 1.34364111403E+01 4.47031380028E+02 9.34884792579E+00 4.41008687496E+02 1.83585713212E+01 4.54490450264E+02 7.69081275361E+00 
3.50000000000E+01 3.55000000000E+01 3.60000000000E+01 3.97618484194E+02 6.81041844679E+00 3.97142359104E+02 8.51692315018E+00 3.89944008583E+02 5.49884005358E+00 3.95396313966E+02 6.26867341863E+00 4.04522665785E+02 7.57438889248E+00 3.98139514052E+02 7.75898231300E+00 3.98504919598E+02 6.18843297232E+00 
3.60000000000E+01 3.65000000000E+01 3.70000000000E+01 4.00614498663E+02 6.94641288826E+00 4.10726823658E+02 9.12630250389E+00 3.96201001418E+02 5.83244593484E+00 3.97077161928E+02 6.45574731367E+00 3.91805622954E+02 8.00517595882E+00 4.10301112251E+02 8.26064745158E+00 3.84252243497E+02 6.51820299685E+00 
3.70000000000E+01 3.75000000000E+01 3.80000000000E+01 4.01866601930E+02 9.14125628559E+00 4.27180873453E+02 1.22680712692E+01 3.84705832882E+02 7.35688492779E+00 3.84763954445E+02 9.16836008838E+00 4.06534104456E+02 1.00909854472E+01 4.01024436431E+02 1.18128719341E+01 3.91577912289E+02 7.98636588330E+00 
3.80000000000E+01 3.85000000000E+01 3.90000000000E+01 3.76492219587E+02 9.82561883755E+00 3.93839240517E+02 1.28142247533E+01 3.61721556050E+02 7.80101777493E+00 3.49838592387E+02 9.93008057148E+00 3.70837584618E+02 1.03395495824E+01 3.59451102548E+02 1.29648015685E+01 3.57171644524E+02 8.17589248546E+00 
3.90000000000E+01 3.95000000000E+01 4.00000000000E+01 3.80851457744E+02 8.40364674858E+00 3.88437512450E+02 1.07187769365E+01 3.56765067724E+02 6.67390281262E+00 3.65994073066E+02 8.18125521596E+00 3.87434836847E+02 8.93787377078E+00 3.87067511842E+02 1.06239524438E+01 3.70428929121E+02 7.09130883270E+00 
4.00000000000E+01 4.05000000000E+01 4.10000000000E+01 3.01702026739E+02 6.33036336629E+00 3.13546991110E+02 8.44651355729E+00 3.01053824745E+02 5.20125057058E+00 2.95463401733E+02 5.97038456243E+00 3.12439486131E+02 6.97557491623E+00 3.00438943348E+02 7.96131501752E+00 3.08802588443E+02 5.72060551614E+00 
4.10000000000E+01 4.15000000000E+01 4.20000000000E+01 3.15901465324E+02 6.62904437979E+00 3.12302962922E+02 8.40735866538E+00 3.03217577934E+02 5.32159032289E+00 3.07368892718E+02 6.12805770044E+00 3.08096731702E+02 7.48453423755E+00 3.16922197740E+02 7.88209345645E+00 3.04710728382E+02 5.89256114582E+00 
4.20000000000E+01 4.25000000000E+01 4.30000000000E+01 2.97522389015E+02 5.85719043566E+00 2.99354596482E+02 7.43597782781E+00 2.90053614019E+02 4.76811511018E+00 3.04005691984E+02 5.54065016509E+00 2.98298628200E+02 6.60686952113E+00 3.10694775612E+02 6.93285680369E+00 2.93044132809E+02 5.41687090267E+00 
4.30000000000E+01 4.35000000000E+01 4.40000000000E+01 2.73304332044E+02 6.01306355189E+00 2.68938870809E+02 7.90953741414E+00 2.70828638554E+02 4.92453190722E+00 2.68537669775E+02 5.96524242465E+00 2.71767956605E+02 6.60454354147E+00 2.74507190575E+02 7.86335267829E+00 2.70269183426E+02 5.39415865532E+00 
4.40000000000E+01 4.45000000000E+01 4.50000000000E+01 2.71611095644E+02 5.78467449681E+00 2.81080677818E+02 7.42463337753E+00 2.68178614441E+02 4.85534673481E+00 2.66954066426E+02 5.46238862105E+00 2.63424877280E+02 6.29188482163E+00 2.75830017371E+02 6.98302848498E+00 2.60803628931E+02 5.26085506518E+00 
4.50000000000E+01 4.55000000000E+01 4.60000000000E+01 2.38620764161E+02 5.99561112208E+00 2.34511411935E+02 7.66426995414E+00 2.31463457161E+02 4.93549792443E+00 2.39543426982E+02 5.85079733645E+00 2.54647064225E+02 6.21828186601E+00 2.46648652447E+02 6.94894123747E+00 2.44534328858E+02 5.18336924500E+00 
4.60000000000E+01 4.65000000000E+01 4.70000000000E+01 2.58983041981E+02 4.66594925826E+00 2.60485654354E+02 5.64816212594E+00 2.35144621605E+02 3.70417261743E+00 2.42814749779E+02 4.19641205656E+00 2.62551833561E+02 5.72509302401E+00 2.48176335853E+02 5.48687583047E+00 2.37303615109E+02 4.38702024800E+00 
4.70000000000E+01 4.75000000000E+01 4.80000000000E+01 2.35570577940E+02 4.81929264008E+00 2.34767294850E+02 5.94292201574E+00 2.27296421802E+02 3.76458706131E+00 2.38889588401E+02 4.61836431510E+00 2.34320793842E+02 6.34262965333E+00 2.39327675626E+02 5.75140547256E+00 2.29924568266E+02 4.78647030941E+00 
4.80000000000E+01 4.85000000000E+01 4.90000000000E+01 2.19110752244E+02 5.45187719389E+00 2.19381108157E+02 6.96228805751E+00 2.12736958173E+02 4.25609291939E+00 2.18401567986E+02 4.87041109010E+00 2.29939273149E+02 5.97587516363E+00 2.11494331930E+02 6.05595308572E+00 2.22608274261E+02 4.85080330975E+00 
4.90000000000E+01 4.95000000000E+01 5.00000000000E+01 2.02022273470E+02 4.36406141396E+00 2.06578146270E+02 5.82370017105E+00 2.01998392789E+02 3.82247314500E+00 2.02460223685E+02 4.18744648397E+00 2.02936677333E+02 4.88031871638E+00 2.18089374309E+02 5.31039601499E+00 1.99804710199E+02 3.96068608674E+00 
5.00000000000E+01 5.05000000000E+01 5.10000000000E+01 1.98986569273E+02 4.05301328481E+00 2.04713257269E+02 5.32238419437E+00 1.93743316918E+02 3.32955817153E+00 1.99796405334E+02 3.91390711915E+00 1.96472287649E+02 4.57840790921E+00 1.92836602381E+02 5.46686113020E+00 1.89112989663E+02 3.63832705984E+00 
5.10000000000E+01 5.15000000000E+01 5.20000000000E+01 1.94276572866E+02 3.64004000929E+00 1.92164022563E+02 4.81007774325E+00 1.90291955216E+02 3.01617888603E+00 1.90239750886E+02 3.45341768275E+00 1.91869174997E+02 4.22017292702E+00 1.89374741115E+02 4.44060991521E+00 1.89447710562E+02 3.38061406497E+00 
5.20000000000E+01 5.25000000000E+01 5.30000000000E+01 1.67805706012E+02 4.08994662380E+00 1.70454725067E+02 5.23868754625E+00 1.66442878045E+02 3.45948037504E+00 1.73247991593E+02 3.85725827255E+00 1.66566731478E+02 4.63520269570E+00 1.76278707536E+02 4.91404029286E+00 1.69089121281E+02 3.97213947842E+00 
5.30000000000E+01 5.35000000000E+01 5.40000000000E+01 1.99578558891E+02 4.40593436552E+00 2.12344028097E+02 5.86873993895E+00 1.88658383479E+02 3.71577132008E+00 1.89784845653E+02 4.30930798193E+00 2.05366538841E+02 4.96796939504E+00 1.90682280093E+02 5.39223246611E+00 1.93403285769E+02 4.01334925757E+00 
5.40000000000E+01 5.45000000000E+01 5.50000000000E+01 1.68422579679E+02 4.01032639420E+00 1.76994357207E+02 5.01654419172E+00 1.71940163857E+02 3.44959227704E+00 1.74037606342E+02 4.10226413160E+00 1.71546161217E+02 4.43706519619E+00 1.69861432172E+02 5.08908084267E+00 1.76770075095E+02 3.87221520235E+00 
5.50000000000E+01 5.55000000000E+01 5.60000000000E+01 1.61405283449E+02 3.65456039020E+00 1.70725936214E+02 4.77633748053E+00 1.54701165399E+02 2.98146004486E+00 1.62645624422E+02 3.43159254519E+00 1.63661667097E+02 4.23129497932E+00 1.67315118148E+02 4.36882264947E+00 1.56768314520E+02 3.46520768628E+00 
5.60000000000E+01 5.65000000000E+01 5.70000000000E+01 1.48365153249E+02 3.00869806783E+00 1.54554242816E+02 4.03417577526E+00 1.44062247823E+02 2.58640914301E+00 1.55446347678E+02 3.04526495030E+00 1.49266297817E+02 3.75061116178E+00 1.58399593277E+02 3.88710276865E+00 1.44603608969E+02 2.94754013044E+00 
5.70000000000E+01 5.75000000000E+01 5.80000000000E+01 1.48214009866E+02 2.99534154388E+00 1.52763490116E+02 3.73488972687E+00 1.44052808459E+02 2.54615444455E+00 1.45964860781E+02 2.70578556940E+00 1.47333021581E+02 3.32394927936E+00 1.47872098853E+02 3.52738826731E+00 1.41565383420E+02 2.74501915574E+00 
5.80000000000E+01 5.85000000000E+01 5.90000000000E+01 1.54303922087E+02 2.97852629147E+00 1.63183923468E+02 3.88577366676E+00 1.47791313567E+02 2.39331419951E+00 1.51623456084E+02 2.72261506432E+00 1.53898951305E+02 3.45899224880E+00 1.57125930635E+02 3.44709781905E+00 1.50091205158E+02 2.71752815753E+00 
5.90000000000E+01 5.95000000000E+01 6.00000000000E+01 1.32607341111E+02 2.61629406684E+00 1.37694945528E+02 3.64324723600E+00 1.31854391695E+02 2.25431760945E+00 1.34469736588E+02 2.85986182807E+00 1.33301255591E+02 2.84205531143E+00 1.36941397385E+02 3.62932527606E+00 1.32183311986E+02 2.50093570737E+00 
6.00000000000E+01 6.05000000000E+01 6.10000000000E+01 1.38189432116E+02 3.14006733725E+00 1.30502066890E+02 3.96330867505E+00 1.28229710651E+02 2.52746930817E+00 1.36067871812E+02 3.09171809542E+00 1.27013045769E+02 3.32502802988E+00 1.38064503741E+02 3.91720936265E+00 1.32096719894E+02 2.83994774031E+00 
6.10000000000E+01 6.15000000000E+01 6.20000000000E+01 1.09640560346E+02 1.40270786924E+01 1.10859355093E+02 1.95415974499E+01 1.12050002822E+02 1.04636118440E+01 1.14849190430E+02 1.51370982249E+01 1.14633243860E+02 1.31085981313E+01 1.17381953414E+02 2.10814278525E+01 1.18168175155E+02 9.82058165791E+00 
6.20000000000E+01 6.25000000000E+01 6.30000000000E+01 1.40164454779E+02 1.42706281070E+01 1.47870805662E+02 1.98915530453E+01 1.31545880322E+02 1.06288417794E+01 1.37331500705E+02 1.53882459198E+01 1.35897997319E+02 1.33038991763E+01 1.45766737847E+02 2.14416386272E+01 1.31203185183E+02 9.93568586149E+00 
6.30000000000E+01 6.35000000000E+01 6.40000000000E+01 1.22156353267E+02 2.72943646511E+00 1.18763246498E+02 3.37606709495E+00 1.17287312746E+02 2.31354366501E+00 1.21219413454E+02 2.69660339453E+00 1.19711536513E+02 3.18637580242E+00 1.26877040062E+02 3.55345500342E+00 1.10744119532E+02 2.43252614153E+00 
6.40000000000E+01 6.45000000000E+01 6.50000000000E+01 1.19239848717E+02 2.94237342706E+00 1.28373120949E+02 3.74939784778E+00 1.15586313546E+02 2.41361141894E+00 1.21889182082E+02 2.87644011804E+00 1.18780717223E+02 3.23305756794E+00 1.23475219956E+02 3.44525464156E+00 1.10079219867E+02 2.56452566313E+00 
6.50000000000E+01 6.55000000000E+01 6.60000000000E+01 1.16550365998E+02 3.12524652598E+00 1.20936234556E+02 3.96594335633E+00 1.22383102713E+02 2.74564833968E+00 1.20359962425E+02 2.97317114487E+00 1.14852718440E+02 3.21711133263E+00 1.18588982128E+02 3.49329129834E+00 1.16521060855E+02 2.83273639226E+00 
6.60000000000E+01 6.65000000000E+01 6.70000000000E+01 1.04695062712E+02 2.96427875155E+00 1.11730278324E+02 3.79416066640E+00 1.02509658153E+02 2.45421250681E+00 1.06588772870E+02 2.90492119675E+00 1.03050957143E+02 3.13818415397E+00 1.12000203612E+02 3.49950317916E+00 1.02578541933E+02 2.66071745187E+00 
6.70000000000E+01 6.75000000000E+01 6.80000000000E+01 9.75113768714E+01 2.63580912354E+00 9.50693805457E+01 3.35592024682E+00 9.39568945715E+01 2.13367201520E+00 8.97782965644E+01 2.69615360848E+00 1.00286783862E+02 3.33154481010E+00 9.10208259037E+01 3.37239923711E+00 9.55343605593E+01 2.60170677940E+00 
6.80000000000E+01 6.85000000000E+01 6.90000000000E+01 9.51255723358E+01 2.46314078796E+00 1.00144718165E+02 3.45502823578E+00 9.25070608450E+01 1.92422309675E+00 9.88951360814E+01 2.53274531801E+00 9.76541324908E+01 3.31826618407E+00 1.10724515587E+02 3.31987537850E+00 9.44631310358E+01 2.68471061894E+00 
6.90000000000E+01 6.95000000000E+01 7.00000000000E+01 9.12138534066E+01 2.11021919131E+00 9.32409813393E+01 2.74049048543E+00 9.07797328581E+01 1.83585575667E+00 8.72896008848E+01 2.14850692254E+00 9.31838138378E+01 2.59241536338E+00 8.78337647995E+01 2.83549508031E+00 9.11450237091E+01 2.11328688468E+00 
7.00000000000E+01 7.05000000000E+01 7.10000000000E+01 8.57941673597E+01 2.18807894254E+00 8.95729600508E+01 2.86811555422E+00 9.06958041730E+01 1.98820886199E+00 8.16438796098E+01 2.38298263500E+00 9.10130028285E+01 2.66520951399E+00 7.75600793688E+01 3.00469850245E+00 8.78897213574E+01 2.13246739574E+00 
7.10000000000E+01 7.15000000000E+01 7.20000000000E+01 8.87864731625E+01 1.98738494866E+00 9.79613863617E+01 2.72609972272E+00 8.73460144257E+01 1.74029124854E+00 8.73064997306E+01 1.95789143875E+00 8.77309747814E+01 2.24659439230E+00 9.20893829744E+01 2.54370210970E+00 8.71274551517E+01 1.96343309693E+00 
7.20000000000E+01 7.25000000000E+01 7.30000000000E+01 8.17131519473E+01 2.17536830845E+00 8.61447895701E+01 3.07890874238E+00 8.44903314932E+01 1.82844426686E+00 8.44083378020E+01 2.59991774220E+00 8.34821703350E+01 2.02816628245E+00 8.87684490533E+01 3.56879787141E+00 8.52982098666E+01 1.75866986020E+00 
7.30000000000E+01 7.35000000000E+01 7.40000000000E+01 7.84152547685E+01 2.62025350357E+00 7.99190342935E+01 3.47292377365E+00 7.57958318875E+01 2.07741051761E+00 7.72669194702E+01 3.05018786726E+00 8.15388220570E+01 2.49727914648E+00 7.79281567997E+01 4.11756659216E+00 7.81929072244E+01 1.99655996989E+00 
7.40000000000E+01 7.45000000000E+01 7.50000000000E+01 7.78553325246E+01 2.24515237790E+00 8.07586405112E+01 2.88873087483E+00 7.76053349675E+01 1.91577660556E+00 7.69928941997E+01 2.21666708869E+00 7.81504058318E+01 2.41893987731E+00 7.90042896916E+01 2.87262190613E+00 7.89111790507E+01 2.07574743885E+00 
7.50000000000E+01 7.55000000000E+01 7.60000000000E+01 6.49832494589E+01 2.61942744643E+00 6.50166622285E+01 3.42812468349E+00 6.64894444837E+01 2.16914003608E+00 6.39529306887E+01 2.77244129111E+00 6.64014494796E+01 2.59572145117E+00 6.62154467513E+01 3.73853470552E+00 7.05543956572E+01 2.21448427228E+00 
7.60000000000E+01 7.65000000000E+01 7.70000000000E+01 7.83864475722E+01 2.20874871739E+00 7.39791210317E+01 2.74234314711E+00 6.73436779625E+01 1.73712374326E+00 7.23279975745E+01 2.51988107019E+00 7.06718585351E+01 2.19997995922E+00 7.05722290830E+01 3.40848342932E+00 6.70366492126E+01 1.74648976023E+00 
7.70000000000E+01 7.75000000000E+01 7.80000000000E+01 7.09553219969E+01 1.64562654676E+00 7.07483161811E+01 2.03612358473E+00 6.62894621881E+01 1.38506777519E+00 6.61490931580E+01 1.73121212677E+00 6.61557647338E+01 1.89128763880E+00 7.37209292974E+01 2.07490147420E+00 6.37458251715E+01 1.58340457089E+00 
7.80000000000E+01 7.85000000000E+01 7.90000000000E+01 5.33735494349E+01 5.28234573739E+00 5.21428301364E+01 7.36742801114E+00 5.54482526073E+01 3.96636558423E+00 5.59386942729E+01 5.09360665773E+00 6.61002464125E+01 1.88984440918E+00 5.33417004726E+01 7.03294321894E+00 6.43353580047E+01 1.51968738912E+00 
7.90000000000E+01 7.95000000000E+01 8.00000000000E+01 6.91910689159E+01 8.59992775021E+00 7.19614672869E+01 1.19584315639E+01 6.93032131292E+01 6.42696093337E+00 7.10084213576E+01 8.89325963667E+00 7.29416106827E+01 8.26820205547E+00 7.56504360001E+01 1.23830742343E+01 7.11733958482E+01 6.19246882440E+00 
8.00000000000E+01 8.05000000000E+01 8.10000000000E+01 6.46772173191E+01 1.49505469070E+00 6.79687473511E+01 1.87989870956E+00 6.14401717991E+01 1.26348421324E+00 6.36119735470E+01 1.52466359084E+00 6.36709876734E+01 1.58837430760E+00 6.58316097495E+01 1.90613098142E+00 6.00958110962E+01 1.29094346047E+00 
8.10000000000E+01 8.15000000000E+01 8.20000000000E+01 6.35583369979E+01 1.51885849345E+00 6.39781493248E+01 1.75528610846E+00 6.00363927624E+01 1.21686372978E+00 6.32351269687E+01 1.44369280483E+00 6.14573299539E+01 1.71833235601E+00 6.43344821313E+01 1.69183569924E+00 6.13210466678E+01 1.44077986408E+00 
8.20000000000E+01 8.25000000000E+01 8.30000000000E+01 5.78956003558E+01 1.33521091173E+00 5.82311464688E+01 1.67889963768E+00 5.69915454647E+01 1.21970438701E+00 5.80466801924E+01 1.34084522168E+00 5.55599738413E+01 1.52621151794E+00 6.33027355267E+01 1.82087934593E+00 5.36519465781E+01 1.24041379482E+00 
8.30000000000E+01 8.35000000000E+01 8.40000000000E+01 5.88069618167E+01 1.49556820914E+00 5.85625251425E+01 1.77359262833E+00 5.74976210492E+01 1.26292599732E+00 5.95786948064E+01 1.47947020827E+00 5.89146348351E+01 1.66447481155E+00 6.33180254121E+01 1.92621257351E+00 5.78797941117E+01 1.33971032200E+00 
8.40000000000E+01 8.45000000000E+01 8.50000000000E+01 5.60635484211E+01 1.37717970574E+00 5.76887147174E+01 1.88147356318E+00 5.56838100791E+01 1.09729256146E+00 5.56910075537E+01 1.48451645684E+00 5.78275320000E+01 1.45140604294E+00 5.43396855229E+01 1.76197123496E+00 5.66411185541E+01 1.26885568369E+00 
8.50000000000E+01 8.55000000000E+01 8.60000000000E+01 5.39750891013E+01 1.62309990367E+00 5.64496028251E+01 1.95682035424E+00 5.21057757352E+01 1.25523004271E+00 5.46971705785E+01 1.53761501583E+00 5.47922686045E+01 1.60030597706E+00 5.80331091617E+01 1.99122422490E+00 5.40445199106E+01 1.34565569972E+00 
8.60000000000E+01 8.65000000000E+01 8.70000000000E+01 5.00894217346E+01 1.65195677670E+00 5.23427568882E+01 2.11553128528E+00 4.87016353571E+01 1.40683744403E+00 4.97744570242E+01 1.70333232249E+00 4.91631882341E+01 1.74927763030E+00 5.09211200204E+01 2.21002289930E+00 4.87069288032E+01 1.47157375663E+00 
8.70000000000E+01 8.75000000000E+01 8.80000000000E+01 4.29409441063E+01 1.62625207080E+00 4.31194788961E+01 2.07809155041E+00 4.62678921616E+01 1.40658064327E+00 4.65260776642E+01 1.74657133280E+00 4.20540305225E+01 1.80509941228E+00 4.40857770610E+01 2.18103868717E+00 4.45373026823E+01 1.51406233172E+00 
8.80000000000E+01 8.85000000000E+01 8.90000000000E+01 4.48498732686E+01 1.47071685437E+00 5.06422890793E+01 2.11704776087E+00 4.31472556388E+01 1.17931539073E+00 4.53136279915E+01 1.29892431805E+00 4.37034113391E+01 1.92201083879E+00 4.66223441685E+01 1.71126863340E+00 4.26607458858E+01 1.54095289088E+00 
8.90000000000E+01 8.95000000000E+01 9.00000000000E+01 4.50876387557E+01 1.53261685496E+00 4.53963178622E+01 2.08261041695E+00 4.39197282780E+01 1.24264037335E+00 4.45940921815E+01 1.31146825888E+00 4.52803299157E+01 1.87412089034E+00 4.61213443196E+01 1.75464174210E+00 4.43027917510E+01 1.45994734767E+00 
9.00000000000E+01 9.05000000000E+01 9.10000000000E+01 4.10496963194E+01 1.46930790443E+00 4.10634092192E+01 1.89220616763E+00 3.95927031371E+01 1.16852451159E+00 3.93524168581E+01 1.49142156923E+00 4.06524362520E+01 1.49584058964E+00 3.81957354490E+01 1.89932254468E+00 3.96310780951E+01 1.21284921130E+00 
9.10000000000E+01 9.15000000000E+01 9.20000000000E+01 4.21521628574E+01 1.91199758805E+00 4.25196995531E+01 2.54321487323E+00 4.16592953333E+01 1.50785879592E+00 4.20756526612E+01 1.88183842253E+00 3.96959219305E+01 1.88850756038E+00 4.31818145161E+01 2.49118658392E+00 3.81792966030E+01 1.66728979604E+00 
9.20000000000E+01 9.25000000000E+01 9.30000000000E+01 4.23811449475E+01 1.67438548861E+00 4.38577717665E+01 2.33143479740E+00 3.99685017954E+01 1.29103826549E+00 4.13402711415E+01 1.60645432262E+00 4.08932852106E+01 1.77466023744E+00 4.40105953702E+01 2.20770343200E+00 4.03731906644E+01 1.41002230377E+00 
9.30000000000E+01 9.35000000000E+01 9.40000000000E+01 4.15357531880E+01 1.23107622137E+00 4.37111067014E+01 1.51175236850E+00 3.89861788059E+01 9.95645105211E-01 4.32062600111E+01 1.13379513319E+00 4.27811529021E+01 1.29152553282E+00 4.41641611600E+01 1.40373804009E+00 4.14864877161E+01 1.10949855682E+00 
9.40000000000E+01 9.45000000000E+01 9.50000000000E+01 3.67595667773E+01 1.03583575477E+00 3.40715030532E+01 1.41190366085E+00 3.55761448605E+01 9.07454610440E-01 3.56324484668E+01 1.12305895773E+00 3.52225937101E+01 1.08343524917E+00 3.83543483029E+01 1.46626334301E+00 3.54028436251E+01 1.01577768009E+00 
9.50000000000E+01 9.55000000000E+01 9.60000000000E+01 3.37355791900E+01 1.08559006507E+00 3.80080938090E+01 1.52759491748E+00 3.33223330036E+01 8.63867032468E-01 3.39282418550E+01 1.12114960515E+00 3.60164975319E+01 1.15505369869E+00 3.55098178644E+01 1.45333258900E+00 3.37975460001E+01 9.24685885607E-01 
9.60000000000E+01 9.65000000000E+01 9.70000000000E+01 3.78709813205E+01 1.07926751004E+00 4.15544054291E+01 1.44645830194E+00 3.65826760811E+01 1.03386861217E+00 3.81357567144E+01 1.16266926036E+00 3.88382352205E+01 1.17540321566E+00 4.35487368821E+01 1.59473029950E+00 3.71578023712E+01 9.93357201763E-01 
9.70000000000E+01 9.75000000000E+01 9.80000000000E+01 3.09696315009E+01 1.03912065991E+00 2.82136662751E+01 1.49229378788E+00 3.17166649326E+01 8.65182247479E-01 3.10807101817E+01 1.12897641632E+00 2.95107145252E+01 1.19101936284E+00 3.27449684747E+01 1.42878930143E+00 3.15699435691E+01 1.02379424163E+00 
9.80000000000E+01 9.85000000000E+01 9.90000000000E+01 3.60716332150E+01 1.14660509858E+00 3.86234671066E+01 1.24394402390E+00 3.34381049561E+01 9.21893720484E-01 3.77615936702E+01 1.18069168784E+00 3.47733350824E+01 1.08766255090E+00 3.80046403595E+01 1.18249927801E+00 3.48488894401E+01 1.07226936055E+00 
9.90000000000E+01 9.95000000000E+01 1.00000000000E+02 3.19739859233E+01 8.96415116322E-01 3.18295473005E+01 1.15496371928E+00 3.07164509094E+01 7.61318979745E-01 3.13259707748E+01 9.99187576456E-01 3.37373903937E+01 1.13288875631E+00 3.18151545016E+01 1.26417602841E+00 3.25204618079E+01 9.25286461929E-01 
#nx: 3
