#labels: ptz__-0p5__-0p25_lower[1] ptz__-0p5__-0p25_center[2] ptz__-0p5__-0p25_upper[3] tot_scale01[4] tot_scale01_Err[5] tot_scale02[6] tot_scale02_Err[7] tot_scale03[8] tot_scale03_Err[9] tot_scale04[10] tot_scale04_Err[11] tot_scale05[12] tot_scale05_Err[13] tot_scale06[14] tot_scale06_Err[15] tot_scale07[16] tot_scale07_Err[17]
#neval: 21892713746
#overflow:lower center upper 1.62395876335E+03 2.94788716748E+02 1.68326479227E+03 4.10587718473E+02 1.56069899006E+03 2.19117850090E+02 1.62943987282E+03 2.89901789377E+02 1.62185924940E+03 2.96375996312E+02 1.69056795436E+03 4.03775951349E+02 1.56310350226E+03 2.20286006455E+02 
0.00000000000E+00 5.00000000000E-01 1.00000000000E+00 0.00000000000E+00 0.00000000000E+00 0.00000000000E+00 0.00000000000E+00 0.00000000000E+00 0.00000000000E+00 0.00000000000E+00 0.00000000000E+00 0.00000000000E+00 0.00000000000E+00 0.00000000000E+00 0.00000000000E+00 0.00000000000E+00 0.00000000000E+00 
1.00000000000E+00 1.50000000000E+00 2.00000000000E+00 -4.17170677340E+04 9.00299166545E+04 -5.52421462288E+04 1.20669989785E+05 -3.05960575100E+04 6.95315686963E+04 -4.78252690988E+04 8.48638701209E+04 -3.53545439145E+04 9.45972292105E+04 -6.47420359640E+04 1.13645552365E+05 -2.60394503674E+04 7.30009036021E+04 
2.00000000000E+00 2.50000000000E+00 3.00000000000E+00 5.30959381866E+04 3.71802434106E+04 6.85403841787E+04 5.18852150188E+04 4.35462446315E+04 2.75938977981E+04 5.31168723042E+04 3.45838362652E+04 5.27292501433E+04 3.93137980024E+04 6.85677598245E+04 4.82633137819E+04 4.30402662091E+04 2.91804148261E+04 
3.00000000000E+00 3.50000000000E+00 4.00000000000E+00 -2.70766159535E+04 2.92496942182E+04 -4.09055486014E+04 4.03609495596E+04 -1.76447106362E+04 2.20359465399E+04 -2.53016024744E+04 2.67200346542E+04 -2.84710392344E+04 3.15525044675E+04 -3.86341764270E+04 3.68907558992E+04 -1.85843663226E+04 2.37934836616E+04 
4.00000000000E+00 4.50000000000E+00 5.00000000000E+00 -2.35571288113E+04 3.60172322792E+04 -3.57831276554E+04 4.97643207243E+04 -1.54801787499E+04 2.70341733578E+04 -2.04853334298E+04 3.35523877905E+04 -2.61566151953E+04 3.81118751909E+04 -3.12521946987E+04 4.64234680454E+04 -1.72431218999E+04 2.86584519051E+04 
5.00000000000E+00 5.50000000000E+00 6.00000000000E+00 1.23057012575E+03 1.42610330120E+04 -5.85255369399E+02 1.98818731957E+04 2.41605869065E+03 1.05937697192E+04 1.03068457991E+03 1.34497474818E+04 1.53965317483E+03 1.48956754468E+04 -8.41453173082E+02 1.87535820950E+04 2.69923237706E+03 1.10670740357E+04 
6.00000000000E+00 6.50000000000E+00 7.00000000000E+00 -4.69783408697E+04 4.86588121478E+04 -6.42332531311E+04 6.65007718023E+04 -3.53024261706E+04 3.68905427384E+04 -4.24718560650E+04 4.58329922068E+04 -5.12908791534E+04 5.11841457167E+04 -5.81461000979E+04 6.28194725558E+04 -3.85977039462E+04 3.89080634866E+04 
7.00000000000E+00 7.50000000000E+00 8.00000000000E+00 -3.91598315619E+03 1.25955219701E+04 -7.61098883432E+03 1.75705533973E+04 -1.63634200651E+03 9.34961365736E+03 -3.83382032900E+03 1.19576127632E+04 -3.82743784544E+03 1.30572893680E+04 -7.44419091565E+03 1.66811197428E+04 -1.47458079486E+03 9.69272259398E+03 
8.00000000000E+00 8.50000000000E+00 9.00000000000E+00 4.39706243892E+04 2.65806035618E+04 5.51751683681E+04 3.29108829439E+04 3.59850344685E+04 2.19715764362E+04 3.83479094285E+04 2.22536159843E+04 4.94580692242E+04 3.10019515751E+04 4.79378101503E+04 2.73239527859E+04 4.03424778634E+04 2.54506378739E+04 
9.00000000000E+00 9.50000000000E+00 1.00000000000E+01 2.18464723182E+04 2.33392383095E+04 2.91177099528E+04 3.24562802851E+04 1.70166229100E+04 1.73666973843E+04 2.15874141439E+04 2.24537667634E+04 2.17644191412E+04 2.39572173749E+04 2.87771323401E+04 3.12250949800E+04 1.70241241562E+04 1.78270044956E+04 
1.00000000000E+01 1.05000000000E+01 1.10000000000E+01 8.55754720845E+03 9.98380171007E+03 1.18999987845E+04 1.30339488190E+04 6.49179025082E+03 7.91418300474E+03 9.39738609640E+03 8.95639314526E+03 7.61832457226E+03 1.10512144470E+04 1.29655044732E+04 1.17599572484E+04 5.76996041742E+03 8.78050595540E+03 
1.10000000000E+01 1.15000000000E+01 1.20000000000E+01 -3.83239537649E+03 5.67198362763E+03 -6.41702423642E+03 7.88571610610E+03 -2.16553742024E+03 4.22212585513E+03 -3.36947824025E+03 5.33594286130E+03 -4.22001094917E+03 5.91934954114E+03 -5.72510215052E+03 7.41872002302E+03 -2.43140980882E+03 4.40644309940E+03 
1.20000000000E+01 1.25000000000E+01 1.30000000000E+01 -3.18005551270E+03 3.65928107016E+03 -5.53856682978E+03 5.10506377518E+03 -1.69875585275E+03 2.71803706900E+03 -2.92806717373E+03 3.49092121853E+03 -3.35639409098E+03 3.79447933988E+03 -5.11411796258E+03 4.87183071337E+03 -1.83122295077E+03 2.81957188837E+03 
1.30000000000E+01 1.35000000000E+01 1.40000000000E+01 5.80253224117E+03 2.27600214765E+03 7.24842662890E+03 3.17332110020E+03 4.83703994861E+03 1.69078617198E+03 5.46496416263E+03 2.06866988386E+03 6.06446679474E+03 2.44763160302E+03 6.82613186966E+03 2.88440375089E+03 5.03163596626E+03 1.81845141960E+03 
1.40000000000E+01 1.45000000000E+01 1.50000000000E+01 5.45458437582E+03 3.64347858590E+03 6.06945844238E+03 4.59666900904E+03 4.98266536631E+03 3.00067631401E+03 4.28860347722E+03 2.74587923625E+03 6.90838346414E+03 4.81485649278E+03 4.63519060175E+03 3.49243749690E+03 6.16040672547E+03 3.95626191912E+03 
1.50000000000E+01 1.55000000000E+01 1.60000000000E+01 1.29310317580E+02 2.37481354427E+03 -5.27890273316E+02 3.31945354397E+03 5.22335141916E+02 1.75971376021E+03 1.77644574074E+02 2.19762639622E+03 6.64134753212E+01 2.52153389777E+03 -4.09979110359E+02 3.07150392119E+03 4.96324898238E+02 1.86843112511E+03 
1.60000000000E+01 1.65000000000E+01 1.70000000000E+01 8.33841778188E+02 1.07541982196E+03 3.57560891724E+02 1.51363281561E+03 1.07257257194E+03 7.92599228909E+02 9.15408065435E+02 1.01153406367E+03 7.31490811508E+02 1.13136844045E+03 5.80722479839E+02 1.42350840285E+03 1.02052734238E+03 8.34088417564E+02 
1.70000000000E+01 1.75000000000E+01 1.80000000000E+01 2.13827425260E+03 1.61739205991E+03 2.35043624713E+03 2.25267503729E+03 1.94333299021E+03 1.20237385274E+03 2.13492748981E+03 1.57709539698E+03 2.05202215953E+03 1.64184740085E+03 2.41403720360E+03 2.19715027876E+03 1.90255846346E+03 1.22081357330E+03 
1.80000000000E+01 1.85000000000E+01 1.90000000000E+01 -3.89347893558E+02 1.14962108827E+03 -1.08016931372E+03 1.60340253445E+03 5.13253517633E+01 8.53789769829E+02 -3.69081953658E+02 1.08557120213E+03 -4.07237765962E+02 1.20069984249E+03 -9.95778039659E+02 1.51408810274E+03 4.85145031486E+01 8.91763187829E+02 
1.90000000000E+01 1.95000000000E+01 2.00000000000E+01 2.61797922022E+03 9.71302747204E+02 3.21228420835E+03 1.34100969647E+03 2.23063855566E+03 7.29767479566E+02 2.58471913975E+03 9.32371159039E+02 2.62719466930E+03 9.98396280786E+02 3.18549303008E+03 1.28820943525E+03 2.23529570524E+03 7.50895327458E+02 
2.00000000000E+01 2.05000000000E+01 2.10000000000E+01 1.04696032937E+03 1.49402030125E+03 9.19412269489E+02 2.08228423919E+03 1.10395253553E+03 1.11008301631E+03 8.96804170822E+02 1.41586859606E+03 1.17085340353E+03 1.55712415120E+03 7.32530302685E+02 1.97362366608E+03 1.20734567423E+03 1.15712501289E+03 
2.10000000000E+01 2.15000000000E+01 2.20000000000E+01 -1.03514776637E+04 6.61686133617E+03 -1.48931709796E+04 9.23526726002E+03 -7.41628579992E+03 4.90901817182E+03 -9.28915167414E+03 5.97604159059E+03 -1.12435296311E+04 7.15381333719E+03 -1.33556959326E+04 8.34074898044E+03 -8.05540994525E+03 5.30739470356E+03 
2.20000000000E+01 2.25000000000E+01 2.30000000000E+01 5.12261509757E+04 4.72118205883E+04 7.11612327439E+04 6.59800352003E+04 3.82215188063E+04 3.49895425142E+04 4.63073235520E+04 4.26122935667E+04 5.52269482947E+04 5.09824457405E+04 6.43121414446E+04 5.95520377729E+04 4.11792208590E+04 3.77840269409E+04 
2.30000000000E+01 2.35000000000E+01 2.40000000000E+01 -3.63659391884E+04 3.80077068515E+04 -5.12171631257E+04 5.31170738201E+04 -2.66997872275E+04 2.81681704379E+04 -3.27311180229E+04 3.43053937885E+04 -3.93307292016E+04 4.10426870764E+04 -4.61248742970E+04 4.79429630335E+04 -2.88985170874E+04 3.04174460004E+04 
2.40000000000E+01 2.45000000000E+01 2.50000000000E+01 -4.36665126901E+03 4.09113362543E+03 -6.45856060870E+03 5.71702768097E+03 -3.00363551935E+03 3.03223947229E+03 -3.84069853233E+03 3.69311553011E+03 -4.77225816304E+03 4.41754929880E+03 -5.70548002173E+03 5.16081716965E+03 -3.31660155578E+03 3.27418297687E+03 
2.50000000000E+01 2.55000000000E+01 2.60000000000E+01 1.90003423126E+03 1.30973471882E+03 2.30100796720E+03 1.82604042150E+03 1.63323921744E+03 9.72686401650E+02 1.80675587326E+03 1.20602722001E+03 2.02550815666E+03 1.39339826404E+03 2.18852284774E+03 1.68152107488E+03 1.68763064365E+03 1.03481970973E+03 
2.60000000000E+01 2.65000000000E+01 2.70000000000E+01 7.19323143719E+02 1.40030962526E+02 6.97948054094E+02 1.89883118387E+02 7.24380312670E+02 1.07193741268E+02 6.94025923517E+02 1.31985519230E+02 7.26943505650E+02 1.52630788456E+02 6.76085481714E+02 1.79912584256E+02 7.33410351906E+02 1.17079208231E+02 
2.70000000000E+01 2.75000000000E+01 2.80000000000E+01 1.28549203668E+03 5.35475751168E+02 1.47508580706E+03 7.43249581881E+02 1.14875111536E+03 3.99532315109E+02 1.26841942233E+03 5.27060375899E+02 1.29598433674E+03 5.39959116259E+02 1.46195438741E+03 7.31983688955E+02 1.15387614477E+03 4.03121318696E+02 
2.80000000000E+01 2.85000000000E+01 2.90000000000E+01 7.79185533541E+02 1.71247169471E+02 8.27039850678E+02 2.31743898906E+02 7.39254415555E+02 1.31498997131E+02 8.18918366643E+02 1.88952838436E+02 7.06421057615E+02 1.60216669622E+02 8.93190269755E+02 2.58661258373E+02 6.82681680688E+02 1.24822559936E+02 
2.90000000000E+01 2.95000000000E+01 3.00000000000E+01 1.19759562080E+03 4.25531109420E+02 1.29202772630E+03 4.92299116905E+02 1.12755887339E+03 3.72656346105E+02 1.05460307916E+03 3.79796239500E+02 1.33201624941E+03 4.80200523879E+02 1.10849434725E+03 4.46466201953E+02 1.23834377380E+03 4.20508889137E+02 
3.00000000000E+01 3.05000000000E+01 3.10000000000E+01 -4.09316348813E+02 1.36400727905E+03 -3.46375440318E+02 1.46384765949E+03 -4.04800515264E+02 1.24982814638E+03 -2.26266801081E+02 1.13459002319E+03 -6.20201896500E+02 1.60554234353E+03 -1.26873418038E+02 1.19303120981E+03 -5.82998651920E+02 1.45184883768E+03 
3.10000000000E+01 3.15000000000E+01 3.20000000000E+01 5.70325134563E+02 3.66851958463E+02 5.84979032505E+02 5.10299268021E+02 5.69267539586E+02 2.73254151280E+02 6.04568340510E+02 3.45288931122E+02 5.54478263633E+02 3.84195586415E+02 6.17357929101E+02 4.80235115905E+02 5.77607621770E+02 2.86303923839E+02 
3.20000000000E+01 3.25000000000E+01 3.30000000000E+01 3.69889355415E+02 2.54704638826E+02 4.38652586183E+02 2.15186104720E+02 3.33497756898E+02 2.71840188588E+02 4.15784506079E+02 1.99913979544E+02 3.21759463589E+02 3.20357075812E+02 4.99025105116E+02 1.64851213536E+02 3.02025498537E+02 3.27022159508E+02 
3.30000000000E+01 3.35000000000E+01 3.40000000000E+01 9.77957544256E+02 3.26078001553E+02 1.14502718195E+03 4.54436348397E+02 8.45582257294E+02 2.42406966778E+02 9.06065872808E+02 2.98458721937E+02 1.03184441817E+03 3.48993054177E+02 1.06841183398E+03 4.15834165549E+02 8.98755795597E+02 2.59403092982E+02 
3.40000000000E+01 3.45000000000E+01 3.50000000000E+01 1.80448048525E+02 2.50618960350E+02 5.13109360582E+01 3.48988569022E+02 2.55745465353E+02 1.86461259975E+02 1.89562778806E+02 2.29885645127E+02 1.61216730724E+02 2.67503847696E+02 8.06892126755E+01 3.20019466509E+02 2.47407320439E+02 1.99045031934E+02 
3.50000000000E+01 3.55000000000E+01 3.60000000000E+01 7.37546027125E+02 3.44058892760E+02 6.93116685470E+02 3.66971970100E+02 7.42486353401E+02 3.18491836502E+02 6.79969762685E+02 2.88814945530E+02 8.05656260158E+02 4.04473098622E+02 6.40413446576E+02 3.06267564564E+02 8.05999315225E+02 3.70290407613E+02 
3.60000000000E+01 3.65000000000E+01 3.70000000000E+01 5.59211712794E+02 8.16462038565E+01 5.88265871774E+02 1.11023348422E+02 5.23418601714E+02 6.26526826257E+01 5.62615901263E+02 7.89647972672E+01 5.29685444050E+02 8.66077555389E+01 5.82818886520E+02 1.07501319331E+02 5.04519873597E+02 6.63313900358E+01 
3.70000000000E+01 3.75000000000E+01 3.80000000000E+01 5.05046176087E+02 1.30555641939E+02 6.10235964549E+02 1.55729203809E+02 4.50572798479E+02 1.19858350989E+02 5.05648359826E+02 1.14480540094E+02 4.90659841604E+02 1.51113526503E+02 6.08743709985E+02 1.45565968274E+02 4.42531469900E+02 1.39851999978E+02 
3.80000000000E+01 3.85000000000E+01 3.90000000000E+01 5.51457860278E+02 2.49922375252E+02 6.06317852771E+02 3.44709362429E+02 5.06673316735E+02 1.87778565508E+02 5.24776970397E+02 2.28765318998E+02 5.61252781118E+02 2.67387420707E+02 5.84528589031E+02 3.15471366671E+02 5.15115527278E+02 2.00890467297E+02 
3.90000000000E+01 3.95000000000E+01 4.00000000000E+01 2.64342987052E+02 8.67219042518E+01 2.42486607109E+02 1.18403047071E+02 3.00172261932E+02 6.61586891087E+01 2.74831386006E+02 8.32314291923E+01 2.75972484515E+02 9.21075380288E+01 2.61287874411E+02 1.13811502146E+02 3.20848454903E+02 7.01608146531E+01 
4.00000000000E+01 4.05000000000E+01 4.10000000000E+01 3.21331824713E+00 3.89051713484E+02 -1.34766860052E+02 5.40431436057E+02 8.69785234330E+01 2.89984200452E+02 2.37171200296E+01 3.80754242722E+02 -3.12249379107E+00 3.93227844577E+02 -9.99484805601E+01 5.29048551588E+02 8.70700964479E+01 2.93187112759E+02 
4.10000000000E+01 4.15000000000E+01 4.20000000000E+01 9.88360161804E+02 5.87704063896E+02 1.21142196221E+03 8.17673869911E+02 8.26224939735E+02 4.37331487272E+02 9.57627947896E+02 5.77529346671E+02 1.00027828805E+03 5.91428343292E+02 1.18274853852E+03 8.03635202626E+02 8.42740956423E+02 4.40254821950E+02 
4.20000000000E+01 4.25000000000E+01 4.30000000000E+01 5.15977692876E+02 1.78320390963E+02 5.93734647483E+02 2.48782867677E+02 4.68162970230E+02 1.32427560488E+02 5.16643627678E+02 1.79541603269E+02 5.15709047589E+02 1.76021007514E+02 5.90224129023E+02 2.50655595982E+02 4.70376641668E+02 1.30791206863E+02 
4.30000000000E+01 4.35000000000E+01 4.40000000000E+01 7.71883455991E+02 3.29796536729E+02 9.50890509660E+02 4.58957260889E+02 6.54791772580E+02 2.45456599191E+02 7.54045621220E+02 3.18225080126E+02 7.84266674903E+02 3.38242877009E+02 9.25433133013E+02 4.43044064629E+02 6.74032412552E+02 2.51872244026E+02 
4.40000000000E+01 4.45000000000E+01 4.50000000000E+01 -4.33022709694E+02 6.40038276154E+02 -9.34780636602E+02 9.03208179976E+02 -1.32721101846E+02 4.97783408278E+02 -4.43715534532E+02 6.15063161691E+02 -4.02945514939E+02 6.62903813193E+02 -9.33121056340E+02 8.75885844807E+02 -1.02036515292E+02 5.26699174334E+02 
4.50000000000E+01 4.55000000000E+01 4.60000000000E+01 9.11840701240E+01 2.77733247716E+02 2.44267531536E+02 4.11393120145E+02 1.69528127671E+01 2.53787031121E+02 1.37943196443E+02 2.63248844787E+02 3.40236408809E+01 2.98762566414E+02 2.87452605865E+02 4.07887473165E+02 -3.64363671175E+01 2.90213688274E+02 
4.60000000000E+01 4.65000000000E+01 4.70000000000E+01 3.68854287509E+02 4.22078602022E+01 3.94888937364E+02 5.53287771868E+01 3.43852378993E+02 3.53172413431E+01 3.57802557482E+02 3.92017738860E+01 3.52070153280E+02 4.34865648102E+01 3.79939429375E+02 5.20213287746E+01 3.35745031285E+02 3.62518772706E+01 
4.70000000000E+01 4.75000000000E+01 4.80000000000E+01 9.63519285138E+01 1.16538065433E+02 3.89472419875E+01 1.61870371469E+02 1.45065656376E+02 8.71581139915E+01 8.36784814029E+01 1.21235833264E+02 1.15197104193E+02 1.14350883456E+02 1.51092256361E+01 1.68605473308E+02 1.49697217300E+02 8.55292676072E+01 
4.80000000000E+01 4.85000000000E+01 4.90000000000E+01 7.31237847754E+02 4.73927344567E+02 9.21524692172E+02 6.59653390723E+02 6.04734528636E+02 3.52464441423E+02 7.42016580851E+02 4.59298298705E+02 7.07870253563E+02 4.85055248937E+02 9.30862160777E+02 6.39325958017E+02 5.95500200757E+02 3.60745448354E+02 
4.90000000000E+01 4.95000000000E+01 5.00000000000E+01 2.58211375650E+02 1.05465873660E+02 2.68200822993E+02 1.45491694917E+02 2.55135198989E+02 7.92780908973E+01 2.73051330627E+02 9.83587876584E+01 2.53158785700E+02 1.13008935361E+02 2.87331990443E+02 1.35573817974E+02 2.51905684549E+02 8.49146119484E+01 
5.00000000000E+01 5.05000000000E+01 5.10000000000E+01 2.95519153658E+02 7.54932113136E+01 3.35617335743E+02 1.13519653467E+02 2.72956123754E+02 5.20169183660E+01 3.07092363341E+02 8.51054499449E+01 2.88898527083E+02 6.79252853276E+01 3.58576767341E+02 1.28344681133E+02 2.72109063210E+02 4.73217712180E+01 
5.10000000000E+01 5.15000000000E+01 5.20000000000E+01 1.92478603835E+02 2.78434635282E+01 1.84058705613E+02 3.77490139237E+01 1.99678940633E+02 2.14277798091E+01 1.81147555253E+02 2.94809471437E+01 2.04782299510E+02 2.73912474177E+01 1.68961960011E+02 4.05299377467E+01 2.04882368482E+02 2.09031307251E+01 
5.20000000000E+01 5.25000000000E+01 5.30000000000E+01 4.24795910012E+02 1.74021925120E+02 5.11325892419E+02 2.41195146082E+02 3.72975682852E+02 1.30025922093E+02 4.28725885876E+02 1.68024426134E+02 4.29750297925E+02 1.78737294860E+02 5.10356588971E+02 2.32943298081E+02 3.79205217165E+02 1.33560750176E+02 
5.30000000000E+01 5.35000000000E+01 5.40000000000E+01 4.67283658597E+02 3.03954557226E+02 5.81894926158E+02 4.22487514281E+02 4.08679671975E+02 2.26527503194E+02 4.52396596048E+02 2.92747338724E+02 5.04265023966E+02 3.12783323379E+02 5.42259791627E+02 4.07200079294E+02 4.26638976587E+02 2.33338872209E+02 
5.40000000000E+01 5.45000000000E+01 5.50000000000E+01 2.23984292575E+02 6.68206469182E+01 2.47983962311E+02 9.13064839419E+01 2.09559408131E+02 5.10516840297E+01 2.33194983529E+02 6.16315661982E+01 2.20881658656E+02 7.24666741489E+01 2.49070704997E+02 8.47082136322E+01 2.08884080773E+02 5.57034522477E+01 
5.50000000000E+01 5.55000000000E+01 5.60000000000E+01 2.50777912901E+02 3.59759933063E+01 2.72570799065E+02 4.95391907460E+01 2.30358125749E+02 2.73282136299E+01 2.52602946507E+02 3.49652239552E+01 2.54732850357E+02 3.68958263916E+01 2.79671669065E+02 4.82804591271E+01 2.35708386363E+02 2.80955470773E+01 
5.60000000000E+01 5.65000000000E+01 5.70000000000E+01 1.65083129869E+02 2.38984255084E+01 1.45981292385E+02 3.14991946407E+01 1.63621477691E+02 1.86782647400E+01 1.69399679992E+02 2.36381960925E+01 1.58023165019E+02 2.52233514574E+01 1.51426821260E+02 3.11067336204E+01 1.59516465832E+02 1.97408697998E+01 
5.70000000000E+01 5.75000000000E+01 5.80000000000E+01 5.24980036533E+02 4.36594172746E+02 6.51253400823E+02 6.08180859532E+02 4.32342672012E+02 3.24429458699E+02 4.97070874790E+02 4.21649185768E+02 5.26906895011E+02 4.47351103658E+02 6.30077191628E+02 5.87352866163E+02 4.35917624458E+02 3.32424530052E+02 
5.80000000000E+01 5.85000000000E+01 5.90000000000E+01 -2.54968487093E+02 4.72415013416E+02 -4.20852896788E+02 6.58050817443E+02 -1.44892923193E+02 3.51045454589E+02 -2.40827374155E+02 4.57173628229E+02 -2.58495315791E+02 4.83116899428E+02 -3.95111711760E+02 6.36832190902E+02 -1.49011335932E+02 3.58991234671E+02 
5.90000000000E+01 5.95000000000E+01 6.00000000000E+01 1.27975798011E+02 8.11889309928E+01 1.16921422857E+02 1.12894007978E+02 1.30615525063E+02 6.05451749615E+01 1.37162956645E+02 7.85920824010E+01 1.31329801300E+02 8.26671893657E+01 1.35807626474E+02 1.09335199747E+02 1.40187143162E+02 6.17653027949E+01 
6.00000000000E+01 6.05000000000E+01 6.10000000000E+01 1.36269996513E+02 6.49038284713E+01 1.23551829212E+02 9.00466553814E+01 1.39040647511E+02 4.85497150859E+01 1.39554337256E+02 6.39011345419E+01 1.38837383611E+02 6.53792501377E+01 1.26462895018E+02 8.86186167175E+01 1.43991329372E+02 4.90553866723E+01 
6.10000000000E+01 6.15000000000E+01 6.20000000000E+01 4.90192976709E+02 2.50596895002E+02 5.99493795255E+02 3.32564129406E+02 4.11199710517E+02 1.95124327890E+02 4.92782766495E+02 2.52286241668E+02 4.84992797129E+02 2.48299991688E+02 6.01451236115E+02 3.34269684996E+02 4.09101089520E+02 1.93078590476E+02 
6.20000000000E+01 6.25000000000E+01 6.30000000000E+01 -2.85112864625E+01 2.68162107937E+02 -7.95901953321E+01 3.58142507454E+02 2.99737669445E+00 2.07672774646E+02 -3.04200516353E+01 2.72157556777E+02 -2.53491997977E+01 2.64447092852E+02 -7.47765366801E+01 3.63093212203E+02 6.91089681341E+00 2.04586243505E+02 
6.30000000000E+01 6.35000000000E+01 6.40000000000E+01 3.58547191770E+01 1.64958766205E+02 2.71535708168E+00 2.29940619875E+02 5.73155995593E+01 1.22524340813E+02 4.64622709843E+01 1.58190014906E+02 3.31762040991E+01 1.69396655872E+02 1.60704255775E+01 2.20539409188E+02 5.77671101824E+01 1.25868995759E+02 
6.40000000000E+01 6.45000000000E+01 6.50000000000E+01 -3.48646462787E+03 3.59669135962E+03 -4.93299823781E+03 5.02111158042E+03 -2.55727971151E+03 2.66784500223E+03 -3.42067043452E+03 3.53641402164E+03 -3.49740525412E+03 3.60235316050E+03 -4.83276674626E+03 4.93696146321E+03 -2.56194877940E+03 2.67204611857E+03 
6.50000000000E+01 6.55000000000E+01 6.60000000000E+01 3.70004706698E+03 3.56364066757E+03 5.11124980572E+03 4.97495808904E+03 2.77835169532E+03 2.64333730282E+03 3.64283208404E+03 3.50392254694E+03 3.70652969209E+03 3.56925139414E+03 5.03379333971E+03 4.89158969854E+03 2.78257981663E+03 2.64749885098E+03 
6.60000000000E+01 6.65000000000E+01 6.70000000000E+01 1.36853771247E+02 9.13117284617E+01 1.46070157930E+02 1.27403363922E+02 1.33326628862E+02 6.78833173388E+01 1.36369669731E+02 8.74759169150E+01 1.45515645877E+02 9.46730051619E+01 1.41597236867E+02 1.22154392177E+02 1.41357722739E+02 7.04409701106E+01 
6.70000000000E+01 6.75000000000E+01 6.80000000000E+01 2.10532089514E+02 6.55665971879E+01 2.48377380568E+02 9.12896449221E+01 1.86121372102E+02 4.87854652243E+01 2.00134476014E+02 6.11297892803E+01 2.16697711217E+02 6.98033041694E+01 2.34330462510E+02 8.51824397061E+01 1.87223166537E+02 5.19847250915E+01 
6.80000000000E+01 6.85000000000E+01 6.90000000000E+01 1.21331478708E+02 1.93174322366E+01 1.21693999857E+02 2.58850980098E+01 1.17615288378E+02 1.50284920752E+01 1.19545630010E+02 2.12100404537E+01 1.17321691107E+02 1.87020668748E+01 1.23444258486E+02 2.89098132439E+01 1.15597755263E+02 1.47819986473E+01 
6.90000000000E+01 6.95000000000E+01 7.00000000000E+01 2.15016293950E+02 5.61715160104E+01 2.58151303457E+02 7.81256379940E+01 1.86432504075E+02 4.18296315911E+01 2.14719652435E+02 5.79295980225E+01 2.14108033334E+02 5.47698432028E+01 2.57697982261E+02 8.06170476053E+01 1.81603905324E+02 4.07405592259E+01 
7.00000000000E+01 7.05000000000E+01 7.10000000000E+01 7.92279558751E+01 3.27990765403E+01 7.91101289961E+01 4.14073892574E+01 7.98752800004E+01 2.67685334475E+01 8.33546076166E+01 3.16893035578E+01 7.47369069915E+01 3.38787283961E+01 7.90616655873E+01 4.00548588513E+01 7.78251062150E+01 2.75200934362E+01 
7.10000000000E+01 7.15000000000E+01 7.20000000000E+01 3.68324400865E+02 2.39723627668E+02 4.77352676397E+02 3.33394356242E+02 2.99885892875E+02 1.78462356737E+02 3.59021390041E+02 2.31172768359E+02 3.75981500560E+02 2.45976975591E+02 4.61129642659E+02 3.21462147354E+02 3.05715427664E+02 1.83099234426E+02 
7.20000000000E+01 7.25000000000E+01 7.30000000000E+01 -1.83794591475E+02 2.30543131906E+02 -2.87270571569E+02 3.22160483537E+02 -1.10901635591E+02 1.70889708671E+02 -1.92786168785E+02 2.36302713500E+02 -1.73778371248E+02 2.23307350669E+02 -3.06215404194E+02 3.30206208608E+02 -1.03832257462E+02 1.65519289861E+02 
7.30000000000E+01 7.35000000000E+01 7.40000000000E+01 -2.57417343108E+02 4.14159741973E+02 -3.91909551156E+02 5.77331971232E+02 -1.67778626969E+02 3.07564073387E+02 -2.87824027773E+02 4.40445655306E+02 -2.29063307406E+02 3.91661906251E+02 -4.38043415584E+02 6.13968797945E+02 -1.46265722352E+02 2.90857943840E+02 
7.40000000000E+01 7.45000000000E+01 7.50000000000E+01 1.23635563668E+02 4.56215330092E+01 1.45678478152E+02 6.36167918904E+01 1.11714023057E+02 3.39975585355E+01 1.27579684609E+02 4.41521708886E+01 1.19519411821E+02 4.66709628414E+01 1.37732950474E+02 6.13807765893E+01 1.11285611168E+02 3.47412260040E+01 
7.50000000000E+01 7.55000000000E+01 7.60000000000E+01 1.39369807916E+02 6.77344652883E+01 1.54595293947E+02 9.44963166657E+01 1.27607349946E+02 5.03757884049E+01 1.40965849716E+02 6.76520165105E+01 1.32595994550E+02 6.72702953898E+01 1.64386771426E+02 9.43287218786E+01 1.23562321966E+02 5.00539990324E+01 
7.60000000000E+01 7.65000000000E+01 7.70000000000E+01 5.54547298298E+01 6.29380568592E+01 4.93342926863E+01 8.77043424914E+01 5.84941382599E+01 4.67978002967E+01 5.13568744000E+01 6.28331446537E+01 5.99250873760E+01 6.25670609020E+01 4.88825162315E+01 8.75859792176E+01 6.18868529124E+01 4.65493170731E+01 
7.70000000000E+01 7.75000000000E+01 7.80000000000E+01 1.28577465211E+02 4.26330544538E+01 1.48803804586E+02 5.93165821059E+01 1.08884301448E+02 3.18074637041E+01 1.30921096132E+02 4.10853378360E+01 1.17368470077E+02 4.38121211091E+01 1.55682412581E+02 5.71743536758E+01 1.03824266152E+02 3.27187550667E+01 
7.80000000000E+01 7.85000000000E+01 7.90000000000E+01 9.33976498164E+01 1.85181783564E+01 9.05521053268E+01 2.52445106821E+01 8.73088656937E+01 1.41264218447E+01 8.81263791780E+01 1.94275987436E+01 8.87498996711E+01 1.80601346021E+01 8.78541980114E+01 2.66473127288E+01 8.62338418982E+01 1.38784916470E+01 
7.90000000000E+01 7.95000000000E+01 8.00000000000E+01 -8.60166026093E+01 1.56494267153E+02 -1.46217935261E+02 2.18354777884E+02 -4.70111886410E+01 1.16137255201E+02 -8.63580110625E+01 1.47989837868E+02 -8.83237065890E+01 1.62377565226E+02 -1.45403465088E+02 2.06474693512E+02 -4.79343966950E+01 1.20512904695E+02 
8.00000000000E+01 8.05000000000E+01 8.10000000000E+01 3.65580568176E+01 1.99837987612E+01 2.09413975747E+01 2.76037418086E+01 3.76345572301E+01 1.49685485553E+01 3.58849872885E+01 1.92992937717E+01 2.57503597144E+01 2.05427587690E+01 2.28518986851E+01 2.66007849734E+01 3.38463615357E+01 1.55455646330E+01 
8.10000000000E+01 8.15000000000E+01 8.20000000000E+01 1.15278084910E+02 2.10717098765E+01 1.33839967421E+02 2.96059311602E+01 9.93344487190E+01 1.60604946722E+01 1.19501013890E+02 2.18591340775E+01 1.07115262867E+02 2.09117013049E+01 1.43879770804E+02 3.13245293438E+01 9.63906878776E+01 1.61617591078E+01 
8.20000000000E+01 8.25000000000E+01 8.30000000000E+01 5.71358684076E+01 2.53712209362E+01 5.54095479162E+01 3.56063773204E+01 5.87481110262E+01 1.90389835644E+01 5.84744777127E+01 2.71923276125E+01 5.56269145485E+01 2.42693417168E+01 5.52916176773E+01 3.86202255167E+01 5.83263556940E+01 1.85257835465E+01 
8.30000000000E+01 8.35000000000E+01 8.40000000000E+01 4.59345290539E+01 2.95092800570E+01 3.98149176489E+01 3.99148140553E+01 5.16219354126E+01 2.28939904202E+01 4.21563222783E+01 2.73011455745E+01 4.83773023891E+01 3.16137427349E+01 3.10612291336E+01 3.70692518702E+01 5.46142266223E+01 2.45843430809E+01 
8.40000000000E+01 8.45000000000E+01 8.50000000000E+01 6.71156107254E+01 1.54334786818E+01 6.73777438391E+01 1.92250771126E+01 6.66094298883E+01 1.28035068298E+01 6.34690457791E+01 1.33212782758E+01 6.97849605302E+01 1.74522666932E+01 6.07683658852E+01 1.71398680509E+01 6.57972157917E+01 1.47254238474E+01 
8.50000000000E+01 8.55000000000E+01 8.60000000000E+01 2.20227981668E+02 2.20256474453E+02 2.84681971090E+02 3.07302356469E+02 1.76335260330E+02 1.63455966048E+02 2.02093773686E+02 2.08617434319E+02 2.26019404034E+02 2.28202088863E+02 2.66469531645E+02 2.91049925495E+02 1.86946390910E+02 1.69343715626E+02 
8.60000000000E+01 8.65000000000E+01 8.70000000000E+01 -6.65293462961E+01 1.06720418710E+02 -1.21948636504E+02 1.48441424152E+02 -3.39743977145E+01 7.94214450678E+01 -6.57251725064E+01 1.03693477987E+02 -7.46876911081E+01 1.08381267298E+02 -1.16700262515E+02 1.44223363656E+02 -3.77612687783E+01 8.06464326687E+01 
8.70000000000E+01 8.75000000000E+01 8.80000000000E+01 1.59308154615E+02 1.02425183536E+02 2.06467542310E+02 1.42479113220E+02 1.32336193978E+02 7.62345702868E+01 1.60690114148E+02 9.98501514656E+01 1.58756918445E+02 1.03712023472E+02 2.03105649821E+02 1.38863937428E+02 1.35762299943E+02 7.72384845696E+01 
8.80000000000E+01 8.85000000000E+01 8.90000000000E+01 1.80868863375E+02 8.70373639605E+01 2.26775517259E+02 1.20986294968E+02 1.47446009382E+02 6.47929550945E+01 1.75961717258E+02 8.39896667177E+01 1.79335393434E+02 8.88451004972E+01 2.21210215984E+02 1.16787108293E+02 1.48483050062E+02 6.61685504628E+01 
8.90000000000E+01 8.95000000000E+01 9.00000000000E+01 -3.40481150452E+01 9.71509010012E+01 -7.40411485691E+01 1.35238775557E+02 -1.37709223266E+01 7.22622017631E+01 -3.18157858670E+01 9.41097786011E+01 -4.11811130260E+01 9.89779512253E+01 -5.64015237772E+01 1.31124478404E+02 -1.95981089037E+01 7.36392882003E+01 
9.00000000000E+01 9.05000000000E+01 9.10000000000E+01 2.02082324230E+01 2.52764547125E+01 7.10954306059E+00 3.48733014654E+01 2.64363653137E+01 1.90017582464E+01 2.33709584538E+01 2.29957293442E+01 1.70519185158E+01 2.78176037157E+01 1.01205826482E+01 3.16193678278E+01 2.44883753833E+01 2.08869071796E+01 
9.10000000000E+01 9.15000000000E+01 9.20000000000E+01 1.01065970640E+02 3.40854228734E+01 1.22595471949E+02 4.74785786511E+01 8.52033854308E+01 2.53228375109E+01 1.01243151484E+02 3.31381256294E+01 1.04243971059E+02 3.46987039282E+01 1.23773431820E+02 4.61581651801E+01 8.81775076589E+01 2.57949076456E+01 
9.20000000000E+01 9.25000000000E+01 9.30000000000E+01 6.77714115321E+01 3.59731828246E+01 7.05402746410E+01 4.99731344492E+01 6.08914840566E+01 2.67861027752E+01 6.63635201413E+01 4.18965854449E+01 6.49408132895E+01 3.13685541125E+01 7.47225426651E+01 5.82544094765E+01 6.06480881731E+01 2.33908958287E+01 
9.30000000000E+01 9.35000000000E+01 9.40000000000E+01 9.60676176608E+01 7.09207316318E+01 1.12043010586E+02 9.85888943295E+01 8.12449177402E+01 5.28032030831E+01 9.25375122867E+01 6.88812993628E+01 9.30940404986E+01 7.20576023574E+01 1.10198193551E+02 9.57767224029E+01 8.13984414721E+01 5.36655552437E+01 
9.40000000000E+01 9.45000000000E+01 9.50000000000E+01 -6.29484784605E+01 1.60434196312E+02 -9.90480183313E+01 2.23144921256E+02 -4.09549195494E+01 1.19422287171E+02 -6.35175946831E+01 1.56070596092E+02 -6.79058739565E+01 1.62750241132E+02 -9.79629073459E+01 2.17125800496E+02 -4.38492026066E+01 1.21182859358E+02 
9.50000000000E+01 9.55000000000E+01 9.60000000000E+01 2.48524576048E+02 1.72296817754E+02 3.21259958269E+02 2.39703525178E+02 1.98423591228E+02 1.28208445665E+02 2.36581187941E+02 1.65590250289E+02 2.55469610823E+02 1.76460214768E+02 3.07968806218E+02 2.30404792467E+02 2.04077394814E+02 1.31330098716E+02 
9.60000000000E+01 9.65000000000E+01 9.70000000000E+01 -7.29933973680E+02 8.53897022513E+02 -1.03238488917E+03 1.18850750084E+03 -5.31955822843E+02 6.34897395147E+02 -7.15777741332E+02 8.36799079470E+02 -7.29790654677E+02 8.60310168979E+02 -1.01446753555E+03 1.16470932408E+03 -5.31781276487E+02 6.39665891389E+02 
9.70000000000E+01 9.75000000000E+01 9.80000000000E+01 9.63913037981E+02 9.00211215701E+02 1.32493602705E+03 1.25297794946E+03 7.24467568579E+02 6.69328410753E+02 9.46328830767E+02 8.82454437354E+02 9.67897091817E+02 9.06733985016E+02 1.30075066792E+03 1.22826381930E+03 7.30185268823E+02 6.74178709528E+02 
9.80000000000E+01 9.85000000000E+01 9.90000000000E+01 2.45238224679E+01 2.56705722855E+01 2.19935567249E+01 3.56527391026E+01 2.67011116464E+01 1.91657370895E+01 2.40910442502E+01 2.52138525708E+01 2.59215914660E+01 2.60286741229E+01 2.24591285733E+01 3.50723061098E+01 2.83126871088E+01 1.94848864866E+01 
9.90000000000E+01 9.95000000000E+01 1.00000000000E+02 1.28771468027E+02 8.60070689053E+01 1.63957014151E+02 1.20005716878E+02 1.05911310987E+02 6.38306249068E+01 1.26966069060E+02 8.29165004677E+01 1.28804958982E+02 8.78765879252E+01 1.60869793382E+02 1.15688287614E+02 1.05265112401E+02 6.52111723963E+01 
#nx: 3
