#ylo yhi qTlo qThi PDF0  uncertainty
-5 -4 50 51 18.91505360471337 0.01867528740760304
-5 -4 51 52 18.07987802082499 0.01803582560333241
-5 -4 52 53 17.27605895299414 0.008218136322524437
-5 -4 53 54 16.51782211757197 0.007953323412012573
-5 -4 54 55 15.79473479931413 0.007707708374898683
-5 -4 55 56 15.10485762423555 0.007476288681288848
-5 -4 56 57 14.44645181383979 0.007250944585274866
-5 -4 57 58 13.81783746168612 0.007034941105924693
-5 -4 58 59 13.21919104077228 0.006776181487953579
-5 -4 59 60 12.64591365033203 0.006525660147670475
-5 -4 60 61 12.09774206075465 0.006326927992924516
-5 -4 61 62 11.57363194759336 0.006159557746351261
-5 -4 62 63 11.07465300042442 0.00321281841982925
-5 -4 63 64 10.59512703962121 0.002942015669032205
-5 -4 64 65 10.13623167124226 0.003041984805512033
-5 -4 65 66 9.696893307561087 0.00344458655707054
-5 -4 66 67 9.274690439190058 0.003269288381800641
-5 -4 67 68 8.870195546226842 0.001632795309956464
-5 -4 68 69 8.481587692704965 0.001132382119039391
-5 -4 69 70 8.106437994229708 0.0009553722599109067
-5 -4 70 71 7.742924471983398 0.0008732080631741601
-5 -4 71 72 7.389909830160192 0.0008929626091177394
-5 -4 72 73 7.047564753182431 0.001167742913972104
-5 -4 73 74 6.715731192272892 0.001343973569828475
-5 -4 74 75 6.393544795591183 0.001296761524172951
-5 -4 75 76 6.082558384122267 0.00214645598826921
-5 -4 76 77 5.780665589270404 0.00206896161924055
-5 -4 77 78 5.488879719348281 0.001992517335826887
-5 -4 78 79 5.207141799548123 0.00191720231443771
-5 -4 79 80 4.935385855396805 0.001843098733330015
-5 -4 80 81 4.671851710780867 0.003365230327348914
-5 -4 81 82 4.419852181234323 0.003231628099336215
-5 -4 82 83 4.177530105596352 0.003100676171964364
-5 -4 83 84 3.944758122902794 0.002972420553570852
-5 -4 84 85 3.714343581780747 0.004475735269289492
-5 -4 85 86 3.500997461234855 0.004506600750503578
-5 -4 86 87 3.302530344995679 0.006351951773829622
-5 -4 87 88 3.106407874048344 0.005638202779140822
-5 -4 88 89 2.919005747508043 0.004954699642481069
-5 -4 89 90 2.742363283091471 0.005996374631995168
-5 -4 90 91 2.571706044905802 0.005428403323743598
-5 -4 91 92 2.409165870755158 0.004917519853201691
-5 -4 92 93 2.254526298500873 0.004467512625890871
-5 -4 93 94 2.074185155000421 0.007031203146561612
-5 -4 94 95 2.022297289603368 0.001206451241060486
-5 -4 95 96 1.835771772755836 0.003487577986461458
-5 -4 96 97 1.710475861198121 0.003283772433011848
-5 -4 97 98 1.59193481007748 0.003106716782033462
-5 -4 98 99 1.479912514847491 0.002976097897704044
-5 -4 99 100 1.374172364406913 0.002873041760634337
-4 -3.75 50 51 22.35643771466517 0.001013529762742198
-4 -3.75 51 52 21.49754324644222 0.001018473697625002
-4 -3.75 52 53 20.67529038420744 0.001378445824597596
-4 -3.75 53 54 19.88776855353441 0.001405539069843129
-4 -3.75 54 55 19.13334325269207 0.001020867860558558
-4 -3.75 55 56 18.41047175349135 0.0004172653876363056
-4 -3.75 56 57 17.71755239672001 0.0003085154152931992
-4 -3.75 57 58 17.05319422798332 0.0003115117813613568
-4 -3.75 58 59 16.41604016969243 0.0003172304571026303
-4 -3.75 59 60 15.80476926662844 0.0003234168416093805
-4 -3.75 60 61 15.2181746410355 0.0003378481661907961
-4 -3.75 61 62 14.6550671317197 0.0003453974164684516
-4 -3.75 62 63 14.11431922054659 0.00036153338168606
-4 -3.75 63 64 13.59471542839546 0.00636342526419861
-4 -3.75 64 65 13.09543971620846 0.005335677159639061
-4 -3.75 65 66 12.61530775563351 0.004334287048347336
-4 -3.75 66 67 12.15352213010411 0.01152629885553945
-4 -3.75 67 68 11.71060258792755 0.009906828658424535
-4 -3.75 68 69 11.27716599057182 0.008268852861873593
-4 -3.75 69 70 10.85102051834864 0.001465375032506391
-4 -3.75 70 71 10.464570171955 0.00785738808040814
-4 -3.75 71 72 10.04570969875472 0.004474092708300742
-4 -3.75 72 73 9.65208582499303 0.003533914698687848
-4 -3.75 73 74 9.266793090469928 0.002666219628238359
-4 -3.75 74 75 8.889802539113909 0.001843996190793903
-4 -3.75 75 76 8.521494256376879 0.001194639945341099
-4 -3.75 76 77 8.161850559707272 0.0006903003178135079
-4 -3.75 77 78 7.811087935300832 0.0007187944653046237
-4 -3.75 78 79 7.469310550661427 0.0007744619403255722
-4 -3.75 79 80 7.136658654595152 0.001806967503425646
-4 -3.75 80 81 6.813207098159928 0.001792526657418411
-4 -3.75 81 82 6.497533409360128 0.002074214517156347
-4 -3.75 82 83 6.192816594761372 0.001137300627975747
-4 -3.75 83 84 5.898735770353235 0.001547580925793756
-4 -3.75 84 85 5.612639795205561 0.001099616340913402
-4 -3.75 85 86 5.335909680650843 0.0009379427310091407
-4 -3.75 86 87 5.068522796728039 0.000775782640051446
-4 -3.75 87 88 4.810434210844312 0.0006157358459186983
-4 -3.75 88 89 4.550192958960272 0.00110504674787122
-4 -3.75 89 90 4.322601836963734 0.0004945487737132843
-4 -3.75 90 91 4.091186467363138 0.0009787504259362474
-4 -3.75 91 92 3.869484113209155 0.000966440477284315
-4 -3.75 92 93 3.656605296062987 0.0009507829188416671
-4 -3.75 93 94 3.457788699308156 0.001520297887938537
-4 -3.75 94 95 3.256756508087778 0.0009626606953556933
-4 -3.75 95 96 3.069475702030236 0.0009889588102643507
-4 -3.75 96 97 2.890398831113163 0.001015282672337896
-4 -3.75 97 98 2.719345162688881 0.001038376154303498
-4 -3.75 98 99 2.556125660549671 0.001055948937312233
-4 -3.75 99 100 2.400543970884136 0.001066529603560141
-3.75 -3.5 50 51 29.54666872620201 0.06254320634145989
-3.75 -3.5 51 52 28.47604420685534 0.03320018747334629
-3.75 -3.5 52 53 27.44762746522701 0.0318700264170084
-3.75 -3.5 53 54 26.45957999939496 0.0297729752611451
-3.75 -3.5 54 55 25.51015074456566 0.02705485429858659
-3.75 -3.5 55 56 24.5975703694754 0.04607391739903623
-3.75 -3.5 56 57 23.72145128969919 0.04146852528368639
-3.75 -3.5 57 58 22.87927634091521 0.03784741018869051
-3.75 -3.5 58 59 22.06967960202019 0.0350701939572577
-3.75 -3.5 59 60 21.29133926039413 0.03299503760976894
-3.75 -3.5 60 61 20.54281730663268 0.03107920949291976
-3.75 -3.5 61 62 19.82384624204051 0.02835024036747427
-3.75 -3.5 62 63 19.13084834423201 0.02517423266235317
-3.75 -3.5 63 64 18.46376196423236 0.02218364846895481
-3.75 -3.5 64 65 17.82134412394649 0.019815179900716
-3.75 -3.5 65 66 17.20232974410214 0.01735096391698617
-3.75 -3.5 66 67 16.60535285819683 0.01506266463300982
-3.75 -3.5 67 68 16.02874040673459 0.0129054503261957
-3.75 -3.5 68 69 15.46425005676973 0.009252371387584972
-3.75 -3.5 69 70 14.91949773989366 0.006043269052028934
-3.75 -3.5 70 71 14.3824839948418 0.01592672552739079
-3.75 -3.5 71 72 13.86379732941617 0.005900193866358106
-3.75 -3.5 72 73 13.34739928458557 0.004598962485182946
-3.75 -3.5 73 74 12.84037806461584 0.003516220336226965
-3.75 -3.5 74 75 12.34299741094772 0.002500499682375561
-3.75 -3.5 75 76 11.85550927842704 0.001698648216560688
-3.75 -3.5 76 77 11.33981914049011 0.003800044444591061
-3.75 -3.5 77 78 10.82596178445416 0.008511045361807997
-3.75 -3.5 78 79 10.45530545942218 0.001159168663801617
-3.75 -3.5 79 80 10.01013834601325 0.001315986585213171
-3.75 -3.5 80 81 9.576102836662844 0.001098483313086903
-3.75 -3.5 81 82 9.153237393905224 0.001175523163699205
-3.75 -3.5 82 83 8.742050325963675 0.001417909650505766
-3.75 -3.5 83 84 8.342420786765265 0.001552179883085634
-3.75 -3.5 84 85 7.954506434089179 0.001627692885080665
-3.75 -3.5 85 86 7.577583810130172 0.001712177012551422
-3.75 -3.5 86 87 7.21415120793723 0.001763348796659315
-3.75 -3.5 87 88 6.861533584996716 0.00160988229192042
-3.75 -3.5 88 89 6.514834421948422 0.001836373718064797
-3.75 -3.5 89 90 6.191530164517147 0.001305535585615382
-3.75 -3.5 90 91 5.874036750525006 0.001272742274020327
-3.75 -3.5 91 92 5.568104374998493 0.001034879293129917
-3.75 -3.5 92 93 5.273658369699774 0.0004489614526787691
-3.75 -3.5 93 94 4.990494393711625 0.0004298349553760442
-3.75 -3.5 94 95 4.718500551330328 0.0004111463214146794
-3.75 -3.5 95 96 4.457509522993837 0.0003929204212315424
-3.75 -3.5 96 97 4.207314219382287 0.0004895289924790712
-3.75 -3.5 97 98 3.967765985208024 0.0005246872457000282
-3.75 -3.5 98 99 3.738625374410432 0.0005794154322463973
-3.75 -3.5 99 100 3.519667395161584 0.0006391939719006582
-3.5 -3.25 50 51 34.90822434309351 0.0739205582717638
-3.5 -3.25 51 52 33.71383063963729 0.07330218539846381
-3.5 -3.25 52 53 32.56334281155758 0.07067923859779722
-3.5 -3.25 53 54 31.45529471579422 0.0663665521516356
-3.5 -3.25 54 55 30.38822488086637 0.06065707239358954
-3.5 -3.25 55 56 29.36058488476401 0.0541815321666561
-3.5 -3.25 56 57 28.37051415665169 0.04867725089224299
-3.5 -3.25 57 58 27.41655508997596 0.04445541713605898
-3.5 -3.25 58 59 26.49741447211623 0.04134389108888802
-3.5 -3.25 59 60 25.61182196180874 0.03916617064200249
-3.5 -3.25 60 61 24.7583525558553 0.03708521441641793
-3.5 -3.25 61 62 23.93551885875453 0.03409558859096709
-3.5 -3.25 62 63 23.14218916608518 0.03034047395740636
-3.5 -3.25 63 64 22.37703280186008 0.02681453902443889
-3.5 -3.25 64 65 21.6387641099759 0.02413790660399943
-3.5 -3.25 65 66 20.92604900129783 0.02127430613737419
-3.5 -3.25 66 67 20.23741275375268 0.01861657089723201
-3.5 -3.25 67 68 19.55722880191491 0.02755734666794779
-3.5 -3.25 68 69 18.91809508150841 0.01754947298636096
-3.5 -3.25 69 70 18.28553353575812 0.01434353343293834
-3.5 -3.25 70 71 17.66328867164936 0.02123010428615229
-3.5 -3.25 71 72 17.05701454175582 0.01386754288764163
-3.5 -3.25 72 73 16.44865670895368 0.006865396444114507
-3.5 -3.25 73 74 15.85337157797274 0.004845540485364818
-3.5 -3.25 74 75 15.26778351614779 0.003362584061888159
-3.5 -3.25 75 76 14.69226974904336 0.003536326391928133
-3.5 -3.25 76 77 14.12727700701051 0.005122932624018944
-3.5 -3.25 77 78 13.57323377689575 0.006905666057663309
-3.5 -3.25 78 79 13.00695482676993 0.01411200489008206
-3.5 -3.25 79 80 12.49991230099644 0.0008534964560979191
-3.5 -3.25 80 81 11.98078487514392 0.0009899790896394135
-3.5 -3.25 81 82 11.51159645957931 0.003606499528978729
-3.5 -3.25 82 83 10.97966414737668 0.001798918241080594
-3.5 -3.25 83 84 10.49810197446639 0.002033087234519985
-3.5 -3.25 84 85 10.02947264519019 0.002134458392444347
-3.5 -3.25 85 86 9.573934632153215 0.00212387789907537
-3.5 -3.25 86 87 9.131609454038001 0.002021553964328119
-3.5 -3.25 87 88 8.702575069644277 0.001860892526762716
-3.5 -3.25 88 89 8.286244336742504 0.001611646700557726
-3.5 -3.25 89 90 7.884554342146609 0.001433484742720543
-3.5 -3.25 90 91 7.495518442459766 0.001316745699972355
-3.5 -3.25 91 92 7.119720313878151 0.001366962744154805
-3.5 -3.25 92 93 6.752689472296743 0.001674450556648169
-3.5 -3.25 93 94 6.407801461310113 0.001362519501728898
-3.5 -3.25 94 95 6.072063644597911 0.001664871087563566
-3.5 -3.25 95 96 5.748376658551123 0.001336654956964481
-3.5 -3.25 96 97 5.437389613476546 0.001332097907627648
-3.5 -3.25 97 98 5.138702860884367 0.0004665140218715523
-3.5 -3.25 98 99 4.852665902255719 0.0004927035799135192
-3.5 -3.25 99 100 4.578702711674769 0.0005437045008607534
-3.25 -3 50 51 38.31472451954915 0.08203668317441939
-3.25 -3 51 52 37.07254479380195 0.08146190840617677
-3.25 -3 52 53 35.87247534646326 0.07860514441233285
-3.25 -3 53 54 34.71343750628044 0.07381059875248118
-3.25 -3 54 55 33.59430599651533 0.0673994135839051
-3.25 -3 55 56 32.51381943236687 0.06009588610830884
-3.25 -3 56 57 31.47034912729167 0.05394734458187687
-3.25 -3 57 58 30.46265079707773 0.04932826041296452
-3.25 -3 58 59 29.48962099137826 0.04604159883081207
-3.25 -3 59 60 28.55015226628986 0.04388320246475889
-3.25 -3 60 61 27.64294732981269 0.0418297295632851
-3.25 -3 61 62 26.76661366196111 0.0386349358406548
-3.25 -3 62 63 25.92012499707068 0.03446079928127362
-3.25 -3 63 64 25.10221584471894 0.03054977770933965
-3.25 -3 64 65 24.31165311928448 0.02768748318764647
-3.25 -3 65 66 23.54712890754825 0.02454883247831232
-3.25 -3 66 67 22.80715977201049 0.02163777751301619
-3.25 -3 67 68 22.07424263519142 0.03835387683531485
-3.25 -3 68 69 21.38737659858135 0.02844669678712984
-3.25 -3 69 70 20.70358599879625 0.01069576553478677
-3.25 -3 70 71 20.02929735131319 0.01443445349941392
-3.25 -3 71 72 19.36324926516348 0.0268583120200027
-3.25 -3 72 73 18.71191184046832 0.01548990406810983
-3.25 -3 73 74 18.05774164930713 0.006336813933906664
-3.25 -3 74 75 17.41695047134274 0.004589005302994226
-3.25 -3 75 76 16.78569316278254 0.003322451560505794
-3.25 -3 76 77 16.1645417961661 0.002730872556370719
-3.25 -3 77 78 15.55404816621486 0.002390214090892878
-3.25 -3 78 79 14.95464896988737 0.002086505106443364
-3.25 -3 79 80 14.32266842181264 0.009333623153512145
-3.25 -3 80 81 13.7910777971151 0.001883090060001576
-3.25 -3 81 82 13.22778059849284 0.001947741377483706
-3.25 -3 82 83 12.67725708392182 0.002186139055231069
-3.25 -3 83 84 12.13981679511635 0.002378255550451841
-3.25 -3 84 85 11.61574967729082 0.002482628561644869
-3.25 -3 85 86 11.1053026097992 0.002493353629158647
-3.25 -3 86 87 10.60867989336351 0.002418681273173664
-3.25 -3 87 88 10.05731282055923 0.004711811858386964
-3.25 -3 88 89 9.657469941114744 0.002153279351971325
-3.25 -3 89 90 9.202608596159763 0.002285918341785163
-3.25 -3 90 91 8.750911494840286 0.001932697642120055
-3.25 -3 91 92 8.336708278256888 0.002145974369669216
-3.25 -3 92 93 7.925179407798367 0.001908431107996084
-3.25 -3 93 94 7.528624111652802 0.005133480315032022
-3.25 -3 94 95 7.144941469365078 0.003059208738068323
-3.25 -3 95 96 6.775217802476184 0.001440436782577351
-3.25 -3 96 97 6.419355936766955 0.001418405113361854
-3.25 -3 97 98 6.077171628337238 0.001679427486115334
-3.25 -3 98 99 5.748496460113735 0.00283160513238299
-3.25 -3 99 100 5.433183640440489 0.001477384734255789
-3 -2.75 50 51 40.12473071619743 0.0887792997655534
-3 -2.75 51 52 38.88398631622441 0.08830405136179498
-3 -2.75 52 53 37.6818844405194 0.08530947195255875
-3 -2.75 53 54 36.51778399080197 0.08016291228411246
-3 -2.75 54 55 35.3909466981569 0.07320790091936756
-3 -2.75 55 56 34.30045176318806 0.06524706892805111
-3 -2.75 56 57 33.24496423667968 0.05859166065999934
-3 -2.75 57 58 32.22350539555548 0.05367149286867624
-3 -2.75 58 59 31.23520969756778 0.05026984759627866
-3 -2.75 59 60 30.27918010442889 0.04816035199841577
-3 -2.75 60 61 29.35430046861633 0.04615988340969678
-3 -2.75 61 62 28.45932907144189 0.04281367562591904
-3 -2.75 62 63 27.59338827750153 0.03829862941291033
-3 -2.75 63 64 26.75532954559814 0.03407204896856396
-3 -2.75 64 65 25.94402275999129 0.03106464410037312
-3 -2.75 65 66 25.15823979476976 0.02769973241534313
-3 -2.75 66 67 24.39654950618281 0.02457829080166943
-3 -2.75 67 68 23.65702758356525 0.02159062246588142
-3 -2.75 68 69 22.92092907778289 0.03037215438330626
-3 -2.75 69 70 22.22452049709587 0.01944863872473835
-3 -2.75 70 71 21.52549498768516 0.00825328779176294
-3 -2.75 71 72 20.83357310726713 0.01993375662150467
-3 -2.75 72 73 20.14867497697911 0.03221755790479264
-3 -2.75 73 74 19.47774595879531 0.01849219438810384
-3 -2.75 74 75 18.80344283172398 0.005978254194319859
-3 -2.75 75 76 18.14247052756072 0.004424194099718432
-3 -2.75 76 77 17.49087072368612 0.003762962971312537
-3 -2.75 77 78 16.84929160072349 0.003372580022051473
-3 -2.75 78 79 16.21825578538379 0.002973893186615985
-3 -2.75 79 80 15.59834862351608 0.00258604729894466
-3 -2.75 80 81 14.99012596070262 0.002326739362086285
-3 -2.75 81 82 14.35281646974309 0.003721326236615314
-3 -2.75 82 83 13.77179924913838 0.0131562839753233
-3 -2.75 83 84 13.24009262248027 0.002544221637960103
-3 -2.75 84 85 12.6828977359713 0.002639379715344958
-3 -2.75 85 86 12.13934519674549 0.002645427176216048
-3 -2.75 86 87 11.60970838837053 0.00256184619526069
-3 -2.75 87 88 11.07107547064434 0.01190635666166061
-3 -2.75 88 89 10.57318073423828 0.002214216104288494
-3 -2.75 89 90 10.08930579123784 0.01172071630894369
-3 -2.75 90 91 9.633721336011956 0.002951398959272173
-3 -2.75 91 92 9.176213037615478 0.002058835384193569
-3 -2.75 92 93 8.734242044664896 0.008760058635093257
-3 -2.75 93 94 8.305832694021003 0.006532532676344142
-3 -2.75 94 95 7.891802949241317 0.004016726184048888
-3 -2.75 95 96 7.492374644705915 0.0021765201260564
-3 -2.75 96 97 7.107362354413543 0.001944385554966106
-3 -2.75 97 98 6.736636974678866 0.001948092477744008
-3 -2.75 98 99 6.37959741374377 0.002899858671121879
-3 -2.75 99 100 6.03696443911944 0.003943991211712702
-2.75 -2.5 50 51 40.8839241194211 0.1124217419757818
-2.75 -2.5 51 52 39.66809453965311 0.109629537565361
-2.75 -2.5 52 53 38.48702040528374 0.1055261283394812
-2.75 -2.5 53 54 37.34047864404245 0.100274951344373
-2.75 -2.5 54 55 36.22810355947982 0.09409162670099062
-2.75 -2.5 55 56 35.14930570504274 0.0875022734620115
-2.75 -2.5 56 57 34.10304143635628 0.08182930909489114
-2.75 -2.5 57 58 33.08859517313148 0.07724073408382796
-2.75 -2.5 58 59 32.10615852091482 0.05445431250214561
-2.75 -2.5 59 60 31.15341726180789 0.05240113138110887
-2.75 -2.5 60 61 30.23025054094303 0.05045724936458171
-2.75 -2.5 61 62 29.33557825816315 0.04698668804470801
-2.75 -2.5 62 63 28.46867675740646 0.04217876419595044
-2.75 -2.5 63 64 27.62852752771066 0.03767678827941732
-2.75 -2.5 64 65 26.81411738883142 0.03453803027752886
-2.75 -2.5 65 66 26.02431629945525 0.03096836239431885
-2.75 -2.5 66 67 25.25777110779599 0.02765294655177839
-2.75 -2.5 67 68 24.51260994342729 0.0244659655042014
-2.75 -2.5 68 69 23.76798302342822 0.04739757855416743
-2.75 -2.5 69 70 23.06588045060716 0.03624752021608804
-2.75 -2.5 70 71 22.35842713616785 0.01500796509558892
-2.75 -2.5 71 72 21.65704125770164 0.008940033116529378
-2.75 -2.5 72 73 20.96168309524654 0.02221195151461732
-2.75 -2.5 73 74 20.27288637301073 0.03225442940773322
-2.75 -2.5 74 75 19.59145689487161 0.03837824922193248
-2.75 -2.5 75 76 18.92253412577907 0.02042395605870169
-2.75 -2.5 76 77 18.25652899276576 0.02188181651082533
-2.75 -2.5 77 78 17.59776351000793 0.00407016134794791
-2.75 -2.5 78 79 16.95168726307978 0.003331170857520525
-2.75 -2.5 79 80 16.31620896468331 0.002431408582819137
-2.75 -2.5 80 81 15.69194914101145 0.001408566416442033
-2.75 -2.5 81 82 15.07946551243419 0.0009690977209023851
-2.75 -2.5 82 83 14.43990077396866 0.01613888343801563
-2.75 -2.5 83 84 13.85479080134558 0.00317434939546788
-2.75 -2.5 84 85 13.28310089849951 0.003641239468421943
-2.75 -2.5 85 86 12.725091363541 0.004808929565963375
-2.75 -2.5 86 87 12.18099033548683 0.001655985019172946
-2.75 -2.5 87 88 11.65101728480004 0.005522884898475619
-2.75 -2.5 88 89 11.15656873262743 0.00148039487315333
-2.75 -2.5 89 90 10.65163880270764 0.00663196716514603
-2.75 -2.5 90 91 10.16178992999489 0.004476918473497385
-2.75 -2.5 91 92 9.686632778562203 0.002624555940891094
-2.75 -2.5 92 93 9.226996070629285 0.009382841656671612
-2.75 -2.5 93 94 8.781219609318301 0.006774065546950239
-2.75 -2.5 94 95 8.350204119231522 0.005018429733337136
-2.75 -2.5 95 96 7.933623521832475 0.002110553577029742
-2.75 -2.5 96 97 7.531862149948354 0.001678116154701109
-2.75 -2.5 97 98 7.144645666724865 0.00169833135962866
-2.75 -2.5 98 99 6.77184029465576 0.003078742165188114
-2.75 -2.5 99 100 6.413284801410819 0.004284498601906191
-2.5 -2.25 50 51 40.91520794797142 0.1004590066003176
-2.5 -2.25 51 52 39.73335572668859 0.1003144707120354
-2.5 -2.25 52 53 38.58261328267938 0.0972328591142778
-2.5 -2.25 53 54 37.46312247873826 0.09161956863402097
-2.5 -2.25 54 55 36.37484399996836 0.08385513067260957
-2.5 -2.25 55 56 35.3174795566168 0.07487382436694554
-2.5 -2.25 56 57 34.29024200711353 0.06783094534030448
-2.5 -2.25 57 58 33.29264903173173 0.06354064641392289
-2.5 -2.25 58 59 32.32428285460038 0.0604164396374068
-2.5 -2.25 59 60 31.38464725576699 0.0582785796250022
-2.5 -2.25 60 61 30.47298389581971 0.05625493995550665
-2.5 -2.25 61 62 29.58835991349903 0.05323792340231177
-2.5 -2.25 62 63 28.73019126611591 0.04938016486662059
-2.5 -2.25 63 64 27.89758075133818 0.04579486986992813
-2.5 -2.25 64 65 27.08962555876347 0.04313029314420443
-2.5 -2.25 65 66 26.30529230568278 0.04024380337922234
-2.5 -2.25 66 67 25.54331160900621 0.03757966646804194
-2.5 -2.25 67 68 24.80188512983374 0.03504484759818709
-2.5 -2.25 68 69 24.07753387444087 0.0326992219582183
-2.5 -2.25 69 70 23.36033578344194 0.04946008359119095
-2.5 -2.25 70 71 22.65426474190379 0.02807281024694193
-2.5 -2.25 71 72 21.95352176169724 0.02362009775624952
-2.5 -2.25 72 73 21.25810495989477 0.02847713398519655
-2.5 -2.25 73 74 20.56859576823522 0.03481425649603245
-2.5 -2.25 74 75 19.88584621148984 0.0393916088130541
-2.5 -2.25 75 76 19.21033709095848 0.042727979090679
-2.5 -2.25 76 77 18.54748123389017 0.02130432569206447
-2.5 -2.25 77 78 17.88814169394527 0.0227541514367907
-2.5 -2.25 78 79 17.23543733813436 0.01758066890988251
-2.5 -2.25 79 80 16.59619187385427 0.0166412860713954
-2.5 -2.25 80 81 15.96779205254556 0.01573860549897739
-2.5 -2.25 81 82 15.35083107766719 0.01490491976660674
-2.5 -2.25 82 83 14.74578371965736 0.01416586522844851
-2.5 -2.25 83 84 14.15312542708901 0.01347330342807297
-2.5 -2.25 84 85 13.53270777706127 0.02060677403491246
-2.5 -2.25 85 86 12.96905053741341 0.017274935210468
-2.5 -2.25 86 87 12.41918588364184 0.01779145710612438
-2.5 -2.25 87 88 11.91467526853463 0.01091600219517585
-2.5 -2.25 88 89 11.38970488479852 0.01031127750972921
-2.5 -2.25 89 90 10.87979045194884 0.008783528754371111
-2.5 -2.25 90 91 10.38368631086194 0.006416580895520024
-2.5 -2.25 91 92 9.902210870557733 0.004265854904234894
-2.5 -2.25 92 93 9.435448986253903 0.002469451802353903
-2.5 -2.25 93 94 8.983442461132181 0.001726514539273184
-2.5 -2.25 94 95 8.546716571525675 0.009880820802672217
-2.5 -2.25 95 96 8.124044163042607 0.007909291651845103
-2.5 -2.25 96 97 7.716038332599006 0.006640954931712195
-2.5 -2.25 97 98 7.322049987585657 0.003348164303468815
-2.5 -2.25 98 99 6.942978414247873 0.001737740567693748
-2.5 -2.25 99 100 6.578219639610682 0.001759148289901775
-2.25 -2 50 51 41.72667775882459 0.1070894223843818
-2.25 -2 51 52 40.54083465249175 0.1071326672976787
-2.25 -2 52 53 39.38452585084119 0.1040437852348102
-2.25 -2 53 54 38.25812233278941 0.09824552873509838
-2.25 -2 54 55 37.16178598868939 0.09013536634931534
-2.25 -2 55 56 36.0953947688632 0.08070710552138505
-2.25 -2 56 57 35.05831404777345 0.07291879956350013
-2.25 -2 57 58 34.05019688696929 0.06733907822446938
-2.25 -2 58 59 33.07074507870259 0.06370671474462621
-2.25 -2 59 60 32.11956690735862 0.06174446100075823
-2.25 -2 60 61 31.19599509659855 0.05988842522608635
-2.25 -2 61 62 30.29917111442504 0.05618267256421893
-2.25 -2 62 63 29.42858230303909 0.0508379555562335
-2.25 -2 63 64 28.58338563534926 0.04582405892192478
-2.25 -2 64 65 27.76272515926138 0.04242139976134319
-2.25 -2 65 66 26.96559981053754 0.03845617539330674
-2.25 -2 66 67 26.19075654593533 0.03476073612415066
-2.25 -2 67 68 25.43639081118647 0.0311808727929268
-2.25 -2 68 69 24.69895261077313 0.02781582253834111
-2.25 -2 69 70 23.97237702189796 0.02463904418393041
-2.25 -2 70 71 23.24608324701633 0.0520629333515137
-2.25 -2 71 72 22.53124757968784 0.0270812742795605
-2.25 -2 72 73 21.82139942508993 0.009728985555650741
-2.25 -2 73 74 21.11717386699874 0.009421652159399517
-2.25 -2 74 75 20.41947564140834 0.0187229668942429
-2.25 -2 75 76 19.72884132585406 0.02576347607596305
-2.25 -2 76 77 19.04603853574726 0.0313107606495325
-2.25 -2 77 78 18.37192554459612 0.03557464441358738
-2.25 -2 78 79 17.7073068670351 0.03876798828509723
-2.25 -2 79 80 17.05050765318647 0.03236702720167622
-2.25 -2 80 81 16.41144865761509 0.004852066200141916
-2.25 -2 81 82 15.77917694307911 0.003786826534830362
-2.25 -2 82 83 15.15893267617795 0.002963969591668246
-2.25 -2 83 84 14.551222783619 0.002413127968014289
-2.25 -2 84 85 13.956527725919 0.002169851300214182
-2.25 -2 85 86 13.37527539440789 0.001990961540955005
-2.25 -2 86 87 12.80784112768533 0.001846988249648108
-2.25 -2 87 88 12.25453792026827 0.001733516005551573
-2.25 -2 88 89 11.71561263636702 0.001655670144779913
-2.25 -2 89 90 11.19128953844219 0.01809319684129105
-2.25 -2 90 91 10.68135607559002 0.01732566752034479
-2.25 -2 91 92 10.18677751879161 0.01326670325200538
-2.25 -2 92 93 9.707209993510563 0.009494544879654348
-2.25 -2 93 94 9.242711200568053 0.006043146739906403
-2.25 -2 94 95 8.793299592944203 0.002971774031623789
-2.25 -2 95 96 8.358956301556349 0.001844392296440898
-2.25 -2 96 97 7.939627099749181 0.002794620588092604
-2.25 -2 97 98 7.535224397448697 0.004858684772257018
-2.25 -2 98 99 7.145629255803804 0.006722417277556528
-2.25 -2 99 100 6.770089097980519 0.006443832095844914
-2 -1.75 50 51 41.4746911341868 0.1091527453570863
-2 -1.75 51 52 40.33945064670857 0.109504359594406
-2 -1.75 52 53 39.22928436023389 0.1065140666272053
-2 -1.75 53 54 38.14496982293906 0.1006229737072675
-2 -1.75 54 55 37.0870350114086 0.09224640064625626
-2 -1.75 55 56 36.05568589647217 0.08243828670306073
-2 -1.75 56 57 35.05057684045082 0.07435727566539133
-2 -1.75 57 58 34.07162917375052 0.06861590739039918
-2 -1.75 58 59 33.11879003726796 0.06494027891821004
-2 -1.75 59 60 32.19188976248942 0.06303902158535531
-2 -1.75 60 61 31.29047221850109 0.06124366365589932
-2 -1.75 61 62 30.41387145817242 0.05746275540528791
-2 -1.75 62 63 29.56174279431883 0.05191646370502725
-2 -1.75 63 64 28.73340734870143 0.04670947802023763
-2 -1.75 64 65 27.92816097517752 0.04321433523450634
-2 -1.75 65 66 27.14514186475803 0.03910227289926078
-2 -1.75 66 67 26.38322704174556 0.03526572210413832
-2 -1.75 67 68 25.64073663144637 0.03154125563877512
-2 -1.75 68 69 24.91422031861379 0.02803361713807122
-2 -1.75 69 70 24.17803514975832 0.06119620287448518
-2 -1.75 70 71 23.48232817848773 0.05021594193376434
-2 -1.75 71 72 22.77558270753971 0.02359942624542638
-2 -1.75 72 73 22.07288258089429 0.010932396743139
-2 -1.75 73 74 21.37488893697772 0.01939710464098634
-2 -1.75 74 75 20.68254281957044 0.02763783175160746
-2 -1.75 75 76 19.99639428048797 0.03534071412449665
-2 -1.75 76 77 19.31724234775847 0.04147296394353463
-2 -1.75 77 78 18.6459853872862 0.04624159978077419
-2 -1.75 78 79 17.98791170987549 0.02423533815802994
-2 -1.75 79 80 17.33393587508721 0.02560962023228382
-2 -1.75 80 81 16.68810023109094 0.005054998000975476
-2 -1.75 81 82 16.05592152174516 0.004060691374949445
-2 -1.75 82 83 15.43515975118348 0.003390591836768527
-2 -1.75 83 84 14.82635737889389 0.002966565362345761
-2 -1.75 84 85 14.2300308547487 0.002701096700366331
-2 -1.75 85 86 13.64664336750712 0.002468029642773099
-2 -1.75 86 87 13.07660475082949 0.002193269618056055
-2 -1.75 87 88 12.52026193793124 0.001877647495902084
-2 -1.75 88 89 11.97789494608284 0.00160689364097128
-2 -1.75 89 90 11.4492865440246 0.01306382998065045
-2 -1.75 90 91 10.93568270383916 0.01036547608288092
-2 -1.75 91 92 10.43671034635689 0.007830510712775383
-2 -1.75 92 93 9.952496191019442 0.005517777526565306
-2 -1.75 93 94 9.484010751752269 0.01490537517797861
-2 -1.75 94 95 9.029349914250471 0.01152036832703905
-2 -1.75 95 96 8.589561423083676 0.008695723585300848
-2 -1.75 96 97 8.164616810272806 0.006403431178926822
-2 -1.75 97 98 7.754453240365187 0.005097960473391325
-2 -1.75 98 99 7.358975510252373 0.004943819728381073
-2 -1.75 99 100 6.977442153611259 0.002457053970596743
-1.75 -1.5 50 51 41.51387290028518 0.1046501368406956
-1.75 -1.5 51 52 40.35904262471433 0.1053111798945137
-1.75 -1.5 52 53 39.22981076473644 0.1024848760016841
-1.75 -1.5 53 54 38.12699124499676 0.09662419195407443
-1.75 -1.5 54 55 37.05113897334067 0.08815895537036358
-1.75 -1.5 55 56 36.00247494904519 0.07819643406793367
-1.75 -1.5 56 57 34.98064786419789 0.07006333685504285
-1.75 -1.5 57 58 33.98558107995814 0.06440203193277988
-1.75 -1.5 58 59 33.01722431996376 0.0609220885418385
-1.75 -1.5 59 60 32.0754059325308 0.05931811493757141
-1.75 -1.5 60 61 31.15965292634804 0.05782323378369252
-1.75 -1.5 61 62 30.26927046906657 0.0542200969365478
-1.75 -1.5 62 63 29.40390602013548 0.04873699353146286
-1.75 -1.5 63 64 28.56285785040943 0.04360213711391468
-1.75 -1.5 64 65 27.74539953190275 0.04026704732355273
-1.75 -1.5 65 66 26.95064659037513 0.03627308603619821
-1.75 -1.5 66 67 26.17745279113201 0.03255334331134881
-1.75 -1.5 67 68 25.42412311929746 0.02894706590785282
-1.75 -1.5 68 69 24.68721017210804 0.02555438588022469
-1.75 -1.5 69 70 23.94650425347533 0.06197746561991201
-1.75 -1.5 70 71 23.24328751574569 0.05328646555435846
-1.75 -1.5 71 72 22.52752145839128 0.02547321673905217
-1.75 -1.5 72 73 21.81651817467309 0.0119636922771837
-1.75 -1.5 73 74 21.11096170323096 0.0227342974721133
-1.75 -1.5 74 75 20.41179763635282 0.03332482199340237
-1.75 -1.5 75 76 19.71959323682164 0.04169281283770861
-1.75 -1.5 76 77 19.03515041490795 0.04846666411212793
-1.75 -1.5 77 78 18.36107411845125 0.02304120966498148
-1.75 -1.5 78 79 17.69420085511243 0.02562728192002614
-1.75 -1.5 79 80 17.03735342792235 0.02760151011060028
-1.75 -1.5 80 81 16.3885020592236 0.003572110355358676
-1.75 -1.5 81 82 15.75493792802866 0.003994840242994363
-1.75 -1.5 82 83 15.133455725254 0.004524757863131538
-1.75 -1.5 83 84 14.52457611842689 0.004954908780722548
-1.75 -1.5 84 85 13.92879121046897 0.005223433837383467
-1.75 -1.5 85 86 13.34653848553123 0.005320730511368026
-1.75 -1.5 86 87 12.77820082566495 0.005259781002139793
-1.75 -1.5 87 88 12.22409741278289 0.00509945987305004
-1.75 -1.5 88 89 11.68447964899252 0.004936877810963639
-1.75 -1.5 89 90 11.15957721270254 0.004784402648332241
-1.75 -1.5 90 91 10.64937367619584 0.0136536024365053
-1.75 -1.5 91 92 10.15447590289955 0.0109089950100054
-1.75 -1.5 92 93 9.674729308362377 0.008353307354171592
-1.75 -1.5 93 94 9.210182495473155 0.006013606086657606
-1.75 -1.5 94 95 8.760844638422459 0.004032492300120343
-1.75 -1.5 95 96 8.328265345052097 0.01413141408161297
-1.75 -1.5 96 97 7.908966155008702 0.01128829435136814
-1.75 -1.5 97 98 7.504693370141513 0.008762397808319795
-1.75 -1.5 98 99 7.115322324399434 0.006579015014723696
-1.75 -1.5 99 100 6.740698694723037 0.005506307882840473
-1.5 -1.25 50 51 40.98332567212199 0.1144615148886524
-1.5 -1.25 51 52 39.86212064419004 0.1145231421192599
-1.5 -1.25 52 53 38.76367878451035 0.1116559747190607
-1.5 -1.25 53 54 37.68908194967355 0.1062018870716336
-1.5 -1.25 54 55 36.63912572769476 0.1000456823384713
-1.5 -1.25 55 56 35.61424953333471 0.09315806820081074
-1.5 -1.25 56 57 34.61430581915619 0.08749258240675689
-1.5 -1.25 57 58 33.63939677100791 0.08330193597227761
-1.5 -1.25 58 59 32.6896311605075 0.08033739746235696
-1.5 -1.25 59 60 31.76498061513573 0.07839461657022924
-1.5 -1.25 60 61 30.86511136198158 0.07654950869194213
-1.5 -1.25 61 62 29.98945596050439 0.07362688419552936
-1.5 -1.25 62 63 29.13776864647581 0.06980767887234048
-1.5 -1.25 63 64 28.30944933088392 0.06627890914686951
-1.5 -1.25 64 65 27.50386505915817 0.06369129749024575
-1.5 -1.25 65 66 26.72021486165178 0.06086577553571038
-1.5 -1.25 66 67 25.95743032260083 0.05825705223936981
-1.5 -1.25 67 68 25.21389671573273 0.05576830019575579
-1.5 -1.25 68 69 24.48625369783588 0.0534535665118922
-1.5 -1.25 69 70 23.76863476235675 0.05127692421592284
-1.5 -1.25 70 71 23.07222661411156 0.05179987082971069
-1.5 -1.25 71 72 22.34712777654964 0.0618251892903079
-1.5 -1.25 72 73 21.64426207976277 0.04808581131495852
-1.5 -1.25 73 74 20.94656723402043 0.04246413524967645
-1.5 -1.25 74 75 20.25500065845142 0.0417962672652413
-1.5 -1.25 75 76 19.57013497074338 0.04331422304814113
-1.5 -1.25 76 77 18.89255395317019 0.03054345083885647
-1.5 -1.25 77 78 18.22358744477363 0.03793664916020355
-1.5 -1.25 78 79 17.56387423404421 0.04393026312964515
-1.5 -1.25 79 80 16.914194003674 0.04876094983548183
-1.5 -1.25 80 81 16.27762184687132 0.02989526386940927
-1.5 -1.25 81 82 15.64698715419213 0.001977476004114691
-1.5 -1.25 82 83 15.03104839339277 0.0008163598850661267
-1.5 -1.25 83 84 14.42751533506647 0.001097557757192464
-1.5 -1.25 84 85 13.8368851222926 0.001642385518640812
-1.5 -1.25 85 86 13.25959993001022 0.001980032482561065
-1.5 -1.25 86 87 12.69604696108043 0.002058835386478251
-1.5 -1.25 87 88 12.14654932407546 0.001959960720507295
-1.5 -1.25 88 89 11.61136172957371 0.001853244446542393
-1.5 -1.25 89 90 11.09071748793137 0.001762351690042937
-1.5 -1.25 90 91 10.58444960169819 0.01509314568919196
-1.5 -1.25 91 92 10.09347952943877 0.0122197634536493
-1.5 -1.25 92 93 9.617500514793168 0.009545464963269709
-1.5 -1.25 93 94 9.156564200398858 0.007098914025802728
-1.5 -1.25 94 95 8.711769821057331 0.01549431644693477
-1.5 -1.25 95 96 8.280738760164756 0.01210498308739544
-1.5 -1.25 96 97 7.864671559473475 0.009153301294879046
-1.5 -1.25 97 98 7.463478889838035 0.00673899785587125
-1.5 -1.25 98 99 7.077039696457568 0.005060048829951706
-1.5 -1.25 99 100 6.705203322593931 0.004391392738499033
-1.25 -1 50 51 41.56150310131011 0.1210908518268524
-1.25 -1 51 52 40.42955265559769 0.1219770099885961
-1.25 -1 52 53 39.31979819723597 0.1190392199159848
-1.25 -1 53 54 38.23344505375485 0.1127613034124024
-1.25 -1 54 55 37.17139558745663 0.1036002568822713
-1.25 -1 55 56 36.13418131375826 0.09275718372769068
-1.25 -1 56 57 35.12173327044979 0.08388836951957217
-1.25 -1 57 58 34.134221537434 0.07771464429794905
-1.25 -1 58 59 33.17181334995828 0.07393791507163484
-1.25 -1 59 60 32.2345299329283 0.0722043864825368
-1.25 -1 60 61 31.32207650012509 0.07058188450435637
-1.25 -1 61 62 30.4339129791768 0.06658980156557949
-1.25 -1 62 63 29.56982480778498 0.06163264631223785
-1.25 -1 63 64 28.72923048328632 0.05725732667389009
-1.25 -1 64 65 27.91151231031519 0.05410275409771421
-1.25 -1 65 66 27.11587863106155 0.05055432568548352
-1.25 -1 66 67 26.34126366083781 0.04724366619014141
-1.25 -1 67 68 25.58604799429088 0.04403600670508861
-1.25 -1 68 69 24.84683810103412 0.04102250138267725
-1.25 -1 69 70 24.11769680832467 0.03816701743454742
-1.25 -1 70 71 23.41058917281758 0.05604682667619937
-1.25 -1 71 72 22.67064305641813 0.05818680508803564
-1.25 -1 72 73 21.95636735104246 0.03677398012209707
-1.25 -1 73 74 21.2472949762755 0.02627233828700102
-1.25 -1 74 75 20.5444106493963 0.02390104910711592
-1.25 -1 75 76 19.84830937722872 0.02611259215531748
-1.25 -1 76 77 19.15982661212561 0.03018811835990419
-1.25 -1 77 78 18.47988446562924 0.03692252783477278
-1.25 -1 78 79 17.80934595508896 0.04334605465397593
-1.25 -1 79 80 17.14901071717165 0.04856264012940774
-1.25 -1 80 81 16.49667266822196 0.0450173692541497
-1.25 -1 81 82 15.86254140654172 0.01651511506157823
-1.25 -1 82 83 15.23648316775196 0.01545439716434308
-1.25 -1 83 84 14.62306920082008 0.01452855248854969
-1.25 -1 84 85 13.97764552363426 0.03655609788059794
-1.25 -1 85 86 13.39309574113027 0.02325928222035575
-1.25 -1 86 87 12.8230286902875 0.01755089146138541
-1.25 -1 87 88 12.26770114862731 0.01706673847034138
-1.25 -1 88 89 11.72738459668462 0.02122228102242803
-1.25 -1 89 90 11.23253486922263 0.009977451787788418
-1.25 -1 90 91 10.71865188091718 0.009337394926913553
-1.25 -1 91 92 10.21947295712155 0.0146446382979819
-1.25 -1 92 93 9.736928811956446 0.02300532411196487
-1.25 -1 93 94 9.268789624997776 0.01863503005919318
-1.25 -1 94 95 8.815977129984162 0.01476755342679673
-1.25 -1 95 96 8.378469813613016 0.01189098521876041
-1.25 -1 96 97 7.956209377747328 0.009354166947514944
-1.25 -1 97 98 7.549102917081623 0.007218619355600748
-1.25 -1 98 99 7.15702510663262 0.005587711845432848
-1.25 -1 99 100 6.779820390317433 0.004940229155267462
-1 -0.75 50 51 41.43536238551897 0.1276940315375067
-1 -0.75 51 52 40.29704875138444 0.1286078819882166
-1 -0.75 52 53 39.18084480343134 0.1255686981638601
-1 -0.75 53 54 38.08801121974577 0.1190721413212574
-1 -0.75 54 55 37.01949727439077 0.1095866967113205
-1 -0.75 55 56 35.97587184013807 0.09835200776387565
-1 -0.75 56 57 34.95708944792582 0.08915265404031107
-1 -0.75 57 58 33.96334677447268 0.08273722963622371
-1 -0.75 58 59 32.99483589325268 0.07879089990771662
-1 -0.75 59 60 32.05159834782225 0.07697539486933457
-1 -0.75 60 61 31.13335628594908 0.07526578009464444
-1 -0.75 61 62 30.23958118203288 0.07110015439087519
-1 -0.75 62 63 29.37007107907564 0.0647290188073221
-1 -0.75 63 64 28.52425540661798 0.0587257948430292
-1 -0.75 64 65 27.70152661040727 0.05478527080205286
-1 -0.75 65 66 26.90110171788427 0.05004401530794197
-1 -0.75 66 67 26.12192389272529 0.04559752270661686
-1 -0.75 67 68 25.3623893072548 0.0412463669925202
-1 -0.75 68 69 24.61913406214065 0.03711982546765404
-1 -0.75 69 70 23.88628256102307 0.03318710475119017
-1 -0.75 70 71 23.15935860481341 0.02948160431365061
-1 -0.75 71 72 22.43137542447971 0.06252794364867306
-1 -0.75 72 73 21.71476795868583 0.03195018017046782
-1 -0.75 73 74 21.00381425626054 0.01776764566220069
-1 -0.75 74 75 20.29949716668953 0.01538383056436968
-1 -0.75 75 76 19.60241340627296 0.02040347815825817
-1 -0.75 76 77 18.91339475758511 0.03034749227839917
-1 -0.75 77 78 18.23335437473713 0.03900372687851426
-1 -0.75 78 79 17.56314479607624 0.0461165925390147
-1 -0.75 79 80 16.90355364432287 0.05193611144493582
-1 -0.75 80 81 16.26049930568484 0.03414962351179134
-1 -0.75 81 82 15.62058071102424 0.01130557804711604
-1 -0.75 82 83 14.99636909357501 0.01045616359156402
-1 -0.75 83 84 14.38516273130844 0.009816297663103185
-1 -0.75 84 85 13.78745236857838 0.009312755098577532
-1 -0.75 85 86 13.20367155734825 0.008877764240973357
-1 -0.75 86 87 12.5883015293026 0.02890012585521156
-1 -0.75 87 88 12.03655681373973 0.02707696287801964
-1 -0.75 88 89 11.53933872192517 0.007688536862166604
-1 -0.75 89 90 11.01441398901125 0.007329101349685699
-1 -0.75 90 91 10.5047357422235 0.006986619944531614
-1 -0.75 91 92 10.00994541904086 0.01658801564277964
-1 -0.75 92 93 9.531168426915862 0.01361770620295468
-1 -0.75 93 94 9.067894601992755 0.01085076480585684
-1 -0.75 94 95 8.620447988229309 0.01854185089852203
-1 -0.75 95 96 8.187993153256386 0.01461590528515567
-1 -0.75 96 97 7.770889649134268 0.01157116633478059
-1 -0.75 97 98 7.369026132483004 0.00904725023519666
-1 -0.75 98 99 6.982259393240483 0.00689333977798425
-1 -0.75 99 100 6.610416598720361 0.005193944595313074
-0.75 -0.5 50 51 41.13773130061276 0.1287748299556476
-0.75 -0.5 51 52 40.01193376947356 0.1297759449512178
-0.75 -0.5 52 53 38.90713389202196 0.1268087729216437
-0.75 -0.5 53 54 37.82470829681014 0.1203002888303039
-0.75 -0.5 54 55 36.76570949968394 0.1119828732098371
-0.75 -0.5 55 56 35.73079894682292 0.1039497622466214
-0.75 -0.5 56 57 34.72001583993125 0.09727068271397005
-0.75 -0.5 57 58 33.73363129655374 0.09228753546334763
-0.75 -0.5 58 59 32.77190324277845 0.08875000868428086
-0.75 -0.5 59 60 31.83493182986336 0.08644307682720073
-0.75 -0.5 60 61 30.92249472866865 0.08425329904415563
-0.75 -0.5 61 62 30.03411264502532 0.08073038621471
-0.75 -0.5 62 63 29.16962630534351 0.07605625463183181
-0.75 -0.5 63 64 28.3285053313362 0.07168556528791861
-0.75 -0.5 64 65 27.51017924436729 0.06847290665086299
-0.75 -0.5 65 66 26.71389909382856 0.06491283386317011
-0.75 -0.5 66 67 25.93864109665262 0.06159227170409508
-0.75 -0.5 67 68 25.18283919705853 0.05838687593216204
-0.75 -0.5 68 69 24.44317673386973 0.05537645456929374
-0.75 -0.5 69 70 23.71384010114494 0.05252288441649939
-0.75 -0.5 70 71 22.990399859047 0.04983780518710931
-0.75 -0.5 71 72 22.26621921507731 0.07477838592207411
-0.75 -0.5 72 73 21.55303799502408 0.05443500171265236
-0.75 -0.5 73 74 20.84551973915674 0.04278936822959314
-0.75 -0.5 74 75 20.1446497903645 0.03817759356123637
-0.75 -0.5 75 76 19.45102733662733 0.03776696421418825
-0.75 -0.5 76 77 18.76548566097692 0.03979661684838058
-0.75 -0.5 77 78 18.08893758250069 0.04291942808874841
-0.75 -0.5 78 79 17.42223474081871 0.0462931988576458
-0.75 -0.5 79 80 16.76616324067495 0.04950219441623886
-0.75 -0.5 80 81 16.12144464419012 0.05457499694061197
-0.75 -0.5 81 82 15.49023846016991 0.02941758817389274
-0.75 -0.5 82 83 14.86958514928368 0.02809199770128696
-0.75 -0.5 83 84 14.26193673966784 0.02687147616267956
-0.75 -0.5 84 85 13.66778051284235 0.02572281856109587
-0.75 -0.5 85 86 13.08754634795557 0.02462644692731019
-0.75 -0.5 86 87 12.4764553157752 0.03953962449967104
-0.75 -0.5 87 88 11.92806468551331 0.03685376052802323
-0.75 -0.5 88 89 11.43376914594749 0.02151118436631261
-0.75 -0.5 89 90 10.91083988015476 0.001951015555810568
-0.75 -0.5 90 91 10.40465072423835 0.002002064348257844
-0.75 -0.5 91 92 9.913329187171946 0.0172094456885583
-0.75 -0.5 92 93 9.437971490148204 0.01415901223834307
-0.75 -0.5 93 94 8.97843965127965 0.02283282243556919
-0.75 -0.5 94 95 8.533898237761949 0.01852922273629992
-0.75 -0.5 95 96 8.10473815925776 0.01456755813247548
-0.75 -0.5 96 97 7.690878453901611 0.01097779702701602
-0.75 -0.5 97 98 7.292204236044686 0.007800210055617645
-0.75 -0.5 98 99 6.908568962218666 0.005249743650999865
-0.75 -0.5 99 100 6.539796688988357 0.00326819152725459
-0.5 -0.25 50 51 41.2710503758268 0.1365017478000091
-0.5 -0.25 51 52 40.14463990567282 0.1350730328978501
-0.5 -0.25 52 53 39.03878614188068 0.1314224548009864
-0.5 -0.25 53 54 37.95493116480799 0.125784036796715
-0.5 -0.25 54 55 36.89418486747857 0.1184674591462342
-0.5 -0.25 55 56 35.85725877634667 0.1102953887449315
-0.5 -0.25 56 57 34.84423511441648 0.1034589202344612
-0.5 -0.25 57 58 33.85542340977292 0.09827780950014944
-0.5 -0.25 58 59 32.89111550488818 0.09450423073193312
-0.5 -0.25 59 60 31.95144108818326 0.09193021704001524
-0.5 -0.25 60 61 31.03620425083034 0.08948510655898581
-0.5 -0.25 61 62 30.14494756922304 0.08576913157999268
-0.5 -0.25 62 63 29.27753192366595 0.08095896296782704
-0.5 -0.25 63 64 28.43344364700911 0.07645773287080861
-0.5 -0.25 64 65 27.61212708169776 0.07308188463787493
-0.5 -0.25 65 66 26.81284492454051 0.06938617412062992
-0.5 -0.25 66 67 26.03458219618589 0.06593257431692169
-0.5 -0.25 67 68 25.27577920236364 0.06260093145303806
-0.5 -0.25 68 69 24.53311635235481 0.05946536211131357
-0.5 -0.25 69 70 23.80076579721175 0.05648706971310295
-0.5 -0.25 70 71 23.07428904682337 0.05367546669001266
-0.5 -0.25 71 72 22.3479332124172 0.07680422203138797
-0.5 -0.25 72 73 21.63166626287052 0.05677350143022573
-0.5 -0.25 73 74 20.92106150435974 0.04564412848484348
-0.5 -0.25 74 75 20.2171143578425 0.0414927552968616
-0.5 -0.25 75 76 19.52043207071182 0.04122055901827305
-0.5 -0.25 76 77 18.83185682452478 0.04328469388140287
-0.5 -0.25 77 78 18.15230980000555 0.04636601853414891
-0.5 -0.25 78 79 17.48265033780427 0.04967827836714717
-0.5 -0.25 79 80 16.82367151306629 0.05282732786055688
-0.5 -0.25 80 81 16.17610115428059 0.05693825846852325
-0.5 -0.25 81 82 15.5414479136287 0.03177556648719057
-0.5 -0.25 82 83 14.91809234848152 0.03033015812475337
-0.5 -0.25 83 84 14.30781158692745 0.02898793726235835
-0.5 -0.25 84 85 13.71109663456064 0.02771920928248689
-0.5 -0.25 85 86 13.12838054795951 0.02649325072872183
-0.5 -0.25 86 87 12.51294256144276 0.03808989452986609
-0.5 -0.25 87 88 11.96026048684465 0.02576028216760389
-0.5 -0.25 88 89 11.42508648325479 0.02928237111604954
-0.5 -0.25 89 90 10.94209337806676 0.002322540289108254
-0.5 -0.25 90 91 10.43384230287107 0.002354493488856248
-0.5 -0.25 91 92 9.941014425527435 0.002383943627492355
-0.5 -0.25 92 93 9.463316282852158 0.01541721890741276
-0.5 -0.25 93 94 9.001613495741893 0.01248739045872704
-0.5 -0.25 94 95 8.556045982340287 0.02040834693156303
-0.5 -0.25 95 96 8.125234929480637 0.01630214547613921
-0.5 -0.25 96 97 7.709807982086048 0.01256245771797276
-0.5 -0.25 97 98 7.309648794268476 0.009218040068685058
-0.5 -0.25 98 99 6.924609146681739 0.006448232265386939
-0.5 -0.25 99 100 6.554511228693627 0.004251129191404694
-0.25 0 50 51 41.47634844863239 0.135609216261749
-0.25 0 51 52 40.34098634265717 0.1343758260524894
-0.25 0 52 53 39.22642554871652 0.1308563834944248
-0.25 0 53 54 38.13411117164179 0.1252949178280804
-0.25 0 54 55 37.06515438766016 0.118009195754786
-0.25 0 55 56 36.02026587578368 0.1098390924970258
-0.25 0 56 57 34.99952346196562 0.1030250965879942
-0.25 0 57 58 34.00323378871101 0.09789614933981129
-0.25 0 58 59 33.0316859270973 0.09419941860536696
-0.25 0 59 60 32.0850060188705 0.09172155744669762
-0.25 0 60 61 31.16299284672198 0.08936692311988841
-0.25 0 61 62 30.26518201183598 0.0857059949799405
-0.25 0 62 63 29.39143002962984 0.08092063027770553
-0.25 0 63 64 28.54121675516973 0.07644497527620499
-0.25 0 64 65 27.71398019326625 0.07311399881332845
-0.25 0 65 66 26.90897614700179 0.06945183496734172
-0.25 0 66 67 26.12518196105552 0.06603330321608648
-0.25 0 67 68 25.36102943558215 0.06273684006285513
-0.25 0 68 69 24.61318574540346 0.05963930794441034
-0.25 0 69 70 23.87580468072224 0.05670165281557497
-0.25 0 70 71 23.14443617417905 0.0539330082331011
-0.25 0 71 72 22.41275369170178 0.07799716318942236
-0.25 0 72 73 21.69189751561149 0.05766601039793194
-0.25 0 73 74 20.97684769125841 0.04631359154442694
-0.25 0 74 75 20.26860376121951 0.04202319359407456
-0.25 0 75 76 19.56777586426695 0.04171876181849546
-0.25 0 76 77 18.87520930467613 0.04379620135612424
-0.25 0 77 78 18.19182782167383 0.04692783315994072
-0.25 0 78 79 17.51849268669318 0.05030836750142143
-0.25 0 79 80 16.85599825512995 0.05353178636507583
-0.25 0 80 81 16.20507301314141 0.05770075410312198
-0.25 0 81 82 15.56757791420807 0.03250619739665503
-0.25 0 82 83 14.94117070544755 0.03109324186744465
-0.25 0 83 84 14.32799883808661 0.02978100423087401
-0.25 0 84 85 13.72855183588864 0.02853934175387614
-0.25 0 85 86 13.14326080554099 0.02733804850027423
-0.25 0 86 87 12.52572955671992 0.02614527286155499
-0.25 0 87 88 11.97280455566354 0.02320049569889214
-0.25 0 88 89 11.43546466451637 0.02666989237125456
-0.25 0 89 90 10.95108008899097 0.001576145554639403
-0.25 0 90 91 10.44092970380954 0.001666286133682567
-0.25 0 91 92 9.946338411682966 0.001748849708578128
-0.25 0 92 93 9.466952303013997 0.01569404295290263
-0.25 0 93 94 9.003748291184646 0.01273703405148772
-0.25 0 94 95 8.556839630624687 0.02094626709814872
-0.25 0 95 96 8.124770656939351 0.01679887380495235
-0.25 0 96 97 7.708198762072819 0.01301840355919944
-0.25 0 97 98 7.307002742231134 0.009633259227926167
-0.25 0 98 99 6.921029454118592 0.006693565656866371
-0.25 0 99 100 6.550096122358248 0.004372055082830954
0 0.25 50 51 41.49734552370157 0.1356144730743831
0 0.25 51 52 40.36071395634261 0.1343811544164641
0 0.25 52 53 39.24495629475513 0.1308615175746763
0 0.25 53 54 38.15151293206861 0.1252996367390109
0 0.25 54 55 37.08149067771859 0.1180133230650127
0 0.25 55 56 36.03559611336738 0.1098425425414196
0 0.25 56 57 35.01390311085564 0.1030280114789643
0 0.25 57 58 34.01671482105169 0.09789870114674672
0 0.25 58 59 33.04431713339167 0.09420174776579057
0 0.25 59 60 32.09683322837455 0.09172377558546008
0 0.25 60 61 31.17405904899192 0.0893690350516103
0 0.25 61 62 30.27552752524673 0.08570788178262734
0 0.25 62 63 29.40109281193884 0.08092219854141455
0 0.25 63 64 28.55023247456103 0.07644625756555637
0 0.25 64 65 27.72238238891333 0.07311509439261928
0 0.25 65 66 26.91679635000915 0.069452723248174
0 0.25 66 67 26.13244977555527 0.06603400925278399
0 0.25 67 68 25.36777253248189 0.06273738033987296
0 0.25 68 69 24.61942960293146 0.05963970472574571
0 0.25 69 70 23.88157221736869 0.05670192609379608
0 0.25 70 71 23.14974840731338 0.05393317858136278
0 0.25 71 72 22.41763053048611 0.07799949379176294
0 0.25 72 73 21.696358912867 0.05766692611883803
0 0.25 73 74 20.98091284943969 0.04631373627996997
0 0.25 74 75 20.27229157347102 0.04202318437949275
0 0.25 75 76 19.57110483999995 0.0417189579177016
0 0.25 76 77 18.87819761094845 0.04379673645971212
0 0.25 77 78 18.19449329236193 0.04692868461770096
0 0.25 78 79 17.52085280025155 0.05030945334942367
0 0.25 79 80 16.85807011330688 0.05353301651027992
0 0.25 80 81 16.20687332102975 0.05770201990252258
0 0.25 81 82 15.56912236700413 0.03250613480678829
0 0.25 82 83 14.94247571572964 0.03109320386629227
0 0.25 83 84 14.32907981596112 0.02978098793948991
0 0.25 84 85 13.72942373508206 0.02853934608092615
0 0.25 85 86 13.14393811044496 0.02733805532950652
0 0.25 86 87 12.52622625787697 0.02614111056863408
0 0.25 87 88 11.97313437399085 0.02319759425673898
0 0.25 88 89 11.43564060077382 0.02666832794936264
0 0.25 89 90 10.9511141124677 0.001576388630616547
0 0.25 90 91 10.44083418110335 0.001666536315485523
0 0.25 91 92 9.946124837583245 0.001749103700803867
0 0.25 92 93 9.466631661156221 0.01569407257771629
0 0.25 93 94 9.003331054345651 0.01273707167893701
0 0.25 94 95 8.556336139125392 0.02094575900254306
0 0.25 95 96 8.124189968771486 0.01679832284559927
0 0.25 96 97 7.707549835799245 0.01301782545495351
0 0.25 97 98 7.306294041550672 0.009632668073461106
0 0.25 98 99 6.920268955086172 0.006692976535041324
0 0.25 99 100 6.549291321812131 0.00437150672345055
0.25 0.5 50 51 41.33344068753115 0.1365161438281357
0.25 0.5 51 52 40.20325706435833 0.1350876703273898
0.25 0.5 52 53 39.09384574153086 0.1314365675377906
0.25 0.5 53 54 38.00663483228891 0.1257969881418635
0.25 0.5 54 55 36.94272128101798 0.1184787428090932
0.25 0.5 55 56 35.90280446342467 0.110304762585097
0.25 0.5 56 57 34.88695488156753 0.1034667940546508
0.25 0.5 57 58 33.89547170370597 0.09828467542397641
0.25 0.5 58 59 32.92863732721165 0.0945104886090308
0.25 0.5 59 60 31.98657264816833 0.09193618418494692
0.25 0.5 60 61 31.06907332794631 0.08949079637370784
0.25 0.5 61 62 30.1756740135869 0.08577420484566237
0.25 0.5 62 63 29.30622857256387 0.0809631544469004
0.25 0.5 63 64 28.46021653713251 0.07646113787938584
0.25 0.5 64 65 27.63707592468185 0.07308478708835987
0.25 0.5 65 66 26.83606346202696 0.06938851426999278
0.25 0.5 66 67 26.05615843702665 0.06593442386806934
0.25 0.5 67 68 25.29579539896152 0.06260233702768547
0.25 0.5 68 69 24.55164822539173 0.05946638648473429
0.25 0.5 69 70 23.81788145364243 0.05648776868978569
0.25 0.5 70 71 23.0900509560341 0.05367589721416122
0.25 0.5 71 72 22.36240066173208 0.07680161268677421
0.25 0.5 72 73 21.64489842600715 0.05676955843546435
0.25 0.5 73 74 20.93311548912567 0.04564130895314934
0.25 0.5 74 75 20.22804635550457 0.04149272791280916
0.25 0.5 75 76 19.53029713506683 0.04122304813791658
0.25 0.5 76 77 18.84070899400349 0.04328935929193053
0.25 0.5 77 78 18.16020212423305 0.04637205907752936
0.25 0.5 78 79 17.48963481121245 0.04968501160012165
0.25 0.5 79 80 16.82979901137176 0.0528342519089197
0.25 0.5 80 81 16.18142137484124 0.0569448669021044
0.25 0.5 81 82 15.54600800894875 0.03177542897442333
0.25 0.5 82 83 14.92194073169349 0.03033007657946026
0.25 0.5 83 84 14.31099410357636 0.02898790383702972
0.25 0.5 84 85 13.713657773398 0.02771922285846399
0.25 0.5 85 86 13.13036340234893 0.02649327197083851
0.25 0.5 86 87 12.51438752868344 0.03807532178305125
0.25 0.5 87 88 11.96120993855077 0.02574601341165748
0.25 0.5 88 89 11.42557906793343 0.02927333364462206
0.25 0.5 89 90 10.9421650390419 0.002323031685654322
0.25 0.5 90 91 10.43352921668167 0.002355020316511523
0.25 0.5 91 92 9.940350793382748 0.002384497552104955
0.25 0.5 92 93 9.462334785088206 0.01541730849836259
0.25 0.5 93 94 9.000345292620736 0.01248750440889495
0.25 0.5 94 95 8.55452110927159 0.02040571174199913
0.25 0.5 95 96 8.123481066196 0.01629925105232342
0.25 0.5 96 97 7.707851784826239 0.01255935499419536
0.25 0.5 97 98 7.307515446278373 0.009214770346828343
0.25 0.5 98 99 6.922322379680878 0.006444909545250931
0.25 0.5 99 100 6.552093347826364 0.004247983826852252
0.5 0.75 50 51 41.23822166980224 0.1287987270009807
0.5 0.75 51 52 40.10630189492912 0.12979989591946
0.5 0.75 52 53 38.99572950613782 0.1268318501029731
0.5 0.75 53 54 37.90785852753331 0.1203217392290223
0.5 0.75 54 55 36.84372051314466 0.1120018756976036
0.5 0.75 55 56 35.80395724121436 0.103965700697314
0.5 0.75 56 57 34.78858896285575 0.09728420205793063
0.5 0.75 57 58 33.7978700203607 0.09229942099046745
0.5 0.75 58 59 32.83204303256272 0.08876090261978054
0.5 0.75 59 60 31.89119389779094 0.08645348950467577
0.5 0.75 60 61 30.97508663129705 0.0842632449137176
0.5 0.75 61 62 30.08322909806554 0.08073930588674424
0.5 0.75 62 63 29.21545064783288 0.07606370802762034
0.5 0.75 63 64 28.3712098796785 0.07169170334451694
0.5 0.75 64 65 27.54992606272825 0.06847819641273867
0.5 0.75 65 66 26.75084057348464 0.06491717166285947
0.5 0.75 66 67 25.97292035013122 0.06159577345846201
0.5 0.75 67 68 25.21459004158048 0.05838961551874881
0.5 0.75 68 69 24.47252248842061 0.05537853391165316
0.5 0.75 69 70 23.74089189662897 0.05252439416801431
0.5 0.75 70 71 23.0152597899759 0.04983883888426011
0.5 0.75 71 72 22.28898364461804 0.07477979351496108
0.5 0.75 72 73 21.57380425158203 0.0544330409102498
0.5 0.75 73 74 20.86438120352915 0.0427870875475008
0.5 0.75 74 75 20.16169832786188 0.03817710211105423
0.5 0.75 75 76 19.46635293963698 0.03776882263697069
0.5 0.75 76 77 18.77917664436031 0.03980036128189297
0.5 0.75 77 78 18.1010806242338 0.04292422720387374
0.5 0.75 78 79 17.4329147730879 0.04629830952075035
0.5 0.75 79 80 16.77546334575241 0.04950706219075252
0.5 0.75 80 81 16.12944595684802 0.05457906102127358
0.5 0.75 81 82 15.49701859328741 0.02941740128272187
0.5 0.75 82 83 14.87522243740577 0.02809187564350496
0.5 0.75 83 84 14.26650595891476 0.02687141204787713
0.5 0.75 84 85 13.67135420108544 0.02572284412157924
0.5 0.75 85 86 13.09019474217711 0.02462648589332875
0.5 0.75 86 87 12.47825117118614 0.03950511172085545
0.5 0.75 87 88 11.92906984893765 0.03682809291139069
0.5 0.75 88 89 11.43403929514583 0.02151126330520852
0.5 0.75 89 90 10.91044170624269 0.001951983566213445
0.5 0.75 90 91 10.40364231991158 0.002003086202929719
0.5 0.75 91 92 9.911766149540657 0.01720957192594981
0.5 0.75 92 93 9.435906915726811 0.01415917232873628
0.5 0.75 93 94 8.975924394825253 0.02282410449862009
0.5 0.75 94 95 8.530980046440156 0.01852014128048049
0.5 0.75 95 96 8.101462681920903 0.01455819204377546
0.5 0.75 96 97 7.687288892127452 0.01096820179914308
0.5 0.75 97 98 7.288341374093264 0.007790429864271676
0.5 0.75 98 99 6.904471203130829 0.005240177776934597
0.5 0.75 99 100 6.535500096524679 0.003259722958522754
0.75 1 50 51 41.56862563218615 0.1277208270070556
0.75 1 51 52 40.42201653270959 0.1286350169010021
0.75 1 52 53 39.29799352894318 0.1255949404364511
0.75 1 53 54 38.19778640195324 0.119096478880144
0.75 1 54 55 37.12231578580449 0.1096083188786113
0.75 1 55 56 36.07212370140618 0.0983705001374659
0.75 1 56 57 35.04713885223967 0.08916863552881528
0.75 1 57 58 34.04753502985233 0.08275147760632225
0.75 1 58 59 33.0734834180715 0.07880406285679076
0.75 1 59 60 32.1250061143065 0.0769879911115216
0.75 1 60 61 31.20180666357814 0.07527782249925814
0.75 1 61 62 30.30333906410155 0.07111106612921592
0.75 1 62 63 29.429385846023 0.06473833202973961
0.75 1 63 64 28.57936144364604 0.05873363907758258
0.75 1 64 65 27.75264436208288 0.05479212624759637
0.75 1 65 66 26.94843849611924 0.0500497491713638
0.75 1 66 67 26.16567444680024 0.04560224221379073
0.75 1 67 68 25.40273587720922 0.04125012607291166
0.75 1 68 69 24.65624494992369 0.03712271627631854
0.75 1 69 70 23.92031013932771 0.03318920453269977
0.75 1 70 71 23.19044346724783 0.02948299902275915
0.75 1 71 72 22.4596514942308 0.06254867065494181
0.75 1 72 73 21.74036831999298 0.03196494503025164
0.75 1 73 74 21.02686771836935 0.01777362132276553
0.75 1 74 75 20.3201303596274 0.01538143320460775
0.75 1 75 76 19.62075032905562 0.02039888062749621
0.75 1 76 77 18.92955701433095 0.0303436262424105
0.75 1 77 78 18.24746121197406 0.03900032499945052
0.75 1 78 79 17.57531295428878 0.04611325813836017
0.75 1 79 80 16.91389721667652 0.05193251089732701
0.75 1 80 81 16.26912784559393 0.03414935576418934
0.75 1 81 82 15.62760431975784 0.011305010477453
0.75 1 82 83 15.00189315720508 0.01045580208622362
0.75 1 83 84 14.38928954026866 0.009816121129408441
0.75 1 84 85 13.79028104564814 0.009312862441336413
0.75 1 85 86 13.20529797509812 0.008877923492815031
0.75 1 86 87 12.58883222136983 0.0288900506913938
0.75 1 87 88 12.03606801932225 0.02707895097414354
0.75 1 88 89 11.53790009193246 0.007688850475220586
0.75 1 89 90 11.01212284356306 0.007329464900854947
0.75 1 90 91 10.50167088702445 0.006987030798722088
0.75 1 91 92 10.00618216714942 0.01658819849191774
0.75 1 92 93 9.526778596249951 0.01361793763076768
0.75 1 93 94 9.062946523041624 0.01085106227289286
0.75 1 94 95 8.615006304468306 0.01852607059115909
0.75 1 95 96 8.182119386711523 0.01460002199123546
0.75 1 96 97 7.764641832958713 0.01155593828803759
0.75 1 97 98 7.362458941887724 0.009033315261302511
0.75 1 98 99 6.975424199739383 0.006881368870027852
0.75 1 99 100 6.60336153229194 0.005185116578389153
1 1.25 50 51 41.7238994740664 0.1211411182065382
1 1.25 51 52 40.58160251088535 0.1220267931151919
1 1.25 52 53 39.46209970931986 0.1190870033031872
1 1.25 53 54 38.36655737386241 0.1128058479425298
1 1.25 54 55 37.29584172171852 0.1036405775810134
1 1.25 55 56 36.25045040722705 0.09279279260313807
1 1.25 56 57 35.23028193233515 0.08392006759572995
1 1.25 57 58 34.23547755317352 0.07774342779927405
1 1.25 58 59 33.26617820422683 0.07396461451217344
1 1.25 59 60 32.32238063935444 0.07222967710350928
1 1.25 60 61 31.40376669285448 0.07060581618241146
1 1.25 61 62 30.50977434836105 0.0666117084846647
1 1.25 62 63 29.64016954775661 0.06165163568870002
1 1.25 63 64 28.79435198455013 0.05727356164150675
1 1.25 64 65 27.97168649250686 0.05411709542929381
1 1.25 65 66 27.1713649803267 0.05056657703119537
1 1.25 66 67 26.39230598489581 0.04725403987945569
1 1.25 67 68 25.63287458260841 0.04404463487857147
1 1.25 68 69 24.88966020265798 0.04102957279144868
1 1.25 69 70 24.15670656823187 0.03817270107099013
1 1.25 70 71 23.44596469829277 0.05604966053627455
1 1.25 71 72 22.70254944073963 0.058184998253929
1 1.25 72 73 21.98497884877669 0.03676714903759497
1 1.25 73 74 21.27277507911593 0.02626759636677106
1 1.25 74 75 20.56691997783165 0.02390358449934407
1 1.25 75 76 19.86800517490896 0.02612163784977483
1 1.25 76 77 19.17686299032201 0.03020070556406631
1 1.25 77 78 18.4944124189547 0.0369354496501475
1 1.25 78 79 17.8215131752867 0.04335813425948518
1 1.25 79 80 17.15896141662139 0.04857339297294506
1 1.25 80 81 16.5045474155276 0.04502801128193182
1 1.25 81 82 15.86847672205983 0.01651507858414339
1 1.25 82 83 15.24061193343609 0.01545436903395333
1 1.25 83 84 14.62552025696937 0.01452860916688119
1 1.25 84 85 13.97854354711591 0.03654268279804648
1 1.25 85 86 13.3925640212452 0.02325923684844018
1 1.25 86 87 12.82118321957412 0.01756191695408192
1 1.25 87 88 12.26465349498102 0.01708964624301494
1 1.25 88 89 11.72324186189039 0.02126179438955794
1 1.25 89 90 11.22738819509205 0.009977796171017666
1 1.25 90 91 10.71260938194435 0.00933778924600177
1 1.25 91 92 10.21262855115851 0.01464490272626472
1 1.25 92 93 9.729371077177742 0.02299177744273569
1 1.25 93 94 9.260604206873673 0.01862065758053458
1 1.25 94 95 8.8072445270145 0.01475269059339683
1 1.25 95 96 8.369266113290042 0.01187667665439439
1 1.25 96 97 7.946606308976957 0.00934106155369189
1 1.25 97 98 7.539167913939135 0.007207693540601045
1 1.25 98 99 7.146821382758814 0.005580492937722929
1 1.25 99 100 6.769407023217287 0.004940977230103227
1.25 1.5 50 51 41.17169962989828 0.1145232183169749
1.25 1.5 51 52 40.03834216523623 0.1145845309106377
1.25 1.5 52 53 38.92845105098624 0.1117149148913493
1.25 1.5 53 54 37.84306233511819 0.1062566564890676
1.25 1.5 54 55 36.7829291681584 0.1000941676756336
1.25 1.5 55 56 35.74845122501449 0.09319943522621921
1.25 1.5 56 57 34.73944284576373 0.08752821047550208
1.25 1.5 57 58 33.75597237796998 0.08333353646947933
1.25 1.5 58 59 32.79811768328605 0.08036639187173036
1.25 1.5 59 60 31.86582162467704 0.07842213750312706
1.25 1.5 60 61 30.95872296782838 0.07657560739106609
1.25 1.5 61 62 30.07622850563916 0.07365038897792099
1.25 1.5 62 63 29.21806954453484 0.06982767894259148
1.25 1.5 63 64 28.38362389826918 0.06629575341993414
1.25 1.5 64 65 27.57223808194603 0.06370601955252089
1.25 1.5 65 66 26.78309182511606 0.06087818180563251
1.25 1.5 66 67 26.01509832257479 0.0582674197307816
1.25 1.5 67 68 25.26662470579117 0.05577681199137747
1.25 1.5 68 69 24.53429086386214 0.0534604636131996
1.25 1.5 69 70 23.81220834001189 0.05128241938717931
1.25 1.5 70 71 23.11154774414342 0.0518039662097781
1.25 1.5 71 72 22.38238939752151 0.06182699161322431
1.25 1.5 72 73 21.67567406673483 0.04808414900165588
1.25 1.5 73 74 20.97432364146582 0.04246343550902722
1.25 1.5 74 75 20.27929209567752 0.041797783881082
1.25 1.5 75 76 19.59114803699666 0.04331728052713928
1.25 1.5 76 77 18.91047149560319 0.03054863489141843
1.25 1.5 77 78 18.23858855709251 0.03794015726060406
1.25 1.5 78 79 17.5761340341309 0.04393158679412955
1.25 1.5 79 80 16.92388342323584 0.04875972441744077
1.25 1.5 80 81 16.28490972056957 0.02989544403396502
1.25 1.5 81 82 15.65203286048653 0.001978450975465006
1.25 1.5 82 83 15.03400925862724 0.0008159460664806244
1.25 1.5 83 84 14.42854384824049 0.001095950799166878
1.25 1.5 84 85 13.8361288195576 0.00164073307966837
1.25 1.5 85 86 13.25720127687045 0.001978349562160486
1.25 1.5 86 87 12.69214325259695 0.002057071258316066
1.25 1.5 87 88 12.14127260493239 0.001958083451434895
1.25 1.5 88 89 11.60483873941421 0.001851246070727487
1.25 1.5 89 90 11.08306961953196 0.001760229958347408
1.25 1.5 90 91 10.57579287206017 0.01509289612961391
1.25 1.5 91 92 10.08392456906001 0.01221946039588876
1.25 1.5 92 93 9.607152572247564 0.009545964237054661
1.25 1.5 93 94 9.146776598329367 0.01923248485580332
1.25 1.5 94 95 8.700127598629042 0.0154608040228032
1.25 1.5 95 96 8.268587251367389 0.01207118221279952
1.25 1.5 96 97 7.852094868611832 0.009119641111028457
1.25 1.5 97 98 7.450555993897328 0.00670663472600808
1.25 1.5 98 99 7.06384453636198 0.005032345055649434
1.25 1.5 99 100 6.691804906238831 0.004374386408779363
1.5 1.75 50 51 41.71552646277812 0.104738057614724
1.5 1.75 51 52 40.54722770550333 0.1053978584024511
1.5 1.75 52 53 39.40531153980049 0.1025682745319176
1.5 1.75 53 54 38.29054065528456 0.09670266185915474
1.5 1.75 54 55 37.20342251698287 0.08823118276977834
1.5 1.75 55 56 36.14413373961813 0.07826173640490748
1.5 1.75 56 57 35.11228055180567 0.07012273422173758
1.5 1.75 57 58 34.10774855773991 0.06445684396846346
1.5 1.75 58 59 33.13045296974076 0.06097344806851387
1.5 1.75 59 60 32.18019002703127 0.05936693596462753
1.5 1.75 60 61 31.25645616804707 0.05786958249264059
1.5 1.75 61 62 30.35852792384283 0.05426306195664477
1.5 1.75 62 63 29.48602716812422 0.0487758493137978
1.5 1.75 63 64 28.63822760669137 0.04363714336462136
1.5 1.75 64 65 27.81438000037448 0.04029907113590592
1.5 1.75 65 66 27.01357846666218 0.0363019360597652
1.5 1.75 66 67 26.23465645332314 0.03257926484513593
1.5 1.75 67 68 25.47589908433488 0.02897017226320482
1.5 1.75 68 69 24.73383779884882 0.0255748867233356
1.5 1.75 69 70 23.98821176447429 0.0620465738739851
1.5 1.75 70 71 23.28034609696759 0.05332138805196567
1.5 1.75 71 72 22.56016218280905 0.02549062975091427
1.5 1.75 72 73 21.84496654610734 0.01193989620663279
1.5 1.75 73 74 21.13543872045652 0.02270797338440628
1.5 1.75 74 75 20.43252017842043 0.03330279330655202
1.5 1.75 75 76 19.73677349731035 0.04167304313173689
1.5 1.75 76 77 19.04899612919429 0.04844778909174289
1.5 1.75 77 78 18.37180004538201 0.02304207030046011
1.5 1.75 78 79 17.70199285321502 0.02562775128814519
1.5 1.75 79 80 17.0424050881513 0.02760145676540874
1.5 1.75 80 81 16.39100179138919 0.003570606723639276
1.5 1.75 81 82 15.75506875354859 0.003991471231887123
1.5 1.75 82 83 15.13139508206919 0.004520587118379639
1.5 1.75 83 84 14.5204957440415 0.004950529793038335
1.5 1.75 84 85 13.92285701295772 0.005219089650671654
1.5 1.75 85 86 13.33891041735724 0.005316534160424409
1.5 1.75 86 87 12.76903277859494 0.00525580733616321
1.5 1.75 87 88 12.21353713782616 0.005095753884047128
1.5 1.75 88 89 11.67266870603522 0.004933418257179492
1.5 1.75 89 90 11.14665092848691 0.004781160440628561
1.5 1.75 90 91 10.63546112093302 0.0136525681089116
1.5 1.75 91 92 10.13969988864166 0.01090782842029183
1.5 1.75 92 93 9.65920640430155 0.008351955444850503
1.5 1.75 93 94 9.19402306202144 0.006011968681865551
1.5 1.75 94 95 8.744152879500575 0.004030405950643084
1.5 1.75 95 96 8.311134925686813 0.01409126747375941
1.5 1.75 96 97 7.891493779757345 0.01125032437774613
1.5 1.75 97 98 7.486965265118799 0.008727235679418441
1.5 1.75 98 99 7.097418930432994 0.006547697342724968
1.5 1.75 99 100 6.722694794813094 0.005484189704343706
1.75 2 50 51 41.68737986233444 0.1092097589817023
1.75 2 51 52 40.53742393544417 0.1095606434011276
1.75 2 52 53 39.41340691295878 0.1065676567584137
1.75 2 53 54 38.31604942842441 0.100672306894894
1.75 2 54 55 37.24582680200967 0.09229027924288911
1.75 2 55 56 36.20289580708555 0.08247617453723617
1.75 2 56 57 35.18686385723143 0.07439025410316369
1.75 2 57 58 34.19761048593756 0.06864527305006661
1.75 2 58 59 33.23504462247632 0.06496709562720987
1.75 2 59 60 32.29896106679917 0.06306412276134742
1.75 2 60 61 31.38886990075976 0.06126709986718193
1.75 2 61 62 30.50407355477759 0.05748370583814161
1.75 2 62 63 29.64419907006503 0.05193430775253301
1.75 2 63 64 28.80854047371265 0.04672448551918364
1.75 2 64 65 27.99636847718601 0.04322726402483443
1.75 2 65 66 27.20679772218439 0.03911301387796194
1.75 2 66 67 26.43868296065061 0.03527449851655758
1.75 2 67 68 25.69032272795285 0.03154821868855156
1.75 2 68 69 24.95824421592168 0.028038968342515
1.75 2 69 70 24.21677608618195 0.06124392047930994
1.75 2 70 71 23.5160599876437 0.05024024720161582
1.75 2 71 72 22.8045635686546 0.02361323791391748
1.75 2 72 73 22.09736464142308 0.0109258113680648
1.75 2 73 74 21.39511926990602 0.01938556625506828
1.75 2 74 75 20.6987637103234 0.02762677268782245
1.75 2 75 76 20.00884274698878 0.03532947602667147
1.75 2 76 77 19.32615026875636 0.04146037668176277
1.75 2 77 78 18.65157938581599 0.04622681124918092
1.75 2 78 79 17.99041102231896 0.02423499823549133
1.75 2 79 80 17.33355764325019 0.02560936822666327
1.75 2 80 81 16.68505381277519 0.005054182618601348
1.75 2 81 82 16.05041004656379 0.004060277116816556
1.75 2 82 83 15.42737993704996 0.003390981509152475
1.75 2 83 84 14.81649938672277 0.002966809569583432
1.75 2 84 85 14.21827813856484 0.002701338394776884
1.75 2 85 86 13.63317254173541 0.002468073092846905
1.75 2 86 87 13.06158548174239 0.002193005089993991
1.75 2 87 88 12.50385686814701 0.001877024313209016
1.75 2 88 89 11.96025965368261 0.00160586148763949
1.75 2 89 90 11.43056949496834 0.01306367185358528
1.75 2 90 91 10.91602523449868 0.01036603830611814
1.75 2 91 92 10.41624667260432 0.007831278587260073
1.75 2 92 93 9.931353434788793 0.005518886327962847
1.75 2 93 94 9.462306271573279 0.01485004190756651
1.75 2 94 95 9.007199331740459 0.01146531015476563
1.75 2 95 96 8.567070992481018 0.008642534826959139
1.75 2 96 97 8.141886002552088 0.006354737002109965
1.75 2 97 98 7.731574865238763 0.005062056872788363
1.75 2 98 99 7.336035854003253 0.00494491981333039
1.75 2 99 100 6.954521131571704 0.002459158645586167
2 2.25 50 51 41.93985832106989 0.107143145504188
2 2.25 51 52 40.73869698396337 0.1071857116928802
2 2.25 52 53 39.56797388989693 0.1040940539102669
2 2.25 53 54 38.42800049011433 0.09829136381423621
2 2.25 54 55 37.3188836170882 0.09017550928638486
2 2.25 55 56 36.24044981004494 0.08074099207026088
2 2.25 56 57 35.19201546172121 0.07294751257297886
2 2.25 57 58 34.17318998770463 0.06736391063813429
2 2.25 58 59 33.1836352575191 0.06372871482394496
2 2.25 59 60 32.22292243307953 0.06176443778477289
2 2.25 60 61 31.29034902656265 0.05990643455100307
2 2.25 61 62 30.38502360011337 0.05619796486538846
2 2.25 62 63 29.5064039569487 0.05084999381906938
2 2.25 63 64 28.65361888198684 0.04583313132774348
2 2.25 64 65 27.82578627904827 0.04242822480274117
2 2.25 65 66 27.02188064787514 0.03846069501039329
2 2.25 66 67 26.24062593702645 0.03476319128662554
2 2.25 67 68 25.48019551610001 0.03118144596288314
2 2.25 68 69 24.7370169650958 0.02781473502687537
2 2.25 69 70 24.00500276087617 0.02463650103254519
2 2.25 70 71 23.27356047445687 0.05201353091344341
2 2.25 71 72 22.55384954534409 0.02702510019114704
2 2.25 72 73 21.83939609401074 0.009680252086975417
2 2.25 73 74 21.13082968859116 0.009453742339323511
2 2.25 74 75 20.42904975218217 0.01876379871430849
2 2.25 75 76 19.73458709604859 0.02580312279294306
2 2.25 76 77 19.04820365025143 0.03134682762107361
2 2.25 77 78 18.37075184446374 0.03560593568563299
2 2.25 78 79 17.70303005265943 0.03879379920920695
2 2.25 79 80 17.04335700807343 0.03239230207451168
2 2.25 80 81 16.40163917143816 0.004846378191333828
2 2.25 81 82 15.76693244257283 0.00378225470526857
2 2.25 82 83 15.14446194632418 0.002960841425365111
2 2.25 83 84 14.53472739135165 0.002411470476671413
2 2.25 84 85 13.93820185932146 0.002171530829463997
2 2.25 85 86 13.35530572730362 0.001993145757315985
2 2.25 86 87 12.78640671092587 0.001849672490248748
2 2.25 87 88 12.23181011291586 0.001736657751089894
2 2.25 88 89 11.69175507560533 0.001659215178064089
2 2.25 89 90 11.16645999739919 0.01805789118368091
2 2.25 90 91 10.65570015591225 0.01729390407663538
2 2.25 91 92 10.16043558558167 0.01323321047323249
2 2.25 92 93 9.680314696122842 0.009459636641801272
2 2.25 93 94 9.215387530316978 0.006006835327279395
2 2.25 94 95 8.765664966272366 0.002933273692467545
2 2.25 95 96 8.331120663849291 0.001847868870750847
2 2.25 96 97 7.911693048626843 0.002796846850405641
2 2.25 97 98 7.507287324258517 0.004884221012783653
2 2.25 98 99 7.117777504041225 0.006748139982479803
2 2.25 99 100 6.742404137303438 0.006475904161131769
2.25 2.5 50 51 41.12669854686428 0.1005190552437842
2.25 2.5 51 52 39.92904574392176 0.1003733679236041
2.25 2.5 52 53 38.7634408419483 0.09728852946133074
2.25 2.5 53 54 37.62996378079916 0.09167039527122717
2.25 2.5 54 55 36.52851798998566 0.08389991408212288
2.25 2.5 55 56 35.45875176855277 0.07491206177353679
2.25 2.5 56 57 34.41982723143207 0.06786353270901421
2.25 2.5 57 58 33.41121674206543 0.06356857473971179
2.25 2.5 58 59 32.43246103358055 0.06044106577135432
2.25 2.5 59 60 31.48302531051205 0.05830092201017888
2.25 2.5 60 61 30.56211472377504 0.05627505235973318
2.25 2.5 61 62 29.66876233685346 0.05325489887978358
2.25 2.5 62 63 28.80235341693817 0.04939342322976738
2.25 2.5 63 64 27.96196156011982 0.04580485775151907
2.25 2.5 64 65 27.14665688287454 0.0431379077912904
2.25 2.5 65 66 26.35538073460285 0.04024907234742306
2.25 2.5 66 67 25.58684002118203 0.03758294695167193
2.25 2.5 67 68 24.83921384547675 0.03504644145934989
2.25 2.5 68 69 24.10900084018401 0.03269945941889773
2.25 2.5 69 70 23.38625873276487 0.04943742580986481
2.25 2.5 70 71 22.67494472322418 0.02805276036541685
2.25 2.5 71 72 21.96925063137093 0.02362645577024234
2.25 2.5 72 73 21.26916804851339 0.02850396662491974
2.25 2.5 73 74 20.57527254694826 0.03484598796266579
2.25 2.5 74 75 19.88841036634732 0.03942144615608515
2.25 2.5 75 76 19.20905619371047 0.04275306220328762
2.25 2.5 76 77 18.54260962077196 0.02130276669067466
2.25 2.5 77 78 17.87994150700282 0.02275287490940386
2.25 2.5 78 79 17.22415699189224 0.01757931645152358
2.25 2.5 79 80 16.58207280074292 0.01664024803378974
2.25 2.5 80 81 15.95106843655711 0.01573795996953842
2.25 2.5 81 82 15.33172962094422 0.01490469196287598
2.25 2.5 82 83 14.7245234925222 0.01416605727678187
2.25 2.5 83 84 14.12991767778252 0.01347355949855556
2.25 2.5 84 85 13.50780539561984 0.02054747664585297
2.25 2.5 85 86 12.94260445429817 0.01726191909101087
2.25 2.5 86 87 12.39138210797521 0.01781869401513841
2.25 2.5 87 88 11.88562802568345 0.01091612638958868
2.25 2.5 88 89 11.35964413846818 0.01031132024440424
2.25 2.5 89 90 10.84887806917998 0.008784297695077282
2.25 2.5 90 91 10.35207578263894 0.00641766259046349
2.25 2.5 91 92 9.870047344521026 0.004267505127498405
2.25 2.5 92 93 9.402869316563169 0.002472307895046088
2.25 2.5 93 94 8.950575284356914 0.001730562512570028
2.25 2.5 94 95 8.513679759326946 0.009813001460159645
2.25 2.5 95 96 8.090952595556152 0.007847263685094748
2.25 2.5 96 97 7.682996743075501 0.00659065753576229
2.25 2.5 97 98 7.289155415670383 0.003287567175099739
2.25 2.5 98 99 6.910320384210647 0.001740455576074311
2.25 2.5 99 100 6.545880354950294 0.001762276895255587
2.5 2.75 50 51 41.08330051424443 0.1124716857728184
2.5 2.75 51 52 39.85174196342581 0.1096792552780901
2.5 2.75 52 53 38.65588053969728 0.1055730310592943
2.5 2.75 53 54 37.49543076984736 0.1003170222717516
2.5 2.75 54 55 36.36996929473379 0.09412742317717268
2.5 2.75 55 56 35.27885294057285 0.08753128392129972
2.5 2.75 56 57 34.22098717023728 0.08185290762090247
2.5 2.75 57 58 33.19561087138374 0.07726042371871682
2.5 2.75 58 59 32.20287393070743 0.0544771693701947
2.5 2.75 59 60 31.24042335269679 0.05242131803145143
2.5 2.75 60 61 30.30810167482258 0.05047483269848855
2.5 2.75 61 62 29.40479468467007 0.04700109695067699
2.5 2.75 62 63 28.52974789256122 0.04218965634477889
2.5 2.75 63 64 27.6819135625945 0.03768450015556146
2.5 2.75 64 65 26.86025143798554 0.03454320355092426
2.5 2.75 65 66 26.06360626773869 0.03097105510299684
2.5 2.75 66 67 25.29060136409389 0.02765343979237606
2.5 2.75 67 68 24.53934274754871 0.02446450229212583
2.5 2.75 68 69 23.78896339459656 0.04732544102274468
2.5 2.75 69 70 23.08142808030262 0.03619290815675237
2.5 2.75 70 71 22.36885017627027 0.01497131733894363
2.5 2.75 71 72 21.66263966417148 0.009021837305187711
2.5 2.75 72 73 20.96275031083065 0.02228668820914799
2.5 2.75 73 74 20.26970973375496 0.03231976793535281
2.5 2.75 74 75 19.58431753818731 0.03843454524792683
2.5 2.75 75 76 18.91169663753521 0.02042162323780112
2.5 2.75 76 77 18.24227180026066 0.02188005974007697
2.5 2.75 77 78 17.58034801330778 0.004062144398076348
2.5 2.75 78 79 16.9313676968113 0.00332343893940019
2.5 2.75 79 80 16.29323209487691 0.002424127372944435
2.5 2.75 80 81 15.66655398679292 0.001402007525068593
2.5 2.75 81 82 15.05188311688387 0.0009717909988145309
2.5 2.75 82 83 14.41038547010264 0.01588396198325295
2.5 2.75 83 84 13.82353435178111 0.003001383134747043
2.5 2.75 84 85 13.25030847811374 0.003745447209239789
2.5 2.75 85 86 12.6909594740312 0.004846502407083174
2.5 2.75 86 87 12.14570673574852 0.001633455191396533
2.5 2.75 87 88 11.61476094715438 0.005605935164028111
2.5 2.75 88 89 11.11944276752722 0.00148415692776993
2.5 2.75 89 90 10.61386947231314 0.006633049957245504
2.5 2.75 90 91 10.1235309028912 0.004478549988346369
2.5 2.75 91 92 9.64802896815217 0.002627352262415515
2.5 2.75 92 93 9.188182099773888 0.009311347892229933
2.5 2.75 93 94 8.742324203602752 0.006704458533227239
2.5 2.75 94 95 8.31134649655186 0.004960386667983873
2.5 2.75 95 96 7.894914558685388 0.002046198211237872
2.5 2.75 96 97 7.49340454105642 0.001681977033331164
2.5 2.75 97 98 7.106534104371359 0.001756756236595218
2.5 2.75 98 99 6.734161666160585 0.003136852796862294
2.5 2.75 99 100 6.376118403227798 0.004339579350785175
2.75 3 50 51 40.30517354339887 0.08883655419494585
2.75 3 51 52 39.04922329318173 0.08835939577835179
2.75 3 52 53 37.83283474740765 0.08536100404968582
2.75 3 53 54 36.65530565907359 0.0802092080286519
2.75 3 54 55 35.51584128513561 0.07324796985559445
2.75 3 55 56 34.41346827158635 0.0652805736538003
2.75 3 56 57 33.34680205226458 0.05861960590918685
2.75 3 57 58 32.31481941784236 0.05369499868515629
2.75 3 58 59 31.31661402723785 0.05028978331003383
2.75 3 59 60 30.3512509275167 0.04817734922806765
2.75 3 60 61 29.41757828114655 0.04617401328310575
2.75 3 61 62 28.51432117199863 0.04282450819411832
2.75 3 62 63 27.64057183105523 0.0383059639884822
2.75 3 63 64 26.79515327997301 0.03407623488281535
2.75 3 64 65 25.97690907519121 0.03106623970652796
2.75 3 65 66 25.18458664337835 0.02769887127892572
2.75 3 66 67 24.4167321468991 0.02457526606003601
2.75 3 67 68 23.67140026477948 0.02158570726443561
2.75 3 68 69 22.92983485220773 0.03025979656360923
2.75 3 69 70 22.22827181169784 0.01939117249854042
2.75 3 70 71 21.52439949032398 0.008344264200080097
2.75 3 71 72 20.82793110275221 0.02004456877353739
2.75 3 72 73 20.13878043783696 0.03231422656019543
2.75 3 73 74 19.46387359349613 0.01848762893422511
2.75 3 74 75 18.78588687695042 0.005967614410012633
2.75 3 75 76 18.12150595654047 0.004413803184767709
2.75 3 76 77 17.46676555150632 0.003753702016628608
2.75 3 77 78 16.82230657431969 0.003364294041268127
2.75 3 78 79 16.18864420987544 0.002967061912537654
2.75 3 79 80 15.5663560051083 0.002581466083268087
2.75 3 80 81 14.95598972345834 0.002327910672368785
2.75 3 81 82 14.31679190581158 0.00338515723576294
2.75 3 82 83 13.73409196734156 0.01348684995344179
2.75 3 83 84 13.20086654171649 0.002548033797111124
2.75 3 84 85 12.64239340442367 0.002642871230055038
2.75 3 85 86 12.09775705744382 0.00264831063101551
2.75 3 86 87 11.5672218898772 0.002564035041659061
2.75 3 87 88 11.02794116782959 0.01183770950430678
2.75 3 88 89 10.52949549499609 0.002163545219766914
2.75 3 89 90 10.04522672976062 0.0118883200187653
2.75 3 90 91 9.58931557423022 0.002953930560679379
2.75 3 91 92 9.131700950061127 0.002062444067885665
2.75 3 92 93 8.689753468978363 0.008679034204509196
2.75 3 93 94 8.261491520206507 0.006457050230813171
2.75 3 94 95 7.847723391392905 0.003941944953224518
2.75 3 95 96 7.448662436604078 0.002114916479919723
2.75 3 96 97 7.064114925350654 0.001947624503241579
2.75 3 97 98 6.693943644823769 0.002005083162389688
2.75 3 98 99 6.337539607514021 0.002965995602073238
2.75 3 99 100 5.995615914891393 0.004007122409541109
3 3.25 50 51 38.46869631814333 0.08208930952804698
3 3.25 51 52 37.21238595971785 0.08151227494859993
3 3.25 52 53 35.99905065779959 0.07865152165688417
3 3.25 53 54 34.82755394074104 0.07385173042448599
3 3.25 54 55 33.69671717958116 0.06743447152136814
3 3.25 55 56 32.60522940796604 0.06012464355907254
3 3.25 56 57 31.55141530954525 0.05397070964733385
3 3.25 57 58 30.53398868599457 0.04934720918646332
3 3.25 58 59 29.55180760305832 0.04605686854176604
3 3.25 59 60 28.603728860518 0.04389530727645903
3 3.25 60 61 27.68842162076059 0.04183874247322576
3 3.25 61 62 26.80446222715623 0.03864059640406087
3 3.25 62 63 25.95079600963191 0.03446307028852581
3 3.25 63 64 25.12613080886144 0.03054901329503658
3 3.25 64 65 24.32920886913362 0.02768413471890722
3 3.25 65 66 23.55869944044481 0.02454311368360703
3 3.25 66 67 22.81309802995758 0.02162998737066582
3 3.25 67 68 22.07489399451264 0.03818747713746402
3 3.25 68 69 21.38304844127855 0.02834696419810896
3 3.25 69 70 20.69458289849903 0.01069538145449995
3 3.25 70 71 20.01591600123614 0.01459340520481135
3 3.25 71 72 19.34578014047573 0.02700077311179682
3 3.25 72 73 18.69062250345671 0.01548269713274868
3 3.25 73 74 18.0329272449045 0.006322482932866682
3 3.25 74 75 17.38888315597676 0.004574867928487773
3 3.25 75 76 16.75463840446333 0.003309241728747938
3 3.25 76 77 16.13075798487084 0.002719651688310304
3 3.25 77 78 15.51778630186882 0.00238087961594957
3 3.25 78 79 14.91615254232758 0.002079884759794996
3 3.25 79 80 14.28217308237249 0.008564352967034171
3 3.25 80 81 13.74881079997419 0.001885091364853556
3 3.25 81 82 13.1839610324705 0.001952681699308829
3 3.25 82 83 12.63209555325145 0.002192086438173278
3 3.25 83 84 12.09351526564053 0.002383958790110107
3 3.25 84 85 11.56850129039875 0.002487582360513703
3 3.25 85 86 11.05729158457249 0.0024973841880983
3 3.25 86 87 10.5600814604408 0.002421774211131454
3 3.25 87 88 10.00825447358662 0.004481880654306631
3 3.25 88 89 9.608186475595545 0.002154671819756762
3 3.25 89 90 9.153209577550051 0.002286483881431078
3 3.25 90 91 8.701627198144481 0.001936415684419598
3 3.25 91 92 8.287487390259693 0.002149311827003798
3 3.25 92 93 7.876234569409711 0.001912087117873534
3 3.25 93 94 7.480066102890095 0.005043030193258905
3 3.25 94 95 7.096876622374334 0.002970795067319875
3 3.25 95 96 6.727742469496411 0.001444696314507916
3 3.25 96 97 6.372558326663924 0.001422484157049287
3 3.25 97 98 6.03113201332707 0.001758149714021693
3 3.25 98 99 5.703244007784997 0.001479897973561931
3 3.25 99 100 5.388874516283446 0.001480519339442575
3.25 3.5 50 51 35.02857841834448 0.07396667563087145
3.25 3.5 51 52 33.82176745329146 0.07334575521928614
3.25 3.5 52 53 32.65963494239878 0.07071876235303987
3.25 3.5 53 54 31.54066279594028 0.06640098625635643
3.25 3.5 54 55 30.46334161933292 0.0606857839741517
3.25 3.5 55 56 29.4260785237332 0.05420441586446289
3.25 3.5 56 57 28.42697131500051 0.04869507376213649
3.25 3.5 57 58 27.46452485528897 0.04446896108451994
3.25 3.5 58 59 26.53741142144619 0.04135372078470177
3.25 3.5 59 60 25.64432861337244 0.03917265174291181
3.25 3.5 60 61 24.78382147378758 0.03708841582974708
3.25 3.5 61 62 23.95437487695347 0.03409543771037918
3.25 3.5 62 63 23.15483166473622 0.0303371072664632
3.25 3.5 63 64 22.38383741064227 0.02680830263546389
3.25 3.5 64 65 21.64008451038507 0.02412912333138557
3.25 3.5 65 66 20.92221863356303 0.02126326507181727
3.25 3.5 66 67 20.22874655005893 0.01860356734407476
3.25 3.5 67 68 19.54404236356156 0.0273342435182131
3.25 3.5 68 69 18.90065802133176 0.01744658274989666
3.25 3.5 69 70 18.26412284999842 0.01445078512503231
3.25 3.5 70 71 17.63817676780042 0.02141008268189203
3.25 3.5 71 72 17.02844800336178 0.01385724178575993
3.25 3.5 72 73 16.41691848684351 0.006848485225364226
3.25 3.5 73 74 15.81871821840059 0.004826802232188465
3.25 3.5 74 75 15.23046528892249 0.003344081668242638
3.25 3.5 75 76 14.65253043075745 0.003525170246333754
3.25 3.5 76 77 14.08535345244974 0.005118113571915044
3.25 3.5 77 78 13.52935562291992 0.006903487664174267
3.25 3.5 78 79 13.00488899304854 0.001372247668938682
3.25 3.5 79 80 12.45278433328426 0.0008580230522059016
3.25 3.5 80 81 11.9323460522957 0.0009945483895817011
3.25 3.5 81 82 11.46204539791902 0.003610502547695541
3.25 3.5 82 83 10.92919137303787 0.00180808956605435
3.25 3.5 83 84 10.44688970943449 0.00204101782027141
3.25 3.5 84 85 9.977694639412544 0.002141114075081944
3.25 3.5 85 86 9.521756092676771 0.002129301452835508
3.25 3.5 86 87 9.079187004121803 0.002025833627225573
3.25 3.5 87 88 8.650056773842206 0.001864114605149708
3.25 3.5 88 89 8.233769771157533 0.001613937318758752
3.25 3.5 89 90 7.832254562966495 0.00143471818247817
3.25 3.5 90 91 7.443516042553927 0.001321707702695309
3.25 3.5 91 92 7.068129520524882 0.001371605085283802
3.25 3.5 92 93 6.701714837644035 0.001376151676227805
3.25 3.5 93 94 6.357343663382984 0.001366803261990827
3.25 3.5 94 95 6.022308150214623 0.001569558349206057
3.25 3.5 95 96 5.699408019174149 0.001340550406568908
3.25 3.5 96 97 5.389282420664972 0.001362404438673062
3.25 3.5 97 98 5.091528590777362 0.0004645691753980919
3.25 3.5 98 99 4.806480553309242 0.0004919263853631793
3.25 3.5 99 100 4.533559309230142 0.0005439611144577156
3.5 3.75 50 51 29.62813475814256 0.06257976812493035
3.5 3.75 51 52 28.54746947078619 0.03320021681960954
3.5 3.75 52 53 27.50965059894665 0.03187008134760405
3.5 3.75 53 54 26.51279708712563 0.02977302830006812
3.5 3.75 54 55 25.5551179042813 0.0270548768150952
3.5 3.75 55 56 24.63480686891486 0.04608863810888455
3.5 3.75 56 57 23.75144265095759 0.04147867544100232
3.5 3.75 57 58 22.90247625552116 0.03785353810222448
3.5 3.75 58 59 22.08651301102257 0.03507266292914199
3.5 3.75 59 60 21.30220440185349 0.03299404553188202
3.5 3.75 60 61 20.54808759865754 0.03107482688979668
3.5 3.75 61 62 19.82387220386464 0.02834255954371844
3.5 3.75 62 63 19.12595930866856 0.02516356738689212
3.5 3.75 63 64 18.45426765041908 0.02217032286547556
3.5 3.75 64 65 17.80753614925569 0.01979937878876938
3.5 3.75 65 66 17.18448311022904 0.017333037229385
3.5 3.75 66 67 16.58372753396645 0.01504289341594826
3.5 3.75 67 68 16.00358336708755 0.01288414865670739
3.5 3.75 68 69 15.43582364149361 0.009008735069475344
3.5 3.75 69 70 14.88801231706334 0.006281454334289487
3.5 3.75 70 71 14.34817211375361 0.01617120716777361
3.5 3.75 71 72 13.82686217497296 0.005875548723569223
3.5 3.75 72 73 13.30809156705492 0.004574062835984469
3.5 3.75 73 74 12.79891731762782 0.003491639299322218
3.5 3.75 74 75 12.29959740836798 0.002477522008168553
3.5 3.75 75 76 11.81037783836441 0.001678272286468007
3.5 3.75 76 77 11.29308449175365 0.005466438638760411
3.5 3.75 77 78 10.76720666922397 0.003217732740458016
3.5 3.75 78 79 10.40616173189703 0.001162344969449312
3.5 3.75 79 80 9.960028661495659 0.001319145420217206
3.5 3.75 80 81 9.525201057518252 0.001102635823944519
3.5 3.75 81 82 9.101710026298917 0.001190207111500364
3.5 3.75 82 83 8.690056577546521 0.001430693171873766
3.5 3.75 83 84 8.290112383050015 0.001563164172441765
3.5 3.75 84 85 7.902027484282538 0.00163679561366064
3.5 3.75 85 86 7.52507076993461 0.001719215638802583
3.5 3.75 86 87 7.161732868576054 0.001768575459099965
3.5 3.75 87 88 6.809331122769823 0.001613982301252238
3.5 3.75 88 89 6.46296148683675 0.00183871804741055
3.5 3.75 89 90 6.140092868621952 0.001307354551213788
3.5 3.75 90 91 5.823133739796656 0.001276760843634584
3.5 3.75 91 92 5.51782693766742 0.001034625939247777
3.5 3.75 92 93 5.224090779003903 0.0004489796258341791
3.5 3.75 93 94 4.941713322902193 0.0004298495437416036
3.5 3.75 94 95 4.670575995956104 0.0004111574919682505
3.5 3.75 95 96 4.41050470502646 0.0003929285083004414
3.5 3.75 96 97 4.161285688085812 0.0004877910740661801
3.5 3.75 97 98 3.922764109003135 0.000523894564817588
3.5 3.75 98 99 3.694694233790512 0.0005795190514214508
3.5 3.75 99 100 3.47684509590218 0.001189481749476915
3.75 4 50 51 22.39812472363545 0.001014333534303875
3.75 4 51 52 21.5321206984203 0.001019078598565049
3.75 4 52 53 20.70322815229143 0.001378998880546741
3.75 4 53 54 19.90950388954003 0.00140587076602436
3.75 4 54 55 19.14928375219143 0.001020881603651246
3.75 4 55 56 18.42099771778803 0.0004170350379108811
3.75 4 56 57 17.72301893013574 0.0003107982906618755
3.75 4 57 58 17.05393329221374 0.0003139036213135592
3.75 4 58 59 16.4123623482831 0.0003196388368785441
3.75 4 59 60 15.79696541018058 0.0003258827674537695
3.75 4 60 61 15.20651734626752 0.000340241296690685
3.75 4 61 62 14.6398121305455 0.0003477515889439624
3.75 4 62 63 14.09570664992892 0.000363814738529483
3.75 4 63 64 13.57297102286677 0.006363555269903333
3.75 4 64 65 13.07077596788599 0.005335831118159837
3.75 4 65 66 12.58792507868761 0.004334307106436097
3.75 4 66 67 12.1236103118301 0.01149901947869243
3.75 4 67 68 11.67834208927605 0.009878456455388471
3.75 4 68 69 11.24273225752416 0.008239214209365821
3.75 4 69 70 10.81462020261772 0.001279151533820098
3.75 4 70 71 10.4263497637766 0.008152541727989909
3.75 4 71 72 10.00581353049397 0.004443567192818076
3.75 4 72 73 9.610716269662721 0.003504073748786238
3.75 4 73 74 9.224117331621834 0.002637006318638753
3.75 4 74 75 8.84598292736842 0.001815882923444099
3.75 4 75 76 8.476688153348709 0.001168557256380823
3.75 4 76 77 8.116209962971867 0.0006669907761234855
3.75 4 77 78 7.764759284423692 0.0007229081009042734
3.75 4 78 79 7.422434778002493 0.0007786140477207138
3.75 4 79 80 7.089370856426942 0.00180886907928773
3.75 4 80 81 6.765636390791211 0.001794536923846002
3.75 4 81 82 6.44980287360434 0.002081829943552369
3.75 4 82 83 6.145043360899878 0.001151129175412591
3.75 4 83 84 5.851031575636983 0.001550065813130459
3.75 4 84 85 5.565108751988135 0.001099625377447069
3.75 4 85 86 5.288650524087424 0.000937956206232415
3.75 4 86 87 5.021628128840001 0.0007758002185781938
3.75 4 87 88 4.763990540285511 0.0006157587346121773
3.75 4 88 89 4.504280775407253 0.001105059136596358
3.75 4 89 90 4.277298286823689 0.0004186442270928023
3.75 4 90 91 4.046554592581669 0.0009820046793460005
3.75 4 91 92 3.825589784038088 0.0009695479070520013
3.75 4 92 93 3.613505696511922 0.0009537391922675119
3.75 4 93 94 3.410159446827306 0.0009434356151719658
3.75 4 94 95 3.215395899407121 0.0009651631625865125
3.75 4 95 96 3.029048715672785 0.0009911892316770848
3.75 4 96 97 2.850941395192815 0.00101725705422041
3.75 4 97 98 2.680888304634009 0.001040117021711748
3.75 4 98 99 2.518695690575095 0.001057480447815373
3.75 4 99 100 2.364162672623647 0.001067874936411462
4 5 50 51 18.9109168789256 0.01880933550129756
4 5 51 52 18.0700598479212 0.01816582362161868
4 5 52 53 17.26091906913909 0.008277408480291688
4 5 53 54 16.49781342897033 0.00801081394008612
4 5 54 55 15.77022098875985 0.007763488037556882
4 5 55 56 15.07617761850577 0.007530419943499128
4 5 56 57 14.41392175087434 0.007303493833315624
4 5 57 58 13.78175248726159 0.007085967867406762
4 5 58 59 13.17982692703503 0.006826118347541056
4 5 59 60 12.60352828014718 0.006574565564217959
4 5 60 61 12.05257678738851 0.00637452950497761
4 5 61 62 11.52904407263402 0.003157128856399745
4 5 62 63 11.02461463832073 0.003234049591658592
4 5 63 64 10.54294525134143 0.002963923911788956
4 5 64 65 10.08209372988132 0.003062033393464861
4 5 65 66 9.640975993241884 0.003461355394339861
4 5 66 67 9.217151488376247 0.003273518132269513
4 5 67 68 8.811206441983177 0.001640782442591105
4 5 68 69 8.421302762021352 0.001135116216919984
4 5 69 70 8.045024726500216 0.0009561380190293058
4 5 70 71 7.680555292229452 0.0008732080820249026
4 5 71 72 7.32675241201446 0.0008936859149040492
4 5 72 73 6.983785372280721 0.001171369584174555
4 5 73 74 6.651490158878558 0.00135064707032092
4 5 74 75 6.328990293542713 0.001303222652590981
4 5 75 76 6.017844254689918 0.002160841663858968
4 5 76 77 5.715923622031013 0.002082855726814106
4 5 77 78 5.424243054258937 0.002005925863722615
4 5 78 79 5.14273689879948 0.001930131757169601
4 5 79 80 4.871332444022884 0.001855556146490515
4 5 80 81 4.608250039057233 0.003390205799593289
4 5 81 82 4.356821628054003 0.003255645909379718
4 5 82 83 4.115170085519352 0.003123754240061891
4 5 83 84 3.883161329699838 0.00299457677191099
4 5 84 85 3.65359604669822 0.004489283416290585
4 5 85 86 3.441178629371763 0.004518943358591773
4 5 86 87 3.243713170195123 0.006359975293655733
4 5 87 88 3.04865892952747 0.00564646334152945
4 5 88 89 2.86238535257623 0.004963274782819649
4 5 89 90 2.686942914944217 0.006024497975421227
4 5 90 91 2.517515885805192 0.005456564730733718
4 5 91 92 2.356248393649317 0.004945649427710308
4 5 92 93 2.202918354605035 0.004495479315653752
4 5 93 94 2.02391816195379 0.007047260281344344
4 5 94 95 1.973720869166877 0.001273720419570847
4 5 95 96 1.788260194088359 0.003513696213433921
4 5 96 97 1.664368894952731 0.003308651911393639
4 5 97 98 1.547244183841264 0.003130261172429681
4 5 98 99 1.436645575189129 0.002998064772946473
4 5 99 100 1.332332301971982 0.002893343468085749
-5 5 50 100 31833.78794052361 1.911200056075919
