#ylo yhi qTlo qThi PDF0  uncertainty
-5 -4 50 51 14.37936509448253 0.01663696659570534
-5 -4 51 52 13.74250510692112 0.01597133516551931
-5 -4 52 53 13.13536466966108 0.01557088134769726
-5 -4 53 54 12.55661548546336 0.01504461644308723
-5 -4 54 55 12.00478761104647 0.01449446312294415
-5 -4 55 56 11.47844285136752 0.01408161443491531
-5 -4 56 57 10.97636789421183 0.01363671897581963
-5 -4 57 58 10.49115571878724 0.006252591717235116
-5 -4 58 59 10.03402979398439 0.006055473806016553
-5 -4 59 60 9.597581399380271 0.005863043138303582
-5 -4 60 61 9.180736646724522 0.005676205022574104
-5 -4 61 62 8.782508050678517 0.005495369946474356
-5 -4 62 63 8.401952550087646 0.005320835045202808
-5 -4 63 64 8.038177063570162 0.005153239621888703
-5 -4 64 65 7.690330583002176 0.004992367728910325
-5 -4 65 66 7.357592865816073 0.004838165942711744
-5 -4 66 67 7.03915310596922 0.004688600036256008
-5 -4 67 68 6.734074166890519 0.004540626391121902
-5 -4 68 69 6.442469025240212 0.004304681168132929
-5 -4 69 70 6.161635130835377 0.002108202973651694
-5 -4 70 71 5.887387946511729 0.002024108223342843
-5 -4 71 72 5.621288589459351 0.001953696912578927
-5 -4 72 73 5.363172659626034 0.001900958818891374
-5 -4 73 74 5.112939009596325 0.001883550054197499
-5 -4 74 75 4.869975836574389 0.00176654291337337
-5 -4 75 76 4.634520809708627 0.0008859296180772212
-5 -4 76 77 4.407692078201572 0.001102745414839241
-5 -4 77 78 4.188559687800645 0.001423388270610414
-5 -4 78 79 3.976806504986121 0.001732794540840415
-5 -4 79 80 3.77226746852905 0.001665406296926902
-5 -4 80 81 3.575779834418329 0.001591918170453712
-5 -4 81 82 3.386783370245875 0.001510954967151007
-5 -4 82 83 3.205001549258633 0.001407202233288232
-5 -4 83 84 3.030635083069352 0.001304140306383484
-5 -4 84 85 2.863463142771032 0.001263898438519741
-5 -4 85 86 2.702929435318653 0.001224216022502101
-5 -4 86 87 2.549202418960912 0.001097729391915229
-5 -4 87 88 2.390283835387237 0.00217244974983828
-5 -4 88 89 2.262059192333196 0.001069998727549158
-5 -4 89 90 2.127841406372959 0.000962079822685231
-5 -4 90 91 1.999822705481759 0.0009122843807097572
-5 -4 91 92 1.877839048552911 0.0008642494244609206
-5 -4 92 93 1.761722674183244 0.0008179676727828179
-5 -4 93 94 1.650585914629138 0.001461142838078119
-5 -4 94 95 1.545727793746119 0.001381895849804421
-5 -4 95 96 1.446215574264983 0.001331894483199791
-5 -4 96 97 1.351872459634685 0.001289365338902328
-5 -4 97 98 1.262520868944492 0.001252031642557131
-5 -4 98 99 1.177982981551127 0.001217800973023158
-5 -4 99 100 1.098081252428534 0.001184891657408148
-4 -3.75 50 51 16.1051712940443 0.001212890664377102
-4 -3.75 51 52 15.48143471541579 0.001242741889360398
-4 -3.75 52 53 14.88354632102535 0.00165611968680386
-4 -3.75 53 54 14.31030575568042 0.001712898994199864
-4 -3.75 54 55 13.7606733846219 0.001315937158274171
-4 -3.75 55 56 13.23365157899578 0.000743659964044109
-4 -3.75 56 57 12.72818761097911 0.0006406773383017598
-4 -3.75 57 58 12.24335720092348 0.0006264277070433974
-4 -3.75 58 59 11.77824903989328 0.0006125049249582361
-4 -3.75 59 60 11.33196375928597 0.0005972399950857771
-4 -3.75 60 61 10.90367536322864 0.0005805228982821577
-4 -3.75 61 62 10.49256022803173 0.000563234782146154
-4 -3.75 62 63 10.09783167702448 0.0005510238801788417
-4 -3.75 63 64 9.718728691890643 0.0005343238438985601
-4 -3.75 64 65 9.354496020208835 0.0005146790449865471
-4 -3.75 65 66 9.004375062916182 0.0004952742927343261
-4 -3.75 66 67 8.667841049752679 0.01330318775949851
-4 -3.75 67 68 8.343367112639628 0.01188279273471829
-4 -3.75 68 69 8.029601477635072 0.01271838384076315
-4 -3.75 69 70 7.724638100965876 0.01121406326137801
-4 -3.75 70 71 7.426652123729856 0.009818231355729795
-4 -3.75 71 72 7.135081397638947 0.008519861068064133
-4 -3.75 72 73 6.843719870994185 0.007254622226116873
-4 -3.75 73 74 6.565669543468616 0.003559118437156225
-4 -3.75 74 75 6.294059246078434 0.005810680797769458
-4 -3.75 75 76 6.032421669724354 0.004357871645924378
-4 -3.75 76 77 5.77517747484686 0.003278604728248522
-4 -3.75 77 78 5.52223517766636 0.002524900758341791
-4 -3.75 78 79 5.276109453644077 0.002805049088799232
-4 -3.75 79 80 5.035679904573247 0.001968458174350904
-4 -3.75 80 81 4.803639490970681 0.001491834300641126
-4 -3.75 81 82 4.578561461034404 0.001064406429348177
-4 -3.75 82 83 4.360452313857367 0.0008138462627878764
-4 -3.75 83 84 4.149315063405254 0.0007433879422139826
-4 -3.75 84 85 3.945144411333324 0.0007041667488822208
-4 -3.75 85 86 3.747919648614192 0.0006844628659269648
-4 -3.75 86 87 3.557605296748585 0.0006751396426517953
-4 -3.75 87 88 3.374149152608512 0.0006698401223690325
-4 -3.75 88 89 3.19748253290401 0.0006675318711462992
-4 -3.75 89 90 3.027530620305196 0.0006652469999454589
-4 -3.75 90 91 2.864201012772602 0.0006528162360310592
-4 -3.75 91 92 2.707417427258465 0.0006524970854696224
-4 -3.75 92 93 2.557053311132274 0.0006425323665537074
-4 -3.75 93 94 2.413064613841173 0.0006371497278640759
-4 -3.75 94 95 2.275208658989213 0.000700116059037828
-4 -3.75 95 96 2.143327769153418 0.0006009347471703371
-4 -3.75 96 97 2.017439773329887 0.0005838891738107796
-4 -3.75 97 98 1.897328197192517 0.0002415671409924911
-4 -3.75 98 99 1.782844511390281 0.0002171426034025101
-4 -3.75 99 100 1.673835811145953 0.0001953770802746004
-3.75 -3.5 50 51 20.46701391784126 0.06402576037098484
-3.75 -3.5 51 52 19.72325260869279 0.06371683286861597
-3.75 -3.5 52 53 19.00858269738586 0.03723919436753459
-3.75 -3.5 53 54 18.31829468875751 0.002016702836937458
-3.75 -3.5 54 55 17.65533571419092 0.05368251554626881
-3.75 -3.5 55 56 17.01752650023624 0.04840353753819742
-3.75 -3.5 56 57 16.40372302186714 0.043902610194628
-3.75 -3.5 57 58 15.81176261545967 0.04254588075138842
-3.75 -3.5 58 59 15.24340835895336 0.03844081144691037
-3.75 -3.5 59 60 14.69655541063513 0.03611110594631472
-3.75 -3.5 60 61 14.17031560275883 0.03441444699128895
-3.75 -3.5 61 62 13.66375783829879 0.03198940744172045
-3.75 -3.5 62 63 13.17616020903502 0.02894262820097569
-3.75 -3.5 63 64 12.70668462085466 0.02606292422116657
-3.75 -3.5 64 65 12.2545219634628 0.02384923501692362
-3.75 -3.5 65 66 11.81883551207201 0.02148415689425091
-3.75 -3.5 66 67 11.39871203085054 0.01927016520755888
-3.75 -3.5 67 68 10.99303019177211 0.01715743573480003
-3.75 -3.5 68 69 10.59996530033628 0.01518074581440677
-3.75 -3.5 69 70 10.21668536358019 0.01333108743512267
-3.75 -3.5 70 71 9.831921989227308 0.01503518986447052
-3.75 -3.5 71 72 9.464518777955639 0.009665848546210266
-3.75 -3.5 72 73 9.109221488941298 0.01260952906571099
-3.75 -3.5 73 74 8.755406301559216 0.01350427581556027
-3.75 -3.5 74 75 8.41256984614677 0.004642384409738669
-3.75 -3.5 75 76 8.071520269733053 0.005269499490987407
-3.75 -3.5 76 77 7.738186143428758 0.00721672303938839
-3.75 -3.5 77 78 7.410442173467324 0.00335797972559105
-3.75 -3.5 78 79 7.093232324904156 0.00273169979670209
-3.75 -3.5 79 80 6.784058215478899 0.00210152832143763
-3.75 -3.5 80 81 6.483060842797189 0.001481302296582675
-3.75 -3.5 81 82 6.163024626290021 0.001003408753015663
-3.75 -3.5 82 83 5.905993765121895 0.0008783300290365606
-3.75 -3.5 83 84 5.556042930807946 0.007771313693269907
-3.75 -3.5 84 85 5.36255709916489 0.0009103556590572279
-3.75 -3.5 85 86 5.114736365195968 0.0009363166651814069
-3.75 -3.5 86 87 4.853034317389666 0.0009302028341860349
-3.75 -3.5 87 88 4.610985198346836 0.0009341464310810631
-3.75 -3.5 88 89 4.3773596631397 0.0009359792028808786
-3.75 -3.5 89 90 4.152104786234368 0.0009345294908314434
-3.75 -3.5 90 91 3.93515169268096 0.0009298052816716358
-3.75 -3.5 91 92 3.72641480771822 0.0009221631564600593
-3.75 -3.5 92 93 3.525794397756035 0.000911659324440162
-3.75 -3.5 93 94 3.33317710466173 0.0008984841576546637
-3.75 -3.5 94 95 3.148436769015838 0.0008828417729690029
-3.75 -3.5 95 96 2.974303594983496 0.001034659852009672
-3.75 -3.5 96 97 2.802024703877995 0.0008450121187477292
-3.75 -3.5 97 98 2.64004616970636 0.0008232621947810178
-3.75 -3.5 98 99 2.485333038299517 0.0007999137805560848
-3.75 -3.5 99 100 2.337710821580663 0.0007751819888554964
-3.5 -3.25 50 51 23.40821126572347 0.07455417019219851
-3.5 -3.25 51 52 22.61439216560485 0.07411456662759477
-3.5 -3.25 52 53 21.84684100944118 0.07167306397638429
-3.5 -3.25 53 54 21.10508176392318 0.067529240638089
-3.5 -3.25 54 55 20.38857275610424 0.06196043186189385
-3.5 -3.25 55 56 19.69665953010372 0.05559594347974205
-3.5 -3.25 56 57 19.02844324138509 0.05022811042314748
-3.5 -3.25 57 58 18.383233655515 0.04618922382344475
-3.5 -3.25 58 59 17.76040510546418 0.04331183031711125
-3.5 -3.25 59 60 17.15931209352534 0.04142333157535145
-3.5 -3.25 60 61 16.57918847101368 0.03964270012402751
-3.5 -3.25 61 62 16.01919344833152 0.03689179751406831
-3.5 -3.25 62 63 15.4787016815024 0.03330020947126063
-3.5 -3.25 63 64 14.95693582404812 0.02992312368221284
-3.5 -3.25 64 65 14.4531357414721 0.02743471425353551
-3.5 -3.25 65 66 13.96648966933844 0.02471062521930125
-3.5 -3.25 66 67 13.4960795434846 0.02217017574680548
-3.5 -3.25 67 68 13.04072952596401 0.0197406597365596
-3.5 -3.25 68 69 12.59840609252808 0.01746844689925101
-3.5 -3.25 69 70 12.1542250217526 0.02234635818017753
-3.5 -3.25 70 71 11.73048708937205 0.01108677938785461
-3.5 -3.25 71 72 11.3208155366686 0.01555774977702824
-3.5 -3.25 72 73 10.9088043473796 0.01515641332051173
-3.5 -3.25 73 74 10.50346283769908 0.02058754539091159
-3.5 -3.25 74 75 10.1101180803082 0.007466274359199414
-3.5 -3.25 75 76 9.717956748044102 0.01012134177639383
-3.5 -3.25 76 77 9.333616104385865 0.01271795606456561
-3.5 -3.25 77 78 8.954470373909214 0.003919721381549729
-3.5 -3.25 78 79 8.586682844444482 0.003241522921631326
-3.5 -3.25 79 80 8.227243092230079 0.00250873132593774
-3.5 -3.25 80 81 7.876383739743819 0.001744401208351378
-3.5 -3.25 81 82 7.534300994751208 0.001097086786532226
-3.5 -3.25 82 83 7.167781107822259 0.008259503867115067
-3.5 -3.25 83 84 6.876584827222484 0.006812891772624689
-3.5 -3.25 84 85 6.561634803166733 0.005539531947507168
-3.5 -3.25 85 86 6.255933739461851 0.004389393588707569
-3.5 -3.25 86 87 5.899042924344592 0.003906922154512257
-3.5 -3.25 87 88 5.672497714336782 0.002388541038490371
-3.5 -3.25 88 89 5.394794194304344 0.001584520927322238
-3.5 -3.25 89 90 5.126423079009903 0.001048214870336774
-3.5 -3.25 90 91 4.815445817731845 0.003722465520114163
-3.5 -3.25 91 92 4.617531595212625 0.0014597566355758
-3.5 -3.25 92 93 4.376886759774587 0.001982610188275583
-3.5 -3.25 93 94 4.145329108233863 0.00249316654187092
-3.5 -3.25 94 95 3.912955313243286 0.004888929006659942
-3.5 -3.25 95 96 3.700939117172242 0.001969798679619632
-3.5 -3.25 96 97 3.504257287255704 0.0009758455620377036
-3.5 -3.25 97 98 3.307816830580533 0.0009597719774676488
-3.5 -3.25 98 99 3.119783909834415 0.0009410142153351406
-3.5 -3.25 99 100 2.939984639107277 0.0009198591739033031
-3.25 -3 50 51 24.92869367764834 0.08207821271050186
-3.25 -3 51 52 24.14060722559812 0.08160646182007181
-3.25 -3 52 53 23.37489677984921 0.0788837997635768
-3.25 -3 53 54 22.63157263962479 0.07423876376810508
-3.25 -3 54 55 21.91052303619561 0.06797621402193495
-3.25 -3 55 56 21.21147320131857 0.0608120582598952
-3.25 -3 56 57 20.53385708759595 0.05482075179973975
-3.25 -3 57 58 19.87728049612741 0.05039070151280246
-3.25 -3 58 59 19.24138100736702 0.04733035685877631
-3.25 -3 59 60 18.62574590423881 0.0454407490476449
-3.25 -3 60 61 18.02981242720622 0.04366814371648758
-3.25 -3 61 62 17.45291121032344 0.04071281173453078
-3.25 -3 62 63 16.89458124096751 0.03672266728258242
-3.25 -3 63 64 16.35417853614558 0.03298390130827115
-3.25 -3 64 65 15.8310611690849 0.03032394285077267
-3.25 -3 65 66 15.32451192114795 0.02734798541301859
-3.25 -3 66 67 14.83368105910588 0.02457944676388675
-3.25 -3 67 68 14.35742432486623 0.02192511325879991
-3.25 -3 68 69 13.89363090980621 0.01944173096769081
-3.25 -3 69 70 13.42611652687804 0.02473548052299081
-3.25 -3 70 71 12.97925334460263 0.01269861951533052
-3.25 -3 71 72 12.54663530054511 0.01647311952270448
-3.25 -3 72 73 12.10943184670044 0.01590440959042246
-3.25 -3 73 74 11.67805836929245 0.02193582738097556
-3.25 -3 74 75 11.25297788880623 0.02731063593307148
-3.25 -3 75 76 10.83876372294575 0.01162648776426019
-3.25 -3 76 77 10.42640045050229 0.01447801560599158
-3.25 -3 77 78 10.02164208893877 0.01686862254257845
-3.25 -3 78 79 9.621629028232366 0.003905980282902931
-3.25 -3 79 80 9.233071498033887 0.003087235273067225
-3.25 -3 80 81 8.852883153245706 0.002188827615506313
-3.25 -3 81 82 8.481340555710975 0.001407930689047333
-3.25 -3 82 83 8.118650021804182 0.001398136506441572
-3.25 -3 83 84 7.730962422512167 0.01411993775524814
-3.25 -3 84 85 7.388379844704755 0.002578872838031875
-3.25 -3 85 86 7.05540268528781 0.005228308774309375
-3.25 -3 86 87 6.732083423577066 0.008838561472509915
-3.25 -3 87 88 6.418474030037531 0.009403909609182014
-3.25 -3 88 89 6.114626671242428 0.007450892172821006
-3.25 -3 89 90 5.82053459915282 0.003520101108482636
-3.25 -3 90 91 5.536146938120771 0.002376445214807801
-3.25 -3 91 92 5.261339114801583 0.008634662203993105
-3.25 -3 92 93 5.010090795805569 0.001393811277246912
-3.25 -3 93 94 4.752231336482266 0.001379391177704202
-3.25 -3 94 95 4.503901245120161 0.001361906330401794
-3.25 -3 95 96 4.265004891924921 0.001341478268349324
-3.25 -3 96 97 4.035428692482563 0.001318264322420767
-3.25 -3 97 98 3.815042455185698 0.001292449053491417
-3.25 -3 98 99 3.603971119939722 0.005593747892378298
-3.25 -3 99 100 3.401472770721876 0.004212818499833219
-3 -2.75 50 51 25.34228082141306 0.08818223039926905
-3 -2.75 51 52 24.59437522928874 0.08773362925965628
-3 -2.75 52 53 23.86390840518284 0.08482446701821186
-3 -2.75 53 54 23.15139130119027 0.07980623593202225
-3 -2.75 54 55 22.45715963138642 0.07300575199203926
-3 -2.75 55 56 21.78133989171533 0.06521050934622095
-3 -2.75 56 57 21.12372727566311 0.05873097561862681
-3 -2.75 57 58 20.48424823145149 0.05400355700481241
-3 -2.75 58 59 19.8628273126445 0.05081762335800028
-3 -2.75 59 60 19.25930925656621 0.04895306261625833
-3 -2.75 60 61 18.67336414997845 0.04721054850771703
-3 -2.75 61 62 18.1045263778507 0.04410216760522907
-3 -2.75 62 63 17.55252389732281 0.03979054954654423
-3 -2.75 63 64 17.01687729518851 0.03575855026681376
-3 -2.75 64 65 16.49709364854264 0.03296520508145843
-3 -2.75 65 66 15.99258401119839 0.0297845971975804
-3 -2.75 66 67 15.50260622680368 0.02682934220310543
-3 -2.75 67 68 15.02610035322752 0.02398888341341736
-3 -2.75 68 69 14.56097423074563 0.02132902301532813
-3 -2.75 69 70 14.08982074291826 0.02995116831874441
-3 -2.75 70 71 13.65061871215994 0.03193719323094012
-3 -2.75 71 72 13.20299447405601 0.01673940438342061
-3 -2.75 72 73 12.75975486078894 0.01400050291401023
-3 -2.75 73 74 12.32129364735481 0.02054993877457156
-3 -2.75 74 75 11.88815423569342 0.02647045958182768
-3 -2.75 75 76 11.46064792330189 0.03120649784955344
-3 -2.75 76 77 11.04334519827322 0.01590741645889229
-3 -2.75 77 78 10.62804630157487 0.01848153759865519
-3 -2.75 78 79 10.21626150984408 0.004644382866874402
-3 -2.75 79 80 9.815867505066848 0.003744933149872593
-3 -2.75 80 81 9.423296696852589 0.002720791736586836
-3 -2.75 81 82 9.038891396133987 0.00197970563141729
-3 -2.75 82 83 8.662917803597814 0.001813918762668473
-3 -2.75 83 84 8.295638306305179 0.001783101960732437
-3 -2.75 84 85 7.937296739287355 0.001785372018403552
-3 -2.75 85 86 7.58810288613434 0.00181926086561427
-3 -2.75 86 87 7.248232755828482 0.001793765048890698
-3 -2.75 87 88 6.917823414659473 0.001721010681663585
-3 -2.75 88 89 6.596970841035297 0.001673714575276515
-3 -2.75 89 90 6.285757874631727 0.001654967587886283
-3 -2.75 90 91 5.984240504209025 0.001635186314269347
-3 -2.75 91 92 5.692446236682967 0.001614492162517898
-3 -2.75 92 93 5.41037799678052 0.001592269327021033
-3 -2.75 93 94 5.138014576733024 0.001568286946606306
-3 -2.75 94 95 4.875311599070642 0.001542400028673685
-3 -2.75 95 96 4.62265729615407 0.008736688950672833
-3 -2.75 96 97 4.378946899343804 0.008454296192563729
-3 -2.75 97 98 4.144703926879627 0.006492759204463781
-3 -2.75 98 99 3.919741751278594 0.004736072126260902
-3 -2.75 99 100 3.703921536715226 0.003176338414621887
-2.75 -2.5 50 51 25.07098443441129 0.110759429010792
-2.75 -2.5 51 52 24.37746498328997 0.1077469048162988
-2.75 -2.5 52 53 23.69640791806145 0.1035983817680252
-2.75 -2.5 53 54 23.02878413527699 0.09845922634667736
-2.75 -2.5 54 55 22.37534265135386 0.09252330919811684
-2.75 -2.5 55 56 21.73658293755126 0.08626513795428187
-2.75 -2.5 56 57 21.11263905227425 0.08087119860078101
-2.75 -2.5 57 58 20.50373903197932 0.07648463740220962
-2.75 -2.5 58 59 19.91007853145173 0.07294661409973432
-2.75 -2.5 59 60 19.33174705034621 0.07012756272747669
-2.75 -2.5 60 61 18.76863950618021 0.06746159444768421
-2.75 -2.5 61 62 18.22048998039119 0.0642290479291258
-2.75 -2.5 62 63 17.68720927985086 0.06053447558173236
-2.75 -2.5 63 64 17.16848235982594 0.05709310133850441
-2.75 -2.5 64 65 16.66396649777052 0.05429653131832551
-2.75 -2.5 65 66 16.1732059766839 0.05142370061417918
-2.75 -2.5 66 67 15.6961642104168 0.02909789014482637
-2.75 -2.5 67 68 15.23071679697696 0.02608204233243834
-2.75 -2.5 68 69 14.77542917574321 0.0232537187708058
-2.75 -2.5 69 70 14.31157274012012 0.03829047613072117
-2.75 -2.5 70 71 13.88098358003361 0.0390847635563845
-2.75 -2.5 71 72 13.43973162959623 0.02038917982192165
-2.75 -2.5 72 73 13.0018014345052 0.01145331669522271
-2.75 -2.5 73 74 12.56764614241164 0.01662326398229707
-2.75 -2.5 74 75 12.13786713239077 0.02306010760732164
-2.75 -2.5 75 76 11.71282613957565 0.02840026455270353
-2.75 -2.5 76 77 11.29302874600113 0.03286630564839504
-2.75 -2.5 77 78 10.88336015966001 0.01849171357437857
-2.75 -2.5 78 79 10.47509400682797 0.02079055832040587
-2.75 -2.5 79 80 10.07025670477424 0.00439639915222932
-2.75 -2.5 80 81 9.676468573676864 0.003245609656216208
-2.75 -2.5 81 82 9.290259614518099 0.00200731094357696
-2.75 -2.5 82 83 8.911941024233052 0.001015559204892187
-2.75 -2.5 83 84 8.541819839394069 0.0007710275346026947
-2.75 -2.5 84 85 8.180183171025437 0.0008424561161775325
-2.75 -2.5 85 86 7.827282540514975 0.0009741103477487296
-2.75 -2.5 86 87 7.483334026671145 0.001020017786330676
-2.75 -2.5 87 88 7.148513067957676 0.001031405111031608
-2.75 -2.5 88 89 6.822951849115103 0.00108471631393908
-2.75 -2.5 89 90 6.506768391233635 0.001131322829530468
-2.75 -2.5 90 91 6.200052257271722 0.001170633472440989
-2.75 -2.5 91 92 5.902862868349885 0.001203648003790275
-2.75 -2.5 92 93 5.615233496038492 0.001230017570984494
-2.75 -2.5 93 94 5.337171696312538 0.001249967999596256
-2.75 -2.5 94 95 5.069006269282212 0.0128702591700414
-2.75 -2.5 95 96 4.809964966920727 0.01029047538289091
-2.75 -2.5 96 97 4.560371284576199 0.007934891418129513
-2.75 -2.5 97 98 4.320142800736225 0.005802667887515134
-2.75 -2.5 98 99 4.089177982957724 0.003889385550789339
-2.75 -2.5 99 100 3.867357608930217 0.002188261766074819
-2.5 -2.25 50 51 24.328771096276 0.09875722490195127
-2.5 -2.25 51 52 23.69391862759085 0.09847173303210151
-2.5 -2.25 52 53 23.06697306415435 0.09535933315017013
-2.5 -2.25 53 54 22.44930256817921 0.08980952486579979
-2.5 -2.25 54 55 21.84201425336994 0.08218564473481152
-2.5 -2.25 55 56 21.2459316003343 0.07339467066750441
-2.5 -2.25 56 57 20.66148345012579 0.06614160101426188
-2.5 -2.25 57 58 20.08916175648748 0.06094471403632327
-2.5 -2.25 58 59 19.52940043745382 0.05787994140919572
-2.5 -2.25 59 60 18.98250483016062 0.05585508325644659
-2.5 -2.25 60 61 18.44856936456749 0.05405004478235856
-2.5 -2.25 61 62 17.92750624090861 0.05114914721349095
-2.5 -2.25 62 63 17.41938940955625 0.04757405208842985
-2.5 -2.25 63 64 16.92405289247876 0.0442607503167664
-2.5 -2.25 64 65 16.4412911617155 0.04181069821588453
-2.5 -2.25 65 66 15.97077308842135 0.03915311567746146
-2.5 -2.25 66 67 15.51198950273783 0.03670151316162176
-2.5 -2.25 67 68 15.06410028284439 0.03436495219894893
-2.5 -2.25 68 69 14.625199999419 0.03219749357832347
-2.5 -2.25 69 70 14.17542547565122 0.04764573258400205
-2.5 -2.25 70 71 13.76053905677125 0.04407335067896333
-2.5 -2.25 71 72 13.33275904888136 0.02399475380453555
-2.5 -2.25 72 73 12.90744917353722 0.02355851120925452
-2.5 -2.25 73 74 12.48510485434395 0.02735193109840891
-2.5 -2.25 74 75 12.06636268209573 0.03098205978685067
-2.5 -2.25 75 76 11.65161806955411 0.03404317120546305
-2.5 -2.25 76 77 11.24141020332846 0.03667589574568033
-2.5 -2.25 77 78 10.83632443048197 0.03899726755161426
-2.5 -2.25 78 79 10.44118166431267 0.02150907433288561
-2.5 -2.25 79 80 10.04713406012449 0.02358318940714491
-2.5 -2.25 80 81 9.656663096489325 0.01591355908419324
-2.5 -2.25 81 82 9.276953961347616 0.01504895086967869
-2.5 -2.25 82 83 8.904600776796535 0.01427638100196762
-2.5 -2.25 83 84 8.5399367442159 0.01358417468436495
-2.5 -2.25 84 85 8.183274841845645 0.01292234815771821
-2.5 -2.25 85 86 7.834891807680521 0.01228894992235387
-2.5 -2.25 86 87 7.495028182778988 0.01167343248678715
-2.5 -2.25 87 88 7.163882922653713 0.01107724889853656
-2.5 -2.25 88 89 6.84161034959055 0.01050820139792123
-2.5 -2.25 89 90 6.528350816361851 0.009961449122062054
-2.5 -2.25 90 91 6.224215586861565 0.009436517661384793
-2.5 -2.25 91 92 5.929285045454503 0.008933099303176576
-2.5 -2.25 92 93 5.643612768914803 0.008450669521184402
-2.5 -2.25 93 94 5.367196625066889 0.009889352289554001
-2.5 -2.25 94 95 5.10014819424909 0.008072366845612801
-2.5 -2.25 95 96 4.842735991430082 0.01358112456510903
-2.5 -2.25 96 97 4.594080608589561 0.01160782992110583
-2.5 -2.25 97 98 4.354579423667971 0.009852187241477807
-2.5 -2.25 98 99 4.124147087114515 0.0083204998652223
-2.5 -2.25 99 100 3.902679879714267 0.007019408661115504
-2.25 -2 50 51 24.38147420193178 0.1045581243061868
-2.25 -2 51 52 23.76677439861507 0.1043746553910491
-2.25 -2 52 53 23.15755620847864 0.1011929208003907
-2.25 -2 53 54 22.55544546738528 0.09541972987155097
-2.25 -2 54 55 21.96177862174272 0.08743509484257517
-2.25 -2 55 56 21.3775845342538 0.0781999156595915
-2.25 -2 56 57 20.80347825153819 0.07059682743583018
-2.25 -2 57 58 20.24011437076283 0.0651815791749865
-2.25 -2 58 59 19.68807087205185 0.06170081738678949
-2.25 -2 59 60 19.14778154170484 0.05988642711912141
-2.25 -2 60 61 18.61945879498622 0.05819658883117706
-2.25 -2 61 62 18.10311729294952 0.05469715895809969
-2.25 -2 62 63 17.59892369998349 0.04958439672420202
-2.25 -2 63 64 17.10679236375411 0.04480406044453296
-2.25 -2 64 65 16.62659011988229 0.04162814845689675
-2.25 -2 65 66 16.15804566826516 0.03788993405506653
-2.25 -2 66 67 15.70069794139081 0.03441200197413379
-2.25 -2 67 68 15.25374304922509 0.03104293887669173
-2.25 -2 68 69 14.81527874744636 0.02787278802844879
-2.25 -2 69 70 14.38185479887396 0.0248764982092718
-2.25 -2 70 71 13.94797325665856 0.05979645807809647
-2.25 -2 71 72 13.51911175998242 0.0352265002508925
-2.25 -2 72 73 13.0922550897719 0.01475430106762642
-2.25 -2 73 74 12.66794233594685 0.007546737479120682
-2.25 -2 74 75 12.2468487773391 0.01104589877193878
-2.25 -2 75 76 11.8294145327689 0.01825113408922148
-2.25 -2 76 77 11.41621681076511 0.02471225458753305
-2.25 -2 77 78 11.00787237217094 0.03004917467785016
-2.25 -2 78 79 10.60495732325257 0.03444526582755162
-2.25 -2 79 80 10.20800413399112 0.03807029689595973
-2.25 -2 80 81 9.814592684057708 0.03103351806351904
-2.25 -2 81 82 9.434703946429735 0.00520984066822151
-2.25 -2 82 83 9.058140411804814 0.004481625563603239
-2.25 -2 83 84 8.689165620217743 0.003971383547049702
-2.25 -2 84 85 8.328113233628095 0.003619141071972525
-2.25 -2 85 86 7.97527942501295 0.003386658499370102
-2.25 -2 86 87 7.630922886052073 0.003172787157338273
-2.25 -2 87 88 7.295259739355139 0.002975088822386522
-2.25 -2 88 89 6.968460229915397 0.002796062348061813
-2.25 -2 89 90 6.650679283361658 0.002633059436173194
-2.25 -2 90 91 6.342041545895896 0.002484756306199716
-2.25 -2 91 92 6.042568541365384 0.01594992334174738
-2.25 -2 92 93 5.752431600710743 0.0132403136888869
-2.25 -2 93 94 5.471388393075511 0.01558018127193805
-2.25 -2 94 95 5.199965292366286 0.01249530428038292
-2.25 -2 95 96 4.937875717865058 0.009656641592531358
-2.25 -2 96 97 4.685082939103713 0.007085959448586647
-2.25 -2 97 98 4.441528164045137 0.004821999045935567
-2.25 -2 98 99 4.207132008657743 0.003239448170681008
-2.25 -2 99 100 3.981795958942929 0.002155375977790679
-2 -1.75 50 51 23.46827589089511 0.1062364061369124
-2 -1.75 51 52 22.92363093057739 0.1062752804959924
-2 -1.75 52 53 22.37929685051208 0.1031339242660232
-2 -1.75 53 54 21.83733000182883 0.09723747098905848
-2 -1.75 54 55 21.29945657898134 0.08898355634184398
-2 -1.75 55 56 20.76705822091887 0.07938755075477159
-2 -1.75 56 57 20.24106812219313 0.07150856064314773
-2 -1.75 57 58 19.72243213476531 0.06593968964580778
-2 -1.75 58 59 19.21199402148639 0.06241517938066976
-2 -1.75 59 60 18.71042955561913 0.06065339866011749
-2 -1.75 60 61 18.21818216366121 0.05901776792363434
-2 -1.75 61 62 17.73547859422634 0.05545285937333085
-2 -1.75 62 63 17.26267076980609 0.0501643090537629
-2 -1.75 63 64 16.79985471692194 0.04522019203985105
-2 -1.75 64 65 16.34706573684382 0.04197492355670102
-2 -1.75 65 66 15.9041893625307 0.03812196711042824
-2 -1.75 66 67 15.47091435891116 0.034537291163864
-2 -1.75 67 68 15.04658880948773 0.0310616665972288
-2 -1.75 68 69 14.629465059143 0.02778918750402958
-2 -1.75 69 70 14.19812577818487 0.05621516230955494
-2 -1.75 70 71 13.80328431053044 0.05662546262860164
-2 -1.75 71 72 13.39244190407462 0.0317479387385196
-2 -1.75 72 73 12.98257623233285 0.01404914177234231
-2 -1.75 73 74 12.57425350275351 0.01808637076983438
-2 -1.75 74 75 12.16817865365016 0.02374922674186131
-2 -1.75 75 76 11.7648081624075 0.02852184322397577
-2 -1.75 76 77 11.36474659146135 0.03454171205261049
-2 -1.75 77 78 10.96864291303692 0.03972883134662675
-2 -1.75 78 79 10.57710553200534 0.04403261299658421
-2 -1.75 79 80 10.19451100095803 0.02562140957957906
-2 -1.75 80 81 9.812676750424899 0.02781978925549518
-2 -1.75 81 82 9.434806411007969 0.0070610505603447
-2 -1.75 82 83 9.066519921342511 0.006367821036632466
-2 -1.75 83 84 8.705111430102271 0.005841638291213699
-2 -1.75 84 85 8.350945764769868 0.005390675446464125
-2 -1.75 85 86 8.004350002992766 0.004981022610050401
-2 -1.75 86 87 7.665613366629451 0.004571022805592562
-2 -1.75 87 88 7.334982399269755 0.00415772572466643
-2 -1.75 88 89 7.012657427295768 0.003767922988621739
-2 -1.75 89 90 6.698822731665331 0.003424157993048103
-2 -1.75 90 91 6.393631764470598 0.003123441499801707
-2 -1.75 91 92 6.097205528247493 0.002850634638649853
-2 -1.75 92 93 5.809351634736359 0.01384614634817434
-2 -1.75 93 94 5.530758851314644 0.01159153361035983
-2 -1.75 94 95 5.26173838921942 0.01719215010867989
-2 -1.75 95 96 5.000975804494079 0.01392183824342336
-2 -1.75 96 97 4.749171702489015 0.01091208168936802
-2 -1.75 97 98 4.506291664209698 0.008168823292028386
-2 -1.75 98 99 4.272279915347511 0.00569717002259597
-2 -1.75 99 100 4.047060764243058 0.003513066994000819
-1.75 -1.5 50 51 23.09450945384157 0.1042601677977735
-1.75 -1.5 51 52 22.55213097755819 0.1045373524064304
-1.75 -1.5 52 53 22.00981651098672 0.1014994979587908
-1.75 -1.5 53 54 21.4696816323667 0.09558482943192412
-1.75 -1.5 54 55 20.93350230611978 0.08720532495619317
-1.75 -1.5 55 56 20.4027002827593 0.0774243323888527
-1.75 -1.5 56 57 19.87823604081814 0.06945147680927401
-1.75 -1.5 57 58 19.36108169603708 0.06390685668667498
-1.75 -1.5 58 59 18.85210431129113 0.0605099235682346
-1.75 -1.5 59 60 18.35199816049735 0.05896580110039325
-1.75 -1.5 60 61 17.86121517993635 0.05754823592561157
-1.75 -1.5 61 62 17.3799808666393 0.0540878454984716
-1.75 -1.5 62 63 16.90865794046852 0.04879850594961636
-1.75 -1.5 63 64 16.44734269979423 0.04386221997337578
-1.75 -1.5 64 65 15.99607045888246 0.04070702486551388
-1.75 -1.5 65 66 15.5547258643944 0.03690334223911087
-1.75 -1.5 66 67 15.12299679329789 0.03336792689540728
-1.75 -1.5 67 68 14.70023975247395 0.02994083311194882
-1.75 -1.5 68 69 14.2847378529118 0.02671416960430756
-1.75 -1.5 69 70 13.85836323157154 0.05843702955911832
-1.75 -1.5 70 71 13.46682252328458 0.05880429718777457
-1.75 -1.5 71 72 13.05800777085689 0.03258536977925854
-1.75 -1.5 72 73 12.65051206501435 0.01468740618886359
-1.75 -1.5 73 74 12.2449126061934 0.01603335581711391
-1.75 -1.5 74 75 11.84190894509049 0.0243945868699875
-1.75 -1.5 75 76 11.4419654106821 0.03200417684124327
-1.75 -1.5 76 77 11.04568173098694 0.03862364984695636
-1.75 -1.5 77 78 10.65369228316875 0.04419871456032767
-1.75 -1.5 78 79 10.26944763485375 0.02479821353843787
-1.75 -1.5 79 80 9.887003790486418 0.02774227916866223
-1.75 -1.5 80 81 9.510288877510327 0.03023891383129763
-1.75 -1.5 81 82 9.137347729182061 0.002476908035219905
-1.75 -1.5 82 83 8.774769385872418 0.001779691006850665
-1.75 -1.5 83 84 8.41929369005743 0.002244246376853277
-1.75 -1.5 84 85 8.071265504703405 0.00259436213491891
-1.75 -1.5 85 86 7.730991785287337 0.002769148471672245
-1.75 -1.5 86 87 7.398741524797089 0.002774202503252666
-1.75 -1.5 87 88 7.074741413026921 0.002671849940926422
-1.75 -1.5 88 89 6.759172203205189 0.002571826117569424
-1.75 -1.5 89 90 6.45219833926577 0.002487297183167486
-1.75 -1.5 90 91 6.153953652625678 0.00241139222426459
-1.75 -1.5 91 92 5.864539952688538 0.00232060245146264
-1.75 -1.5 92 93 5.584031038638159 0.002214159815415192
-1.75 -1.5 93 94 5.312322711805855 0.01328683944604802
-1.75 -1.5 94 95 5.04979773282253 0.01100515518706143
-1.75 -1.5 95 96 4.797249642751353 0.0168556934662928
-1.75 -1.5 96 97 4.55246999041794 0.01359074590238871
-1.75 -1.5 97 98 4.316581937329243 0.01060669914484241
-1.75 -1.5 98 99 4.089514646532038 0.007908406983213438
-1.75 -1.5 99 100 3.871178200861694 0.005504823326289007
-1.5 -1.25 50 51 22.09360928372459 0.1117619728375261
-1.5 -1.25 51 52 21.60253591504792 0.112089486389812
-1.5 -1.25 52 53 21.10807569127027 0.1089453989741073
-1.5 -1.25 53 54 20.61262991942834 0.1027842102327831
-1.5 -1.25 54 55 20.11823308033519 0.09403204422372877
-1.5 -1.25 55 56 19.62654324321178 0.08605865856232683
-1.5 -1.25 56 57 19.13874259617762 0.08053042727345668
-1.5 -1.25 57 58 18.6559986394673 0.07640959680286676
-1.5 -1.25 58 59 18.17935352571283 0.07346389844299732
-1.5 -1.25 59 60 17.70966064111698 0.07150273194024434
-1.5 -1.25 60 61 17.24752672465991 0.0696524802918914
-1.5 -1.25 61 62 16.79331996079662 0.06679507331255156
-1.5 -1.25 62 63 16.34752401847277 0.06309339311353532
-1.5 -1.25 63 64 15.91035233857093 0.05967635845155316
-1.5 -1.25 64 65 15.48194867060175 0.05717042563858545
-1.5 -1.25 65 66 15.06229719855217 0.054435034203654
-1.5 -1.25 66 67 14.65118132956533 0.05190910729560928
-1.5 -1.25 67 68 14.24806006366104 0.04949578295521272
-1.5 -1.25 68 69 13.8513410376076 0.04724766911065674
-1.5 -1.25 69 70 13.45796396299556 0.04512986730008551
-1.5 -1.25 70 71 13.06563969909769 0.07459606244095889
-1.5 -1.25 71 72 12.67403029233347 0.04908901311836971
-1.5 -1.25 72 73 12.2832438424241 0.0391583882699745
-1.5 -1.25 73 74 11.89387231640339 0.03627872816966873
-1.5 -1.25 74 75 11.50662148417229 0.03692366565741723
-1.5 -1.25 75 76 11.12196123113718 0.03886337791098185
-1.5 -1.25 76 77 10.74049711711642 0.04133941601530124
-1.5 -1.25 77 78 10.36286810299619 0.04388363156003061
-1.5 -1.25 78 79 9.989671701228261 0.04626648132970932
-1.5 -1.25 79 80 9.621460538428316 0.0484007998747898
-1.5 -1.25 80 81 9.261570337732401 0.03126358242787819
-1.5 -1.25 81 82 8.901035751802326 0.02750655314451727
-1.5 -1.25 82 83 8.550461242567671 0.0264308668882352
-1.5 -1.25 83 84 8.206564219394657 0.02541309529544734
-1.5 -1.25 84 85 7.869695048557368 0.02442993124394709
-1.5 -1.25 85 86 7.540166477669857 0.02346620911535561
-1.5 -1.25 86 87 7.218253530829422 0.02251396695582295
-1.5 -1.25 87 88 6.904189221552265 0.02157462853591123
-1.5 -1.25 88 89 6.598160698128687 0.02065702665956074
-1.5 -1.25 89 90 6.300339309000506 0.01976288236136897
-1.5 -1.25 90 91 6.010704373415766 0.001269065823051273
-1.5 -1.25 91 92 5.729682571543581 0.00125298698609877
-1.5 -1.25 92 93 5.4572006988077 0.001306324841231269
-1.5 -1.25 93 94 5.193067193283124 0.01413247767501441
-1.5 -1.25 94 95 4.938740641392187 0.0206109249295655
-1.5 -1.25 95 96 4.692050916885343 0.01706459679927829
-1.5 -1.25 96 97 4.453966983247774 0.01378455419243867
-1.5 -1.25 97 98 4.224447689800577 0.01077984224336029
-1.5 -1.25 98 99 4.00343150832261 0.00805666012935667
-1.5 -1.25 99 100 3.790837976893688 0.005624268005548273
-1.25 -1 50 51 22.18178728332975 0.1175083172300382
-1.25 -1 51 52 21.69707740481428 0.1178730737240023
-1.25 -1 52 53 21.20783167823316 0.1146335215383507
-1.25 -1 53 54 20.71659227001024 0.1082575903140441
-1.25 -1 54 55 20.22551781876228 0.09918414563757925
-1.25 -1 55 56 19.73637695862968 0.08856151431244486
-1.25 -1 56 57 19.2504526861552 0.07988605628876135
-1.25 -1 57 58 18.76899797111358 0.07384323488818985
-1.25 -1 58 59 18.29312914110093 0.07013602674671729
-1.25 -1 59 60 17.82376472464404 0.06844765632148107
-1.25 -1 60 61 17.36156905337947 0.06688529676560842
-1.25 -1 61 62 16.90695772192754 0.06305934135404138
-1.25 -1 62 63 16.46045976450398 0.05788002895389188
-1.25 -1 63 64 16.02232512757192 0.05385027154153253
-1.25 -1 64 65 15.59273024453809 0.05093772440456342
-1.25 -1 65 66 15.17168658586297 0.04769362098181745
-1.25 -1 66 67 14.75900011436507 0.04468178129569354
-1.25 -1 67 68 14.35415015095883 0.04177766479056268
-1.25 -1 68 69 13.9555528609106 0.03905915361739127
-1.25 -1 69 70 13.56014276164981 0.03649008258297549
-1.25 -1 70 71 13.16387431216421 0.08018000581198387
-1.25 -1 71 72 12.77001076954139 0.04914283432656636
-1.25 -1 72 73 12.37683816891845 0.03071604538595175
-1.25 -1 73 74 11.98496745110315 0.02482273109398057
-1.25 -1 74 75 11.59512217982862 0.02482653955800299
-1.25 -1 75 76 11.20778820943879 0.02730800973407204
-1.25 -1 76 77 10.82358763737732 0.03072173440222987
-1.25 -1 77 78 10.44317443015795 0.03585240169279771
-1.25 -1 78 79 10.06716018937537 0.04202108271320091
-1.25 -1 79 80 9.696110571624878 0.04722782694726116
-1.25 -1 80 81 9.330546325788234 0.05165850225035361
-1.25 -1 81 82 8.970984927311221 0.01677834056462931
-1.25 -1 82 83 8.61752757935551 0.01576856991573066
-1.25 -1 83 84 8.270774350718192 0.01487849910028503
-1.25 -1 84 85 7.931083797485684 0.01406828883448015
-1.25 -1 85 86 7.598776055139489 0.01329644644446323
-1.25 -1 86 87 7.234456739085097 0.03038853265183186
-1.25 -1 87 88 6.920238058014604 0.02856058048934355
-1.25 -1 88 89 6.648749344621386 0.01115625834474319
-1.25 -1 89 90 6.348377835105239 0.01050662313154648
-1.25 -1 90 91 6.056423197329899 0.009886941501965518
-1.25 -1 91 92 5.772997928903091 0.00929667419348933
-1.25 -1 92 93 5.498186193430669 0.008734983271036242
-1.25 -1 93 94 5.232314066597812 0.02395792355438085
-1.25 -1 94 95 4.974852295379712 0.02003217305269861
-1.25 -1 95 96 4.726092464454428 0.01636372234383537
-1.25 -1 96 97 4.486016067951507 0.01296664037246378
-1.25 -1 97 98 4.254582375544594 0.00984797310689014
-1.25 -1 98 99 4.031729920540538 0.00794366559433979
-1.25 -1 99 100 3.81737797457669 0.006401680746246223
-1 -0.75 50 51 21.78307538907026 0.1231137442323312
-1 -0.75 51 52 21.3064542277595 0.123457864828955
-1 -0.75 52 53 20.8247288656471 0.1200858142229152
-1 -0.75 53 54 20.34050957646505 0.1134771556768181
-1 -0.75 54 55 19.85601478345666 0.1040819302741221
-1 -0.75 55 56 19.37306446699375 0.0930832460328946
-1 -0.75 56 57 18.89298266132857 0.08409061884775292
-1 -0.75 57 58 18.41706223918504 0.07781347369117377
-1 -0.75 58 59 17.94645604950395 0.07394687342492655
-1 -0.75 59 60 17.4821145124493 0.0721650678370698
-1 -0.75 60 61 17.02473139707752 0.07051398094973471
-1 -0.75 61 62 16.57474664431794 0.06652360550945406
-1 -0.75 62 63 16.13271222752175 0.06043000178634086
-1 -0.75 63 64 15.69890008711596 0.05472092400737294
-1 -0.75 64 65 15.27350730357102 0.05103623405739874
-1 -0.75 65 66 14.85656451405187 0.04658923060434731
-1 -0.75 66 67 14.44789734794874 0.0424392739628509
-1 -0.75 67 68 14.04701226663663 0.03839373127569287
-1 -0.75 68 69 13.652370336307 0.0345682040263156
-1 -0.75 69 70 13.26098624018871 0.030933285983936
-1 -0.75 70 71 12.86763923650065 0.08209222843310321
-1 -0.75 71 72 12.47820029084544 0.0498646206054828
-1 -0.75 72 73 12.08963266935285 0.02278969280278426
-1 -0.75 73 74 11.70254900117126 0.01452922988276144
-1 -0.75 74 75 11.31766536767397 0.0170765518027772
-1 -0.75 75 76 10.93546547155724 0.02247730201681388
-1 -0.75 76 77 10.55656401601513 0.03128572508077907
-1 -0.75 77 78 10.18160304329253 0.03896608134405172
-1 -0.75 78 79 9.811181774137864 0.04543774470606129
-1 -0.75 79 80 9.445853002215188 0.05090812547472555
-1 -0.75 80 81 9.090785217234078 0.03532272100215327
-1 -0.75 81 82 8.733049644774113 0.0105451782450902
-1 -0.75 82 83 8.385578699097728 0.009779480639003062
-1 -0.75 83 84 8.044891528355848 0.009201384364661653
-1 -0.75 84 85 7.711332507425922 0.008744073998465813
-1 -0.75 85 86 7.385207692752218 0.008339538788925288
-1 -0.75 86 87 7.066784740722568 0.007952477915263859
-1 -0.75 87 88 6.756289296597949 0.007581533041102153
-1 -0.75 88 89 6.453900997259957 0.007227750199400354
-1 -0.75 89 90 6.159782628261489 0.006889745076029832
-1 -0.75 90 91 5.874066271400515 0.006566758720258196
-1 -0.75 91 92 5.596852176303884 0.00625844783426992
-1 -0.75 92 93 5.328212723571315 0.005964050498056485
-1 -0.75 93 94 5.067784649881641 0.01673340087882889
-1 -0.75 94 95 4.816871795487476 0.02268700486765197
-1 -0.75 95 96 4.574116539514002 0.01881756803986976
-1 -0.75 96 97 4.339962945238728 0.01522664673722718
-1 -0.75 97 98 4.114361533215089 0.0119227294715259
-1 -0.75 98 99 3.897242726045452 0.008908493233568723
-1 -0.75 99 100 3.688518331057999 0.00649778038672799
-0.75 -0.5 50 51 21.23252555058681 0.1243536078179759
-0.75 -0.5 51 52 20.77935009621442 0.1248142436987146
-0.75 -0.5 52 53 20.31956919561338 0.1214759470365272
-0.75 -0.5 53 54 19.85592037664651 0.1148267615366851
-0.75 -0.5 54 55 19.3907366514413 0.1053248432195309
-0.75 -0.5 55 56 18.92594218196052 0.09601539334102338
-0.75 -0.5 56 57 18.4629580315794 0.08962358247821821
-0.75 -0.5 57 58 18.00316240610394 0.08481368623959343
-0.75 -0.5 58 59 17.54778434510419 0.08134940557354203
-0.75 -0.5 59 60 17.09784311347914 0.07903089766553104
-0.75 -0.5 60 61 16.65409868406203 0.07684495666587614
-0.75 -0.5 61 62 16.21705103180045 0.07347149798015543
-0.75 -0.5 62 63 15.78730407274904 0.06907619218276481
-0.75 -0.5 63 64 15.36518002345147 0.06498632804394529
-0.75 -0.5 64 65 14.95092271817123 0.06197540088450091
-0.75 -0.5 65 66 14.54460665323057 0.05866316577322876
-0.75 -0.5 66 67 14.14610086801609 0.0555850725876668
-0.75 -0.5 67 68 13.75496164578375 0.05262326633683821
-0.75 -0.5 68 69 13.36971607170697 0.04984807194268912
-0.75 -0.5 69 70 12.98746987160362 0.04722177600225221
-0.75 -0.5 70 71 12.60332834804252 0.08897371329637015
-0.75 -0.5 71 72 12.22264238551126 0.05641671663470274
-0.75 -0.5 72 73 11.84267795742743 0.04205834688784181
-0.75 -0.5 73 74 11.46405195571556 0.03574778970461237
-0.75 -0.5 74 75 11.08747951514651 0.03467127823445094
-0.75 -0.5 75 76 10.71344566746484 0.03601907288128193
-0.75 -0.5 76 77 10.34256449864371 0.038554151782019
-0.75 -0.5 77 78 9.975475408323149 0.04149780539164425
-0.75 -0.5 78 79 9.612775008345437 0.04443103300039438
-0.75 -0.5 79 80 9.255013459904092 0.04973426246907017
-0.75 -0.5 80 81 8.902695662731134 0.05474184691292062
-0.75 -0.5 81 82 8.556841915896214 0.02590365479020794
-0.75 -0.5 82 83 8.216471315672258 0.02467606636240708
-0.75 -0.5 83 84 7.882720333090539 0.02355025798584087
-0.75 -0.5 84 85 7.555931248357943 0.02249583804678126
-0.75 -0.5 85 86 7.236408251328108 0.02148745510213919
-0.75 -0.5 86 87 6.924417345882851 0.02050898269081902
-0.75 -0.5 87 88 6.62018286036276 0.0195601613480847
-0.75 -0.5 88 89 6.323883349244312 0.01864161462057272
-0.75 -0.5 89 90 6.035680744316522 0.01775296329604495
-0.75 -0.5 90 91 5.755706532333072 0.016894015957835
-0.75 -0.5 91 92 5.484060662919546 0.01606468910026879
-0.75 -0.5 92 93 5.220815500845745 0.01526467896234092
-0.75 -0.5 93 94 4.966077776793039 0.0270098866545347
-0.75 -0.5 94 95 4.719741440267885 0.02283034979173409
-0.75 -0.5 95 96 4.481862601859461 0.01975377640757238
-0.75 -0.5 96 97 4.252414464172389 0.01725556232869831
-0.75 -0.5 97 98 4.031348912954439 0.01504399467818449
-0.75 -0.5 98 99 3.818598008408344 0.01313540036497046
-0.75 -0.5 99 100 3.614075457295367 0.0115424402239057
-0.5 -0.25 50 51 21.15074939316662 0.1290278897846549
-0.5 -0.25 51 52 20.70482892206169 0.1270724369761305
-0.5 -0.25 52 53 20.25158999157162 0.1233355414209217
-0.5 -0.25 53 54 19.79384388142859 0.1174947776395833
-0.5 -0.25 54 55 19.33398925036994 0.1103854113137099
-0.5 -0.25 55 56 18.8740090701294 0.1025743592980051
-0.5 -0.25 56 57 18.41537780689109 0.09602721397503949
-0.5 -0.25 57 58 17.95952031935289 0.09101690787894476
-0.5 -0.25 58 59 17.50770694632357 0.08731006096066005
-0.5 -0.25 59 60 17.06099376574437 0.08471409124922533
-0.5 -0.25 60 61 16.62017522173988 0.0822625204773762
-0.5 -0.25 61 62 16.18578151882318 0.07869204520915656
-0.5 -0.25 62 63 15.75844326824981 0.07416283406790281
-0.5 -0.25 63 64 15.33850705397742 0.06994411905868558
-0.5 -0.25 64 65 14.92623894633371 0.06676717194360475
-0.5 -0.25 65 66 14.52173288001507 0.06331920357101921
-0.5 -0.25 66 67 14.12487535362222 0.06010780124051264
-0.5 -0.25 67 68 13.73523993716505 0.05702001456998169
-0.5 -0.25 68 69 13.35136903782829 0.05412011339253701
-0.5 -0.25 69 70 12.97038266572221 0.05136985585745839
-0.5 -0.25 70 71 12.58800797210162 0.08953344817646153
-0.5 -0.25 71 72 12.20836894650701 0.05888111539515233
-0.5 -0.25 72 73 11.82936551250832 0.04513132164614934
-0.5 -0.25 73 74 11.45162242633683 0.03932507963234022
-0.5 -0.25 74 75 11.07586104111462 0.03839191127327617
-0.5 -0.25 75 76 10.70257219543194 0.03966337100998379
-0.5 -0.25 76 77 10.33237577797745 0.04203482116577196
-0.5 -0.25 77 78 9.96591621106829 0.04480004911291221
-0.5 -0.25 78 79 9.603794834867571 0.04756936491058434
-0.5 -0.25 79 80 9.246566183546577 0.05153454031654273
-0.5 -0.25 80 81 8.894739195360373 0.05663066319668024
-0.5 -0.25 81 82 8.548916697506456 0.02845674868299058
-0.5 -0.25 82 83 8.208979915405962 0.02710842281119858
-0.5 -0.25 83 84 7.875630773825414 0.02585981316023418
-0.5 -0.25 84 85 7.549214409341602 0.02468270606602892
-0.5 -0.25 85 86 7.230037644529766 0.02354746949217432
-0.5 -0.25 86 87 6.918368882448149 0.0224474687965169
-0.5 -0.25 87 88 6.571995874240109 0.03702433398313375
-0.5 -0.25 88 89 6.318415793856367 0.0203522883688901
-0.5 -0.25 89 90 6.030475874795258 0.01935723917675434
-0.5 -0.25 90 91 5.750748100237601 0.0183967695269165
-0.5 -0.25 91 92 5.479333922770081 0.01747068679342959
-0.5 -0.25 92 93 5.216307054482286 0.01657858566038682
-0.5 -0.25 93 94 4.961360268006153 0.01757434849017132
-0.5 -0.25 94 95 4.715875529452287 0.02396846939604425
-0.5 -0.25 95 96 4.478170613122362 0.02110574074184117
-0.5 -0.25 96 97 4.248887568589456 0.01851108122572432
-0.5 -0.25 97 98 4.027979051396191 0.01620215111916474
-0.5 -0.25 98 99 3.815377803993844 0.01419316500425235
-0.5 -0.25 99 100 3.610998136042618 0.01249451106072999
-0.25 0 50 51 21.24320445457647 0.127492913979366
-0.25 0 51 52 20.79317059030504 0.1271862743996041
-0.25 0 52 53 20.33589776029663 0.1237954262680828
-0.25 0 53 54 19.87420577476277 0.1170154917300118
-0.25 0 54 55 19.41049996170071 0.1092977618866633
-0.25 0 55 56 18.94676809288339 0.1014881039065762
-0.25 0 56 57 18.48448705966968 0.09496406330409768
-0.25 0 57 58 18.02508406283636 0.0900084502879841
-0.25 0 58 59 17.56983122291223 0.08638280994040683
-0.25 0 59 60 17.11978550630872 0.08388906286982423
-0.25 0 60 61 16.67574105700339 0.08153402283477243
-0.25 0 61 62 16.2382263175727 0.07802207417230964
-0.25 0 62 63 15.80787140437928 0.0735186112556485
-0.25 0 63 64 15.38502091540525 0.06932668271249282
-0.25 0 64 65 14.96993887106362 0.06619803458563021
-0.25 0 65 66 14.56271657903693 0.0627854935283023
-0.25 0 66 67 14.16323734344884 0.05961092179145555
-0.25 0 67 68 13.77107139745513 0.05655942992719652
-0.25 0 68 69 13.38475565331555 0.0536981953104529
-0.25 0 69 70 13.00140302448769 0.05098875168149137
-0.25 0 70 71 12.61633037120961 0.09024163491866916
-0.25 0 71 72 12.23449252936194 0.059042642393469
-0.25 0 72 73 11.85336622993299 0.04507525559192099
-0.25 0 73 74 11.47357828804365 0.03918236577156357
-0.25 0 74 75 11.09585171587649 0.03827774176419494
-0.25 0 75 76 10.72067846042971 0.03962814570515499
-0.25 0 76 77 10.34867957620537 0.04209475514497968
-0.25 0 77 78 9.980500174058974 0.04495420126313162
-0.25 0 78 79 9.616741948110104 0.04781009999558224
-0.25 0 79 80 9.257959431101568 0.05218434759495746
-0.25 0 80 81 8.904661227303507 0.05734583402781055
-0.25 0 81 82 8.557688173415585 0.02860663238878534
-0.25 0 82 83 8.216431918128478 0.02729450058134003
-0.25 0 83 84 7.881844270519238 0.02608023684697227
-0.25 0 84 85 7.554268921270662 0.02493491490961266
-0.25 0 85 86 7.234011030563394 0.02382857348833017
-0.25 0 86 87 6.875812011242601 0.03759413560983606
-0.25 0 87 88 6.573620244096162 0.03480168150717078
-0.25 0 88 89 6.319593600824867 0.02070388497364035
-0.25 0 89 90 6.030863902412783 0.0197272292016618
-0.25 0 90 91 5.750413406197211 0.01878276179381659
-0.25 0 91 92 5.478341012039749 0.01787039127123255
-0.25 0 92 93 5.214717792259371 0.01698981548540025
-0.25 0 93 94 4.959076523680292 0.01811184967547021
-0.25 0 94 95 4.713149647569622 0.0244656413040822
-0.25 0 95 96 4.475023789116317 0.02159755421178733
-0.25 0 96 97 4.245370285516604 0.01899992651650473
-0.25 0 97 98 4.024139017670368 0.01669015447096033
-0.25 0 98 99 3.81125996666826 0.01468168330834335
-0.25 0 99 100 3.606644706200729 0.01298348523244936
0 0.25 50 51 21.24839895139164 0.1274940635330701
0 0.25 51 52 20.79804321256134 0.1271873914516707
0 0.25 52 53 20.34047006756643 0.1237964678243733
0 0.25 53 54 19.87849777910426 0.1170164291421644
0 0.25 54 55 19.41453023779474 0.1092985581076259
0 0.25 55 56 18.95055387086552 0.101488742303514
0 0.25 56 57 18.48804428875562 0.09496458066738905
0 0.25 57 58 18.02842754609699 0.09000888792176265
0 0.25 58 59 17.5729747160222 0.08638320094124449
0 0.25 59 60 17.12274179452007 0.08388943343983707
0 0.25 60 61 16.67852200651728 0.08153437545963126
0 0.25 61 62 16.24084293687378 0.07802238364638125
0 0.25 62 63 15.8103339393314 0.0735188578765584
0 0.25 63 64 15.38733888310617 0.06932687501046672
0 0.25 64 65 14.97212111497561 0.06619819551297194
0 0.25 65 66 14.56477131217608 0.06278561865738677
0 0.25 66 67 14.16517217936646 0.05961101675083787
0 0.25 67 68 13.77289335497539 0.05655949811023355
0 0.25 68 69 13.38647108642181 0.05369824118177053
0 0.25 69 70 13.00301751053289 0.05098877898319903
0 0.25 70 71 12.61784884762272 0.090240978386183
0 0.25 71 72 12.23591967589323 0.05904193645683557
0 0.25 72 73 11.85470643907394 0.04507477978406556
0 0.25 73 74 11.47483577130637 0.03918225745836384
0 0.25 74 75 11.09703053178902 0.03827794146773632
0 0.25 75 76 10.72178250033457 0.03962854790496699
0 0.25 76 77 10.34971258532958 0.04209527224003146
0 0.25 77 78 9.981465764081676 0.04495476874591297
0 0.25 78 79 9.617643599788352 0.04781067674564592
0 0.25 79 80 9.258800496851094 0.05218489094342485
0 0.25 80 81 8.905444933720389 0.057346325964945
0 0.25 81 82 8.55841752758451 0.02860662230405675
0 0.25 82 83 8.217109986582457 0.02729449456022725
0 0.25 83 84 7.882473911996655 0.02608023445770415
0 0.25 84 85 7.554852879595764 0.02493491558989022
0 0.25 85 86 7.234551937067039 0.02382857451079969
0 0.25 86 87 6.8763122229849 0.03758831663197632
0 0.25 87 88 6.574082391268092 0.03479653521195696
0 0.25 88 89 6.320020048746272 0.02070388696650672
0 0.25 89 90 6.031256744128001 0.01972723150415954
0 0.25 90 91 5.75077474603971 0.01878276438875501
0 0.25 91 92 5.478672856793018 0.01787039414423712
0 0.25 92 93 5.215022053795273 0.01698981861764364
0 0.25 93 94 4.95935502153538 0.018111852679907
0 0.25 94 95 4.713404151776288 0.02446557618395649
0 0.25 95 96 4.475255897287212 0.02159747994568781
0 0.25 96 97 4.245581556123003 0.01899984888535605
0 0.25 97 98 4.024330927302593 0.01669007894533335
0 0.25 98 99 3.811433912699489 0.01468161497557803
0 0.25 99 100 3.606802009414896 0.01298342859664646
0.25 0.5 50 51 21.1660820015293 0.1290308745094933
0.25 0.5 51 52 20.71921392330208 0.1270753980895866
0.25 0.5 52 53 20.26509067335761 0.1233383210886245
0.25 0.5 53 54 19.80651901305419 0.1174972608684611
0.25 0.5 54 55 19.34589340018854 0.1103875008918281
0.25 0.5 55 56 18.8851928734353 0.102576020394186
0.25 0.5 56 57 18.425888148941 0.0960285490402652
0.25 0.5 57 58 17.96940072784042 0.09101803178067787
0.25 0.5 58 59 17.516997878811 0.08731106537143882
0.25 0.5 59 60 17.06973283384548 0.08471504875983625
0.25 0.5 60 61 16.62839734044508 0.08226343712036528
0.25 0.5 61 62 16.19351908533244 0.07869284857811108
0.25 0.5 62 63 15.76572644041084 0.07416346750355346
0.25 0.5 63 64 15.34536384906579 0.06994460601234898
0.25 0.5 64 65 14.932695402272 0.06676757642781721
0.25 0.5 65 66 14.52781318096089 0.06331951230189169
0.25 0.5 66 67 14.13060191962029 0.0601080296562567
0.25 0.5 67 68 13.74063343569618 0.05702017185375099
0.25 0.5 68 69 13.35644817358467 0.05412021180515342
0.25 0.5 69 70 12.97516384874517 0.05136990565805673
0.25 0.5 70 71 12.59250578254125 0.08952920848189601
0.25 0.5 71 72 12.21259708867844 0.05887702410071233
0.25 0.5 72 73 11.83333691166722 0.04512876191855223
0.25 0.5 73 74 11.4553494778995 0.03932453605379534
0.25 0.5 74 75 11.07935569264745 0.03839296080839232
0.25 0.5 75 76 10.70584590479672 0.03966545437363427
0.25 0.5 76 77 10.33543957500385 0.04203749467629503
0.25 0.5 77 78 9.968780734124991 0.04480299171840263
0.25 0.5 78 79 9.60647033857596 0.04757237369071502
0.25 0.5 79 80 9.249062546162776 0.05153741631639014
0.25 0.5 80 81 8.897065926065281 0.05663329040277451
0.25 0.5 81 82 8.55108265330491 0.0284567183235947
0.25 0.5 82 83 8.210994146440989 0.02710840480419758
0.25 0.5 83 84 7.877501709292801 0.02585980600149302
0.25 0.5 84 85 7.550950141051409 0.0246827081132881
0.25 0.5 85 86 7.231645933920795 0.02354747255226425
0.25 0.5 86 87 6.919857167563272 0.02244747674479544
0.25 0.5 87 88 6.573370091023463 0.03700892321695852
0.25 0.5 88 89 6.319685119605737 0.02035229432605759
0.25 0.5 89 90 6.031645631798149 0.01935724606622902
0.25 0.5 90 91 5.751824501217335 0.01839677730170618
0.25 0.5 91 92 5.480322893587271 0.01747069541348368
0.25 0.5 92 93 5.217214241765284 0.01657859507356608
0.25 0.5 93 94 4.962191046714555 0.01757435756882346
0.25 0.5 94 95 4.716635112018682 0.02396861347482625
0.25 0.5 95 96 4.478863737276885 0.02110580796839172
0.25 0.5 96 97 4.249518840939924 0.01851109072710509
0.25 0.5 97 98 4.028552837464765 0.01620212102502021
0.25 0.5 98 99 3.815898235924799 0.01419311240541492
0.25 0.5 99 100 3.611469120343692 0.01249445177282714
0.5 0.75 50 51 21.25693704295034 0.1243579092931694
0.5 0.75 51 52 20.80225920288393 0.1248184921846975
0.5 0.75 52 53 20.34107575952703 0.1214799584227116
0.5 0.75 53 54 19.87611716763976 0.1148303868206689
0.5 0.75 54 55 19.40970985549757 0.1053279647772004
0.5 0.75 55 56 18.94377181359641 0.09601790828474849
0.5 0.75 56 57 18.47971821278389 0.08962559907588534
0.5 0.75 57 58 18.0189219816713 0.08481538395444246
0.5 0.75 58 59 17.56260733159482 0.08135092841974441
0.5 0.75 59 60 17.11178904828884 0.07903236008792339
0.5 0.75 60 61 16.6672228562999 0.07684636608800324
0.5 0.75 61 62 16.22940476106643 0.0734727348337724
0.5 0.75 62 63 15.79893514752001 0.06907716194380271
0.5 0.75 63 64 15.37613285336948 0.06498706667288397
0.5 0.75 64 65 14.96123858696527 0.06197601163590514
0.5 0.75 65 66 14.55432391544628 0.05866362552696674
0.5 0.75 66 67 14.15525508891807 0.05558540543406625
0.5 0.75 67 68 13.7635856171086 0.05262348633094073
0.5 0.75 68 69 13.3778394731779 0.04984819845065453
0.5 0.75 69 70 12.99511873584167 0.04722182528547614
0.5 0.75 70 71 12.61052586334787 0.08896692692202053
0.5 0.75 71 72 12.22941021197904 0.05640988715101876
0.5 0.75 72 73 11.84903659472477 0.04205384322944009
0.5 0.75 73 74 11.47002106740105 0.03574658162400332
0.5 0.75 74 75 11.09307805967696 0.0346727775761745
0.5 0.75 75 76 10.71869182975927 0.03602230976416499
0.5 0.75 76 77 10.34747578875138 0.03855833323366736
0.5 0.75 77 78 9.980068719747734 0.0415023746204006
0.5 0.75 78 79 9.617066629812371 0.04443565312195621
0.5 0.75 79 80 9.259019086636016 0.04973851161111284
0.5 0.75 80 81 8.906430407676559 0.05474569146255068
0.5 0.75 81 82 8.560319839003242 0.02590359480137788
0.5 0.75 82 83 8.219706829982073 0.0246760284300217
0.5 0.75 83 84 7.885726845176443 0.02355023934904796
0.5 0.75 84 85 7.558721631556942 0.02249584172810184
0.5 0.75 85 86 7.238994856571843 0.02148746051070105
0.5 0.75 86 87 6.926812012539159 0.02050898980304927
0.5 0.75 87 88 6.622396925079158 0.01956017004001985
0.5 0.75 88 89 6.325927654642207 0.01864162494746242
0.5 0.75 89 90 6.037565655282059 0.01775297519797974
0.5 0.75 90 91 5.757441947956373 0.01689402935061654
0.5 0.75 91 92 5.485656027618724 0.01606470391264151
0.5 0.75 92 93 5.222279816360306 0.01526469510172129
0.5 0.75 93 94 4.967419800067148 0.02700992702772306
0.5 0.75 94 95 4.720969110621148 0.02283026050813748
0.5 0.75 95 96 4.482983665877779 0.01975358851320068
0.5 0.75 96 97 4.253436273516851 0.01725531191623519
0.5 0.75 97 98 4.032278436443903 0.01504371577554918
0.5 0.75 98 99 3.819441844161513 0.0131351260739938
0.5 0.75 99 100 3.614839844903713 0.01154220187515824
0.75 1 50 51 21.81529637858119 0.1231178868207809
0.75 1 51 52 21.33668846471153 0.1234620355599065
0.75 1 52 53 20.85310863956485 0.120089762867061
0.75 1 53 54 20.36715777866982 0.1134806793856027
0.75 1 54 55 19.88104556096744 0.1040848683872065
0.75 1 55 56 19.3965837735108 0.09308552317714602
0.75 1 56 57 18.91508863048784 0.08409238886857998
0.75 1 57 58 18.43784600372325 0.07781492495856458
0.75 1 58 59 17.96600233866215 0.0739481649351923
0.75 1 59 60 17.50050211634604 0.07216632921624516
0.75 1 60 61 17.04203347401497 0.07051521911484157
0.75 1 61 62 16.59103109153546 0.06652468048825402
0.75 1 62 63 16.14804226329113 0.06043079575672406
0.75 1 63 64 15.7133344533803 0.05472146798055209
0.75 1 64 65 15.28710060187396 0.0510366502098249
0.75 1 65 66 14.86936746749721 0.04658948102427349
0.75 1 66 67 14.4599569877909 0.04243938144913981
0.75 1 67 68 14.05837195523907 0.03839370473066875
0.75 1 68 69 13.66306932317943 0.03456806064168787
0.75 1 69 70 13.27105895877203 0.0309330390022887
0.75 1 70 71 12.87711677320293 0.08208590886073938
0.75 1 71 72 12.48711084785914 0.04985805447676511
0.75 1 72 73 12.09800336608239 0.02278338426770901
0.75 1 73 74 11.7104058471955 0.01452919819582502
0.75 1 74 75 11.32503343581278 0.01708175527931528
0.75 1 75 76 10.94236880837771 0.02248396783795441
0.75 1 76 77 10.56302577203978 0.03129182240618356
0.75 1 77 78 10.18764555009821 0.03897160588438044
0.75 1 78 79 9.816826560244181 0.04544273792929036
0.75 1 79 80 9.451120808355086 0.0509126204913424
0.75 1 80 81 9.095695291197082 0.0353226259663039
0.75 1 81 82 8.737621899315805 0.01054496026586358
0.75 1 82 83 8.389831568248297 0.009779343882686814
0.75 1 83 84 8.04884271585744 0.009201319397121138
0.75 1 84 85 7.714999010299167 0.008744087135929019
0.75 1 85 86 7.38860581585908 0.008339557708122074
0.75 1 86 87 7.069930111310441 0.007952502530972728
0.75 1 87 88 6.759196876166989 0.007581562927399529
0.75 1 88 89 6.456585093317109 0.007227785511820838
0.75 1 89 90 6.162256915952909 0.006889785577808956
0.75 1 90 91 5.876343809455271 0.006566804087173518
0.75 1 91 92 5.598945421912056 0.006258497774955905
0.75 1 92 93 5.330133548358194 0.005964104644601852
0.75 1 93 94 5.06954435569093 0.01673342056097509
0.75 1 94 95 4.818481342257243 0.02268653861718866
0.75 1 95 96 4.575585890107572 0.01881699072794927
0.75 1 96 97 4.341301790183934 0.0152259832266568
0.75 1 97 98 4.115579057059023 0.01192200123378148
0.75 1 98 99 3.898347623504865 0.008907717651926984
0.75 1 99 100 3.689518823219434 0.006497008339846562
1 1.25 50 51 22.22047125369832 0.1175179541616102
1 1.25 51 52 21.73336093115756 0.1178824563426106
1 1.25 52 53 21.24187568381893 0.1146423615915036
1 1.25 53 54 20.74854613060373 0.108265656271961
1 1.25 54 55 20.25552018206579 0.09919125656290849
1 1.25 55 56 19.76455643424941 0.08856759227110576
1 1.25 56 57 19.27692831558431 0.07989130069962766
1 1.25 57 58 18.79388023796821 0.07384788606549297
1 1.25 58 59 18.31652070912625 0.07014028871473674
1 1.25 59 60 17.84576101177797 0.06845169678096528
1 1.25 60 61 17.38225861389566 0.06688913607404116
1 1.25 61 62 16.92642270393097 0.06306282213428338
1 1.25 62 63 16.4787766216858 0.05788298514179967
1 1.25 63 64 16.0395648725513 0.05385271857326569
1 1.25 64 65 15.60895886057965 0.05093986123798596
1 1.25 65 66 15.18696534905102 0.04769540072586793
1 1.25 66 67 14.77338582451712 0.04468324972795588
1 1.25 67 68 14.36769516628563 0.04177884741242911
1 1.25 68 69 13.96830457579203 0.03906008756768706
1 1.25 69 70 13.57214277882042 0.0364907991811799
1 1.25 70 71 13.17515872570951 0.08017011814086163
1 1.25 71 72 12.78061528297337 0.04913264125717946
1 1.25 72 73 12.38679555674405 0.03070847523414253
1 1.25 73 74 11.99430913538505 0.02482150930226352
1 1.25 74 75 11.6038784369666 0.02483060956353194
1 1.25 75 76 11.21598806679921 0.02731497841068031
1 1.25 76 77 10.83125902872821 0.03072994389401373
1 1.25 77 78 10.45034428826504 0.03586053795917952
1 1.25 78 79 10.07385446631628 0.0420285424846433
1 1.25 79 80 9.702354258246409 0.04723464006548557
1 1.25 80 81 9.336363470981262 0.05166470328741044
1 1.25 81 82 8.976398346078078 0.01677829570122364
1 1.25 82 83 8.622559695551992 0.01576854192942285
1 1.25 83 84 8.275446462931988 0.01487849062764906
1 1.25 84 85 7.935416344873452 0.01406829912190506
1 1.25 85 86 7.602788635718369 0.01329646497506044
1 1.25 86 87 7.238164698555089 0.03033810262737582
1 1.25 87 88 6.923663393414941 0.02851522983236209
1 1.25 88 89 6.651911459580852 0.01115628589727031
1 1.25 89 90 6.351290308485062 0.01050665497814709
1 1.25 90 91 6.059101690641064 0.009886977506055883
1 1.25 91 92 5.775457375518947 0.009296714245734014
1 1.25 92 93 5.50044081832754 0.008735027202599629
1 1.25 93 94 5.234377509099932 0.02395820007864086
1 1.25 94 95 4.976737290071465 0.020032242550176
1 1.25 95 96 4.727811229950571 0.01636362079063389
1 1.25 96 97 4.487580192906485 0.01296640040388036
1 1.25 97 98 4.25600283837737 0.009847623758634096
1 1.25 98 99 4.033017109215745 0.007943282873192195
1 1.25 99 100 3.818541706381023 0.00640133433140954
1.25 1.5 50 51 22.13676024437848 0.1117737329375194
1.25 1.5 51 52 21.64301490118487 0.1121009956145886
1.25 1.5 52 53 21.14606131457975 0.1089563220252853
1.25 1.5 53 54 20.64828805436241 0.1027942773043215
1.25 1.5 54 55 20.15171775374486 0.0940410437943915
1.25 1.5 55 56 19.65799738425216 0.0860662896413119
1.25 1.5 56 57 19.16829854520239 0.08053688273787635
1.25 1.5 57 58 18.68377925975284 0.07641525369757517
1.25 1.5 58 59 18.20547301490444 0.07346906827564406
1.25 1.5 59 60 17.73422516223675 0.07150766573134019
1.25 1.5 60 61 17.27063482327085 0.06965719707780085
1.25 1.5 61 62 16.81506306815794 0.06679931936526977
1.25 1.5 62 63 16.36798724220108 0.06309696537763886
1.25 1.5 63 64 15.9296147383199 0.05967933275646338
1.25 1.5 64 65 15.50008371381357 0.05717303019210032
1.25 1.5 65 66 15.07937311703661 0.05443721940389844
1.25 1.5 66 67 14.66726137442913 0.05191092794908721
1.25 1.5 67 68 14.26320254174303 0.04949727132266311
1.25 1.5 68 69 13.86559872610043 0.04724886992214162
1.25 1.5 69 70 13.4713831823741 0.04513081843874812
1.25 1.5 70 71 13.07825978063326 0.07458719813705013
1.25 1.5 71 72 12.6858918842926 0.04908086922481506
1.25 1.5 72 73 12.29438342838903 0.03915440254222179
1.25 1.5 73 74 11.90432487695328 0.03627946147476308
1.25 1.5 74 75 11.51642072789873 0.03692750777816357
1.25 1.5 75 76 11.13113947870028 0.03886894534471012
1.25 1.5 76 77 10.74908547450741 0.04134580939003831
1.25 1.5 77 78 10.3708965645986 0.04389025544212714
1.25 1.5 78 79 9.997169172175738 0.04627297200818241
1.25 1.5 79 80 9.628454856056955 0.04840694671441264
1.25 1.5 80 81 9.268088448452694 0.03126359650305668
1.25 1.5 81 82 8.907103153656159 0.02750655599582836
1.25 1.5 82 83 8.556102660031058 0.02643086644188893
1.25 1.5 83 84 8.211803389496602 0.02541309674171725
1.25 1.5 84 85 7.874554752769363 0.02442993581168125
1.25 1.5 85 86 7.544668562149319 0.02346621574740627
1.25 1.5 86 87 7.222418926634305 0.02251397367023403
1.25 1.5 87 88 6.908037961402897 0.02157463390708194
1.25 1.5 88 89 6.601711932983214 0.02065703062848339
1.25 1.5 89 90 6.303611337251859 0.01976288503035319
1.25 1.5 90 91 6.013714662787038 0.001269086823833434
1.25 1.5 91 92 5.732447779568734 0.001253313540776473
1.25 1.5 92 93 5.459736694734467 0.001306646727458158
1.25 1.5 93 94 5.195389079676335 0.01413250788308831
1.25 1.5 94 95 4.940862713842307 0.02060981727675046
1.25 1.5 95 96 4.693986852293651 0.01706332340503565
1.25 1.5 96 97 4.455729715716561 0.01378314754447813
1.25 1.5 97 98 4.226049474071136 0.0107783284195745
1.25 1.5 98 99 4.004883941735159 0.008055056856320962
1.25 1.5 99 100 3.792152021375383 0.005622581413778962
1.5 1.75 50 51 23.13943364497655 0.1042738258068938
1.5 1.75 51 52 22.59426738687031 0.104550743637982
1.5 1.75 52 53 22.04935179502985 0.1015122476102047
1.5 1.75 53 54 21.50678911050889 0.09559663568243804
1.5 1.75 54 55 20.96834289597237 0.08721594976744954
1.5 1.75 55 56 20.4354232872752 0.07743366399686825
1.5 1.75 56 57 19.90897968053443 0.06945974479736494
1.5 1.75 57 58 19.38997427972086 0.06391434548470012
1.5 1.75 58 59 18.87926508773592 0.06051687683920985
1.5 1.75 59 60 18.37753797945931 0.05897241958627908
1.5 1.75 60 61 17.88523693094982 0.05755454147890253
1.5 1.75 61 62 17.40258000683916 0.05409364337264382
1.5 1.75 62 63 16.92992331905091 0.04880363422383349
1.5 1.75 63 64 16.4673568480399 0.04386673428282548
1.5 1.75 64 65 16.01491006669838 0.04071111503511445
1.5 1.75 65 66 15.57246215285876 0.03690696172893666
1.5 1.75 66 67 15.13969578162715 0.0333711220665975
1.5 1.75 67 68 14.71596229790886 0.02994362433138809
1.5 1.75 68 69 14.29953904559314 0.02671659429610496
1.5 1.75 69 70 13.87228812578292 0.05842816145256842
1.5 1.75 70 71 13.47991795303813 0.05879836742582859
1.5 1.75 71 72 13.07031383074754 0.03258083045075894
1.5 1.75 72 73 12.6620668609815 0.01469048243460739
1.5 1.75 73 74 12.2557526685499 0.01604497142566262
1.5 1.75 74 75 11.85206946835933 0.02440555080921861
1.5 1.75 75 76 11.45148013363675 0.03201398201762844
1.5 1.75 76 77 11.05458311734357 0.03863241413828789
1.5 1.75 77 78 10.66201162936606 0.04420654170743257
1.5 1.75 78 79 10.27721587002055 0.0247983029836448
1.5 1.75 79 80 9.894249037628171 0.02774232738139263
1.5 1.75 80 81 9.517039062756382 0.0302389319524153
1.5 1.75 81 82 9.14362970168645 0.002476903850291937
1.5 1.75 82 83 8.780608916882855 0.001779561102904248
1.5 1.75 83 84 8.424715516028854 0.002244136362921745
1.5 1.75 84 85 8.076293361066092 0.002594289222534393
1.5 1.75 85 86 7.73564842798887 0.002769101303363234
1.5 1.75 86 87 7.403048751808363 0.002774165974956202
1.5 1.75 87 88 7.078720082292001 0.002671813548933221
1.5 1.75 88 89 6.762842250318052 0.002571787820900803
1.5 1.75 89 90 6.455578808233703 0.00248725648194398
1.5 1.75 90 91 6.157062718993775 0.002411348712949052
1.5 1.75 91 92 5.867394945273734 0.002320555026397884
1.5 1.75 92 93 5.586648462649606 0.002214108013128152
1.5 1.75 93 94 5.314718271663878 0.01328683065271319
1.5 1.75 94 95 5.051986354921464 0.0110051950665109
1.5 1.75 95 96 4.799245389458115 0.01685442873470566
1.5 1.75 96 97 4.554286399623521 0.01358935723585283
1.5 1.75 97 98 4.318231740179783 0.01060521369078119
1.5 1.75 98 99 4.091009888622558 0.007906844065573715
1.5 1.75 99 100 3.872530265353102 0.005503192179709182
1.75 2 50 51 23.51356503618698 0.106247545832321
1.75 2 51 52 22.96608342698951 0.1062861745826128
1.75 2 52 53 22.41910455089683 0.1031442192902976
1.75 2 53 54 21.87467086644349 0.09724688298099519
1.75 2 54 55 21.33449567210081 0.0889918632914118
1.75 2 55 56 20.79994855127393 0.07939465519953903
1.75 2 56 57 20.27195122016528 0.07151469801862133
1.75 2 57 58 19.75143926944199 0.06594514468777897
1.75 2 58 59 19.23924709180085 0.06242019356858381
1.75 2 59 60 18.73604178486946 0.06065817020052598
1.75 2 60 61 18.24225856262635 0.05902231750427915
1.75 2 61 62 17.75811651359524 0.0554569935343273
1.75 2 62 63 17.28396075701887 0.05016786663694012
1.75 2 63 64 16.81988082166264 0.04522322654825566
1.75 2 64 65 16.36590600687082 0.0419776192501661
1.75 2 65 66 15.92191623343747 0.03812427871693202
1.75 2 66 67 15.48759493559574 0.03453926066177095
1.75 2 67 68 15.06228491930796 0.0310633139707847
1.75 2 68 69 14.64423266148955 0.02779054640113226
1.75 2 69 70 14.21201253760424 0.05620832895572116
1.75 2 70 71 13.81633586143974 0.05662044862025961
1.75 2 71 72 13.40469904675173 0.03174369157973021
1.75 2 72 73 12.99407773388155 0.0140507538918007
1.75 2 73 74 12.58503650855612 0.01809432222469056
1.75 2 74 75 12.17827892663178 0.02375834730865483
1.75 2 75 76 11.77425997190127 0.02853096667926515
1.75 2 76 77 11.37358289169432 0.03454996882287853
1.75 2 77 78 10.97689545065234 0.03973625341782857
1.75 2 78 79 10.58480487246468 0.04403925895690494
1.75 2 79 80 10.20168638273679 0.02562138413009485
1.75 2 80 81 9.819356552088351 0.0278197654853306
1.75 2 81 82 9.44101779069868 0.007060981321871185
1.75 2 82 83 9.072288931263216 0.006367791067625901
1.75 2 83 84 8.710463060638183 0.005841664062848583
1.75 2 84 85 8.355903979555556 0.005390732401660089
1.75 2 85 86 8.008937762128774 0.004981104285402011
1.75 2 86 87 7.669852649796177 0.004571111117937125
1.75 2 87 88 7.338894225285387 0.00415780797807746
1.75 2 88 89 7.016261873452518 0.00376799837125291
1.75 2 89 90 6.702138965439016 0.003424270985739081
1.75 2 90 91 6.396678067919545 0.003123571309610552
1.75 2 91 92 6.099999320962763 0.00285078156428266
1.75 2 92 93 5.811909498094309 0.01384617719440416
1.75 2 93 94 5.533096552384876 0.01159157076261016
1.75 2 94 95 5.263870975247372 0.01719103885353827
1.75 2 95 96 5.002917385202661 0.01392057578035174
1.75 2 96 97 4.750935747714923 0.01091070049260149
1.75 2 97 98 4.507890925345563 0.008167348370545767
1.75 2 98 99 4.27372644923345 0.005695615305549976
1.75 2 99 100 4.048365957097001 0.003511428284482798
2 2.25 50 51 24.42377603998059 0.1045663796603572
2 2.25 51 52 23.80642209095348 0.1043828479641433
2 2.25 52 53 23.19472933691415 0.1012006856375655
2 2.25 53 54 22.59031060904937 0.09542677207530116
2 2.25 54 55 21.99449028329437 0.08744118180037651
2 2.25 55 56 21.40828593479378 0.07820493868834573
2 2.25 56 57 20.83230184944227 0.07060100807328397
2 2.25 57 58 20.26718302121679 0.06518518872175602
2 2.25 58 59 19.71349866653151 0.06170408516291914
2 2.25 59 60 19.17167445691537 0.05988954060982132
2 2.25 60 61 18.64191512308038 0.05819956419876696
2 2.25 61 62 18.1242281577387 0.05469980732859415
2 2.25 62 63 17.61877386230108 0.04958656041303024
2 2.25 63 64 17.12546050788673 0.04480578519223658
2 2.25 64 65 16.64414931741999 0.04162960429362077
2 2.25 65 66 16.17456374415151 0.03789107598009032
2 2.25 66 67 15.7162377387431 0.03441286599771762
2 2.25 67 68 15.26836248233455 0.03104354218346967
2 2.25 68 69 14.82903025650539 0.02787315946164381
2 2.25 69 70 14.39478448371618 0.02487666084840124
2 2.25 70 71 13.96012225800996 0.05978343229832498
2 2.25 71 72 13.53051856860075 0.03521327168840199
2 2.25 72 73 13.10295607084348 0.01474178427741066
2 2.25 73 74 12.67797232651849 0.007546678246879006
2 2.25 74 75 12.25624131114969 0.01105956483245348
2 2.25 75 76 11.83820173456291 0.01826409943671444
2 2.25 76 77 11.42442956540222 0.02472416427495351
2 2.25 77 78 11.01554042667667 0.03006012870082718
2 2.25 78 79 10.61210931188658 0.03445531274840597
2 2.25 79 80 10.21466760227982 0.03807947722872606
2 2.25 80 81 9.820794112436644 0.03104457955655958
2 2.25 81 82 9.440467843809884 0.00520935627750474
2 2.25 82 83 9.063492050475844 0.004481262758924894
2 2.25 83 84 8.69412838409454 0.003971152591751796
2 2.25 84 85 8.332709540721815 0.003619199564219721
2 2.25 85 86 7.979530749517515 0.00338673351222419
2 2.25 86 87 7.634849780340677 0.003172878704438768
2 2.25 87 88 7.298881852719692 0.002975195956523942
2 2.25 88 89 6.971796327085162 0.002796185485158168
2 2.25 89 90 6.653747274366232 0.002633197843741479
2 2.25 90 91 6.344858509220266 0.002484908887557701
2 2.25 91 92 6.045151219203735 0.01595170337256066
2 2.25 92 93 5.754794945107275 0.01324160159155591
2 2.25 93 94 5.473547124564057 0.01558077545893161
2 2.25 94 95 5.201933390418709 0.0124956439442542
2 2.25 95 96 4.939666443400402 0.009656779514520705
2 2.25 96 97 4.686708857068032 0.007085950433165239
2 2.25 97 98 4.443001166015334 0.004821910539663656
2 2.25 98 99 4.208463335456791 0.003239558110289691
2 2.25 99 100 3.982996223236748 0.002155534401585212
2.25 2.5 50 51 24.36724298334948 0.0987655325001974
2.25 2.5 51 52 23.72996918155008 0.09847997430275081
2.25 2.5 52 53 23.10076649832081 0.09536716723663667
2.25 2.5 53 54 22.48099120518893 0.08981667658315563
2.25 2.5 54 55 21.87173937377702 0.08219189751809389
2.25 2.5 55 56 21.27382415457342 0.07339992302284777
2.25 2.5 56 57 20.68766453755731 0.06614605435648291
2.25 2.5 57 58 20.11374368430305 0.06094861504567179
2.25 2.5 58 59 19.55248748836762 0.05788347877883577
2.25 2.5 59 60 19.00419385593555 0.05585845916636159
2.25 2.5 60 61 18.46895018080714 0.0540532685353828
2.25 2.5 61 62 17.94666210020355 0.0511520159206889
2.25 2.5 62 63 17.43739773748167 0.04757638857281203
2.25 2.5 63 64 16.94098555143665 0.0442626150633743
2.25 2.5 64 65 16.45721487593933 0.04181227781407016
2.25 2.5 65 66 15.98574977964003 0.0391543702104006
2.25 2.5 66 67 15.52607653355749 0.03670248753096474
2.25 2.5 67 68 15.07735050718985 0.03436567412321815
2.25 2.5 68 69 14.63766126930211 0.03219800110610575
2.25 2.5 69 70 14.18713926040459 0.04763480607837826
2.25 2.5 70 71 13.77154372435025 0.04406631363144745
2.25 2.5 71 72 13.34308952798308 0.0239911303067059
2.25 2.5 72 73 12.91713864070061 0.02356333550666963
2.25 2.5 73 74 12.49418508350245 0.02736120938922729
2.25 2.5 74 75 12.07486424864809 0.03099277516797087
2.25 2.5 75 76 11.6595702592085 0.03405420035235816
2.25 2.5 76 77 11.24884116344711 0.03668673593578622
2.25 2.5 77 78 10.84326126185453 0.03900759177283938
2.25 2.5 78 79 10.44764985643633 0.02150895739378901
2.25 2.5 79 80 10.05315925343429 0.02358309895758416
2.25 2.5 80 81 9.662269382145055 0.01591345652386297
2.25 2.5 81 82 9.28216447364359 0.01504888418932286
2.25 2.5 82 83 8.909437697296106 0.01427635315098731
2.25 2.5 83 84 8.544421339282714 0.01358418706614693
2.25 2.5 84 85 8.187427492888812 0.01292236423059932
2.25 2.5 85 86 7.838732031955107 0.01228899214650766
2.25 2.5 86 87 7.498574654012465 0.0116734775665865
2.25 2.5 87 88 7.167153488984827 0.01107727545262322
2.25 2.5 88 89 6.844622051221162 0.01050823129703358
2.25 2.5 89 90 6.531119912745424 0.009961482206929016
2.25 2.5 90 91 6.226757578165717 0.00943655372678332
2.25 2.5 91 92 5.931614692940894 0.008933138169969265
2.25 2.5 92 93 5.645744116222591 0.008450710969893853
2.25 2.5 93 94 5.369143019221557 0.009889387668938831
2.25 2.5 94 95 5.101922306555554 0.008072409756455463
2.25 2.5 95 96 4.844350010579412 0.01358050487259417
2.25 2.5 96 97 4.595545708052921 0.01160707889000282
2.25 2.5 97 98 4.355906376421476 0.009851366652029236
2.25 2.5 98 99 4.125346074191247 0.008319672590695363
2.25 2.5 99 100 3.903760510968127 0.007018640053204113
2.5 2.75 50 51 25.1035366310453 0.1107660002924309
2.5 2.75 51 52 24.40795273605119 0.1077535723928675
2.5 2.75 52 53 23.72497219617617 0.1036047660846628
2.5 2.75 53 54 23.05555561738512 0.09846501551993654
2.5 2.75 54 55 22.40044246997854 0.09252826368853193
2.5 2.75 55 56 21.76012330224597 0.08626915751587752
2.5 2.75 56 57 21.13472366779621 0.08087450001223352
2.5 2.75 57 58 20.52446402289478 0.07648746740670356
2.5 2.75 58 59 19.92953311070721 0.07294916897811639
2.5 2.75 59 60 19.35001403491552 0.07012999766522654
2.5 2.75 60 61 18.78579566020338 0.06746392035664217
2.5 2.75 61 62 18.23660642556638 0.06423110594004108
2.5 2.75 62 63 17.70235213236045 0.06053614261752094
2.5 2.75 63 64 17.18271296011051 0.0570944261183273
2.5 2.75 64 65 16.67734177790823 0.05429764881471295
2.5 2.75 65 66 16.18577875186968 0.05142458634095099
2.5 2.75 66 67 15.70798339148774 0.02909904307801528
2.5 2.75 67 68 15.24182744066832 0.02608295104262561
2.5 2.75 68 69 14.78587207982248 0.02325440895877292
2.5 2.75 69 70 14.32138313325483 0.03827959838899015
2.5 2.75 70 71 13.89019441078299 0.03907857917385658
2.5 2.75 71 72 13.44837273273541 0.0203864569593824
2.5 2.75 72 73 13.00990114122246 0.01146306169466738
2.5 2.75 73 74 12.57523157340311 0.01663697975752756
2.5 2.75 74 75 12.14496436940723 0.023072797491427
2.5 2.75 75 76 11.71946015313507 0.02841181602819415
2.5 2.75 76 77 11.29922352204583 0.03287681501207253
2.5 2.75 77 78 10.88913831307083 0.01849160490679976
2.5 2.75 78 79 10.48047817252878 0.02079047056276993
2.5 2.75 79 80 10.07526820401943 0.004396045437507904
2.5 2.75 80 81 9.6811278847605 0.003245245978384482
2.5 2.75 81 82 9.294586389834983 0.002006962992486654
2.5 2.75 82 83 8.915954095574534 0.001015684736928094
2.5 2.75 83 84 8.545537250310815 0.0007712369413744455
2.5 2.75 84 85 8.183622203176437 0.0008426833803708789
2.5 2.75 85 86 7.83045973229606 0.0009745902770487142
2.5 2.75 86 87 7.486265191690791 0.001020476100982585
2.5 2.75 87 88 7.151213311220243 0.001031652502795637
2.5 2.75 88 89 6.825435583021264 0.001084964524695356
2.5 2.75 89 90 6.509049359137219 0.001131569970756233
2.5 2.75 90 91 6.202143552437256 0.001170878036922734
2.5 2.75 91 92 5.904776951961601 0.001203888883399007
2.5 2.75 92 93 5.616982215913493 0.001230253834857838
2.5 2.75 93 94 5.338766305346454 0.001250198893723536
2.5 2.75 94 95 5.070457634722356 0.01287011364996877
2.5 2.75 95 96 4.811282980658886 0.01029014628492319
2.5 2.75 96 97 4.561565527227941 0.007934414851657882
2.5 2.75 97 98 4.321222331292564 0.0058020757466257
2.5 2.75 98 99 4.090151356913205 0.003888704513253746
2.5 2.75 99 100 3.86823289629964 0.002187509269224232
2.75 3 50 51 25.36804067523758 0.08818892455889091
2.75 3 51 52 24.61848861861762 0.08774027965481576
2.75 3 52 53 23.88648848104499 0.08483081469927868
2.75 3 53 54 23.17254289808993 0.07981207198154287
2.75 3 54 55 22.47697987534873 0.07301091206658597
2.75 3 55 56 21.79991870769786 0.06521491464231972
2.75 3 56 57 21.14114772595828 0.05873476957955494
2.75 3 57 58 20.50058727091091 0.05400691662127421
2.75 3 58 59 19.8781563325027 0.05082069792661962
2.75 3 59 60 19.27369450235358 0.04895597407469823
2.75 3 60 61 18.68686699933895 0.04721330880131903
2.75 3 61 62 18.11720367277177 0.04410465729473639
2.75 3 62 63 17.56442845938774 0.0397926700472072
2.75 3 63 64 17.02805811223814 0.03576033208931
2.75 3 64 65 16.50759617139896 0.03296675701444722
2.75 3 65 66 16.00245039010019 0.02978589464137864
2.75 3 66 67 15.51187548482943 0.02683041092372741
2.75 3 67 68 15.03480843209954 0.02398973754706172
2.75 3 68 69 14.56915368058267 0.02132968447707906
2.75 3 69 70 14.0974995668218 0.02994215844649892
2.75 3 70 71 13.65782339596452 0.03193316072899555
2.75 3 71 72 13.20974886753731 0.0167406044295193
2.75 3 72 73 12.76608160571005 0.01401137284062121
2.75 3 73 74 12.32721440741608 0.02056175414587228
2.75 3 74 75 11.8936898314607 0.02648147092731556
2.75 3 75 76 11.46581827897464 0.03121662711480252
2.75 3 76 77 11.04816910826325 0.01590733034895301
2.75 3 77 78 10.6325424622103 0.01848146641311287
2.75 3 78 79 10.22044759474102 0.004644124121876719
2.75 3 79 80 9.819760483503288 0.003744662406482897
2.75 3 80 81 9.426912856007785 0.002720519332449731
2.75 3 81 82 9.042246355761591 0.001979509996927982
2.75 3 82 83 8.666026521884596 0.001813985956747829
2.75 3 83 84 8.298515105837701 0.00178318349742698
2.75 3 84 85 7.93995532849662 0.00178558419603061
2.75 3 85 86 7.590556374909713 0.001819508737964005
2.75 3 86 87 7.250493670967366 0.001794012500376176
2.75 3 87 88 6.919903713651781 0.00172123827552464
2.75 3 88 89 6.598881925631137 0.001673843394907429
2.75 3 89 90 6.287510609880865 0.001655101322985847
2.75 3 90 91 5.985845234114255 0.001635323550035374
2.75 3 91 92 5.693912799134061 0.001614631702527726
2.75 3 92 93 5.411715738938742 0.001592410050949113
2.75 3 93 94 5.139232370226042 0.001568427851940235
2.75 3 94 95 4.87641785502236 0.001542540233525217
2.75 3 95 96 4.62366011673894 0.00873640666584106
2.75 3 96 97 4.37985365589971 0.008453932673220709
2.75 3 97 98 4.145521741123305 0.006492293006823501
2.75 3 98 99 3.920477344174997 0.004735528551513322
2.75 3 99 100 3.704581243160358 0.003175738810560744
3 3.25 50 51 24.94751355256962 0.08208344006748748
3 3.25 51 52 24.15821347506703 0.0816116761935957
3 3.25 52 53 23.3913733739106 0.07888879396471923
3 3.25 53 54 22.64699733407448 0.07424337056022695
3 3.25 54 55 21.92496783183422 0.06798030173329619
3 3.25 55 56 21.22500472566418 0.06081556231902759
3 3.25 56 57 20.54653684704263 0.05482378027493206
3 3.25 57 58 19.88916544762638 0.05039338877881683
3 3.25 58 59 19.25252396773799 0.04733281614549228
3 3.25 59 60 18.63619586315589 0.04544307276623914
3 3.25 60 61 18.03961475478151 0.04367034080323614
3 3.25 61 62 17.46210790563308 0.04071479168013548
3 3.25 62 63 16.90321131776012 0.0367243556362889
3 3.25 63 64 16.36227816283603 0.03298532078162764
3 3.25 64 65 15.83866389022729 0.03032517509138054
3 3.25 65 66 15.33164883485907 0.02734901298730536
3 3.25 66 67 14.84038094785645 0.02458028951872819
3 3.25 67 68 14.36371369384634 0.02192578273783276
3 3.25 68 69 13.89953376868159 0.01944224449567409
3 3.25 69 70 13.43165354132311 0.02472831018059728
3 3.25 70 71 12.98444412089673 0.01269320472880588
3 3.25 71 72 12.55149747372639 0.01647583311644095
3 3.25 72 73 12.11398215448757 0.01591350384855129
3 3.25 73 74 11.68231281801522 0.02194555513771049
3 3.25 74 75 11.25695185110933 0.02731981277540493
3 3.25 75 76 10.84247165552301 0.01162639591089691
3 3.25 76 77 10.42985665522225 0.01447794188377397
3 3.25 77 78 10.0248601430352 0.01686856287130115
3 3.25 78 79 9.624621947142263 0.003905750972933054
3 3.25 79 80 9.235851768896865 0.003086999807081624
3 3.25 80 81 8.855462751852357 0.002188599864261189
3 3.25 81 82 8.483730958202202 0.001407774711763273
3 3.25 82 83 8.120862210350243 0.001398211915598053
3 3.25 83 84 7.733002965788348 0.01406496157317356
3 3.25 84 85 7.390263300186323 0.002533099772178022
3 3.25 85 86 7.057138622122814 0.005275369871045437
3 3.25 86 87 6.73368097198045 0.00888282849650439
3 3.25 87 88 6.419941894733878 0.009444617863219157
3 3.25 88 89 6.115973144653397 0.007487887930412294
3 3.25 89 90 5.821767574313743 0.00355250463988764
3 3.25 90 91 5.537273920505633 0.002348782992804354
3 3.25 91 92 5.262367232488165 0.008607715752158875
3 3.25 92 93 5.011027005017258 0.001393923891893254
3 3.25 93 94 4.753081650306568 0.001379502473647163
3 3.25 94 95 4.504671779535206 0.001362015803551132
3 3.25 95 96 4.265701434019777 0.001341585489802074
3 3.25 96 97 4.036056711811411 0.001318368928597948
3 3.25 97 98 3.815607115042993 0.001292550741774599
3 3.25 98 99 3.604477350865194 0.005593296088364796
3 3.25 99 100 3.401925077506293 0.004212317358205775
3.25 3.5 50 51 23.4207273661266 0.07455798519073994
3.25 3.5 51 52 22.62609304774183 0.07411839817516946
3.25 3.5 52 53 21.85778343921002 0.07167675720927282
3.25 3.5 53 54 21.11531828235672 0.06753267036902766
3.25 3.5 54 55 20.39815199444274 0.06196349927696886
3.25 3.5 55 56 19.70562647032284 0.05559859844536379
3.25 3.5 56 57 19.03683938599954 0.05023042638250002
3.25 3.5 57 58 18.39109742208797 0.04619129337555969
3.25 3.5 58 59 17.7677721069514 0.0433137314021054
3.25 3.5 59 60 17.16621535121014 0.04142512770432454
3.25 3.5 60 61 16.58565855521648 0.0396443968249913
3.25 3.5 61 62 16.02525864734064 0.03689333137938773
3.25 3.5 62 63 15.48438826456371 0.03330152851642774
3.25 3.5 63 64 14.96226813670347 0.02992424296825257
3.25 3.5 64 65 14.45813635598151 0.02743568963554683
3.25 3.5 65 66 13.97117950584128 0.02471144528844392
3.25 3.5 66 67 13.50047795986467 0.0221708543933865
3.25 3.5 67 68 13.04485434693937 0.01974120550822582
3.25 3.5 68 69 12.60227347101228 0.01746887234637703
3.25 3.5 69 70 12.15784880172655 0.02234090773122979
3.25 3.5 70 71 11.73388059240063 0.01108265265773626
3.25 3.5 71 72 11.32399066448905 0.01555990797127357
3.25 3.5 72 73 10.91177239369702 0.01516325256696135
3.25 3.5 73 74 10.50623459688864 0.0205949844829635
3.25 3.5 74 75 10.11270382211565 0.007466214826604842
3.25 3.5 75 76 9.720366397790201 0.01012128113683271
3.25 3.5 76 77 9.33585918057581 0.01271790600493113
3.25 3.5 77 78 8.956556007130523 0.003919567098030848
3.25 3.5 78 79 8.588619780858583 0.003241357761281373
3.25 3.5 79 80 8.229039715769531 0.002508560700620489
3.25 3.5 80 81 7.878048083889198 0.001744237718640645
3.25 3.5 81 82 7.535840751010266 0.001097152135731568
3.25 3.5 82 83 7.169200086923661 0.008253185393792545
3.25 3.5 83 84 6.877897146613442 0.006812904508916138
3.25 3.5 84 85 6.562843636441821 0.005539574785701391
3.25 3.5 85 86 6.257045499459677 0.004389455966475534
3.25 3.5 86 87 5.900029050597064 0.004027252469682323
3.25 3.5 87 88 5.673433390707395 0.002388648534184391
3.25 3.5 88 89 5.395650291966781 0.001584668047158415
3.25 3.5 89 90 5.127204876037998 0.001048413606381656
3.25 3.5 90 91 4.815991587165322 0.003541539580058682
3.25 3.5 91 92 4.618179584756463 0.001459824655619325
3.25 3.5 92 93 4.37747474259304 0.001982659033759474
3.25 3.5 93 94 4.14586136266847 0.00249320416539926
3.25 3.5 94 95 3.913436009045036 0.004900206730410314
3.25 3.5 95 96 3.701372071648684 0.001957983221538481
3.25 3.5 96 97 3.504645769056185 0.0009759297027163374
3.25 3.5 97 98 3.30816447932267 0.0009598528801327098
3.25 3.5 98 99 3.120093934098396 0.0009410918322635609
3.25 3.5 99 100 2.940260056823501 0.0009199334770235304
3.5 3.75 50 51 20.4745218128399 0.06402822377324609
3.5 3.75 51 52 19.73026523674051 0.06371933028872948
3.5 3.75 52 53 19.01513494818059 0.03723920022842821
3.5 3.75 53 54 18.32441851379406 0.002016819092545309
3.5 3.75 54 55 17.66106067365439 0.05368455636950413
3.5 3.75 55 56 17.02288024239791 0.04840531624324074
3.5 3.75 56 57 16.40873089092942 0.04390417155523683
3.5 3.75 57 58 15.81644806373478 0.04254721306884465
3.5 3.75 58 59 15.24779312026217 0.03844208308436219
3.5 3.75 59 60 14.70065963110182 0.03611232363192173
3.5 3.75 60 61 14.17415792692663 0.03441559520824273
3.5 3.75 61 62 13.66735551292446 0.03199044560130677
3.5 3.75 62 63 13.17952924505091 0.02894352316717172
3.5 3.75 63 64 12.70983985217841 0.02606368486313887
3.5 3.75 64 65 12.25747713934827 0.02384989584243759
3.5 3.75 65 66 11.8216033720139 0.02148471113381776
3.5 3.75 66 67 11.40130436055738 0.01927062162945569
3.5 3.75 67 68 10.9954578432899 0.01715780010756147
3.5 3.75 68 69 10.60223811394946 0.01518102638832099
3.5 3.75 69 70 10.21881204397312 0.01333129159429123
3.5 3.75 70 71 9.83391017749009 0.01503079426756654
3.5 3.75 71 72 9.466376015211289 0.00966457587378779
3.5 3.75 72 73 9.110954683445364 0.01261233986990801
3.5 3.75 73 74 8.757022051954301 0.0135095279867653
3.5 3.75 74 75 8.414074395588463 0.004642301661317271
3.5 3.75 75 76 8.07291970149921 0.00526940994168311
3.5 3.75 76 77 7.739486262221654 0.007216657481114966
3.5 3.75 77 78 7.411648541872207 0.003357849268882214
3.5 3.75 78 79 7.094350266323319 0.002731560772684161
3.5 3.75 79 80 6.785092827394049 0.002101384877741183
3.5 3.75 80 81 6.484017004206951 0.001481162335748296
3.5 3.75 81 82 6.163904031857905 0.001006759251017586
3.5 3.75 82 83 5.906806814652969 0.0008783881135151635
3.5 3.75 83 84 5.630794347402834 0.0008957623930820807
3.5 3.75 84 85 5.363244066309914 0.000910416384786956
3.5 3.75 85 86 5.115366194524977 0.0009363769465749621
3.5 3.75 86 87 4.853610698449879 0.0009302641069987928
3.5 3.75 87 88 4.611511642674122 0.000934207333059
3.5 3.75 88 89 4.377839509324512 0.0009360394946111113
3.5 3.75 89 90 4.152541206032824 0.0009345889089066103
3.5 3.75 90 91 3.935547696404541 0.0009298635983455703
3.5 3.75 91 92 3.726773249438131 0.0009222201884436255
3.5 3.75 92 93 3.526117980544973 0.0009117149152438608
3.5 3.75 93 94 3.333468385765713 0.000898538176448791
3.5 3.75 94 95 3.148698164951297 0.000882894113524427
3.5 3.75 95 96 2.974537386591714 0.001034702131918358
3.5 3.75 96 97 2.802233041326242 0.0008450608620724077
3.5 3.75 97 98 2.64023107743853 0.0008233090550974769
3.5 3.75 98 99 2.48549641992167 0.0007999587218151152
3.5 3.75 99 100 2.3378544646974 0.0007752249881547144
3.75 4 50 51 16.10921979246996 0.001212966618135306
3.75 4 51 52 15.48521079355262 0.001242815760907063
3.75 4 52 53 14.88706930077486 0.001656208983041839
3.75 4 53 54 14.31359346559601 0.001712985690103886
3.75 4 54 55 13.76374230639136 0.001316000897747536
3.75 4 55 56 13.23651695321794 0.0007437784760918803
3.75 4 56 57 12.73086351310679 0.0006408116116278609
3.75 4 57 58 12.24585665363343 0.0006265587321788875
3.75 4 58 59 11.78058408975427 0.0006126302578674165
3.75 4 59 60 11.33414554997304 0.0005973623357501868
3.75 4 60 61 10.90571421323732 0.0005806400323199241
3.75 4 61 62 10.49446569039806 0.0005633464468838143
3.75 4 62 63 10.09961260033937 0.0005511304166006428
3.75 4 63 64 9.720393274198017 0.0005344248243533492
3.75 4 64 65 9.356051856348703 0.0005147742966734478
3.75 4 65 66 9.005829186298694 0.0004953621686800469
3.75 4 66 67 8.669199980683137 0.01330349049318898
3.75 4 67 68 8.344636822884617 0.01188302743603283
3.75 4 68 69 8.030787401172653 0.01271852691889919
3.75 4 69 70 7.725745057579509 0.01121415917302837
3.75 4 70 71 7.427684451216223 0.009818284862506157
3.75 4 71 72 7.136043145356188 0.008519876493414215
3.75 4 72 73 6.844614901003185 0.007251312579727298
3.75 4 73 74 6.566501533509925 0.003559413853876824
3.75 4 74 75 6.294831699796349 0.005813963362914917
3.75 4 75 76 6.033137819023179 0.004357780071381736
3.75 4 76 77 5.775840612216128 0.003278488167686582
3.75 4 77 78 5.522848371261188 0.002524764140130753
3.75 4 78 79 5.276675635469966 0.002804943112583865
3.75 4 79 80 5.036201877700867 0.001968334773136693
3.75 4 80 81 4.804119933880818 0.00149171016103367
3.75 4 81 82 4.579002931075191 0.001064286555852584
3.75 4 82 83 4.360857249752939 0.000813878761732373
3.75 4 83 84 4.149685789813759 0.0007434240831114991
3.75 4 84 85 3.945483142857972 0.0007042051168764163
3.75 4 85 86 3.748228493172538 0.0006845022006112878
3.75 4 86 87 3.557886258902621 0.0006751790459013995
3.75 4 87 88 3.374404136681425 0.000669879028796986
3.75 4 88 89 3.197713346073085 0.0006675698930213528
3.75 4 89 90 3.027738976125497 0.0006652839051722203
3.75 4 90 91 2.864388534355021 0.0006528523808814834
3.75 4 91 92 2.707585650366054 0.0006525316340024686
3.75 4 92 93 2.557203687269257 0.0006425656901720037
3.75 4 93 94 2.413198513290713 0.0006371814677287097
3.75 4 94 95 2.275327373803936 0.0007001431940894706
3.75 4 95 96 2.143432516121254 0.0006009642863981184
3.75 4 96 97 2.017531696878994 0.0005839174363684351
3.75 4 97 98 1.897408372281106 0.0002415996534515545
3.75 4 98 99 1.782913946332515 0.0002171673921212284
3.75 4 99 100 1.673895450405338 0.0001953949627617508
4 5 50 51 14.38211855297683 0.01660724497361713
4 5 51 52 13.74506059655975 0.01594656473553033
4 5 52 53 13.13773515841084 0.01555042563527425
4 5 53 54 12.55881353177806 0.01502781262536974
4 5 54 55 12.00682523594869 0.01448072898405621
4 5 55 56 11.48033144751786 0.01407047342693651
4 5 56 57 10.97811817296261 0.01362776579869526
4 5 57 58 10.49278135607556 0.00624900886542679
4 5 58 59 10.03553564877866 0.006052657313507795
4 5 59 60 9.598976247783291 0.005860852616517166
4 5 60 61 9.182028594468999 0.005674524285167033
4 5 61 62 8.783704575879263 0.00549410330483339
4 5 62 63 8.403060547994501 0.005319903980664288
4 5 63 64 8.039202891471323 0.005152579898846093
4 5 64 65 7.691280103121556 0.004991926850752875
4 5 65 66 7.358471482049132 0.004837901059361304
4 5 66 67 7.039965790360372 0.004688476199371008
4 5 67 68 6.734825480127999 0.004540614965787391
4 5 68 69 6.443163107122839 0.004304760126960572
4 5 69 70 6.162275742310293 0.002108268319395985
4 5 70 71 5.887978391992383 0.0020242018086649
4 5 71 72 5.621831973889618 0.001953811620745025
4 5 72 73 5.363671910935391 0.001901087974909849
4 5 73 74 5.113396899938929 0.001883686332184005
4 5 74 75 4.870394994412742 0.001766690107280657
4 5 75 76 4.634903649747787 0.0008860048492030009
4 5 76 77 4.4080410439086 0.001102804084417935
4 5 77 78 4.188877023883503 0.001423431827169029
4 5 78 79 3.977094300149874 0.001732803144091985
4 5 79 80 3.772527780370444 0.001665414706453878
4 5 80 81 3.576014564496405 0.001591918684971139
4 5 81 82 3.38699433766496 0.001510955469662731
4 5 82 83 3.205190457012011 0.001407204229126853
4 5 83 84 3.030803575917168 0.00130414816838255
4 5 84 85 2.863612764587991 0.001263927786198399
4 5 85 86 2.703061595496096 0.001224235302705459
4 5 86 87 2.549318478837414 0.001097749766628587
4 5 87 88 2.390385133740026 0.002172499923599989
4 5 88 89 2.262146877769849 0.00107009071214532
4 5 89 90 2.127916614374293 0.0009621719476693402
4 5 90 91 1.999886502582832 0.0009123716439434131
4 5 91 92 1.877892435344781 0.0008643319588209271
4 5 92 93 1.761766588212353 0.0008180456276273867
4 5 93 94 1.650621153859793 0.001461299333369934
4 5 94 95 1.545755261993071 0.001382043101734042
4 5 95 96 1.446236036279023 0.001332030168896311
4 5 96 97 1.351886627873427 0.001289489572379187
4 5 97 98 1.262529406076199 0.001252144825361276
4 5 98 99 1.177986502881289 0.001217903723413008
4 5 99 100 1.098080328258084 0.001184984733817954
-5 5 50 100 18968.68037572057 1.865750386097984
