#ylo yhi qTlo qThi PDF0  uncertainty
-5 -4 50 51 21.39991352526479 0.01375608139100604
-5 -4 51 52 20.47871043449929 0.01330689520158744
-5 -4 52 53 19.60235290092488 0.01289472832619247
-5 -4 53 54 18.76828181294463 0.01248232744198086
-5 -4 54 55 17.97399308062979 0.0120928759599159
-5 -4 55 56 17.21717867635758 0.01172179331041987
-5 -4 56 57 16.49578128342979 0.01136035612800938
-5 -4 57 58 15.80782067359659 0.01101291921525836
-5 -4 58 59 15.15147847854971 0.01067981347776223
-5 -4 59 60 14.52506240517168 0.010359368666215
-5 -4 60 61 13.93378818901578 0.0050211503222506
-5 -4 61 62 13.36217130603483 0.004878846197008382
-5 -4 62 63 12.81639263993522 0.004724056119045436
-5 -4 63 64 12.29449054604738 0.004583425898149141
-5 -4 64 65 11.79539593509355 0.004461278237519134
-5 -4 65 66 11.31744410517739 0.00434975286821375
-5 -4 66 67 10.86036736940332 0.004204906763470871
-5 -4 67 68 10.42224978107058 0.004171954745981523
-5 -4 68 69 10.00103208348612 0.004232714205367668
-5 -4 69 70 9.590870279572277 0.002174088099040364
-5 -4 70 71 9.195531330655841 0.002104214134117364
-5 -4 71 72 8.811129300141598 0.002034653887216947
-5 -4 72 73 8.43736496664353 0.001965594067545207
-5 -4 73 74 8.074110959593959 0.001897166757423959
-5 -4 74 75 7.720487969713533 0.001176624894711134
-5 -4 75 76 7.37810060622108 0.001133215353843613
-5 -4 76 77 7.046061745798757 0.001090386478339609
-5 -4 77 78 6.723959118881643 0.0008398356514413707
-5 -4 78 79 6.412644424943377 0.0007474874871024708
-5 -4 79 80 6.111191976685416 0.000696868523189427
-5 -4 80 81 5.820067257835648 0.0006864129641913236
-5 -4 81 82 5.538651088685851 0.0007088632318158261
-5 -4 82 83 5.263564780198291 0.003664485547121539
-5 -4 83 84 5.002345855205001 0.0009564647333761317
-5 -4 84 85 4.754048010078423 0.003399174771596914
-5 -4 85 86 4.511997594197569 0.003074130979976869
-5 -4 86 87 4.278727973255376 0.002685229413020422
-5 -4 87 88 4.054612119027265 0.002318317331155813
-5 -4 88 89 3.839471082131337 0.001972132517269065
-5 -4 89 90 3.633122826795468 0.001650430518132236
-5 -4 90 91 3.4353784587137 0.001358623060368929
-5 -4 91 92 3.246806203303347 0.001716410267154564
-5 -4 92 93 3.06563599017952 0.001535286186023139
-5 -4 93 94 2.892465585083294 0.001415072730782068
-5 -4 94 95 2.727083498027163 0.001339969020670952
-5 -4 95 96 2.569274606928996 0.001267652614010186
-5 -4 96 97 2.418820894186657 0.001198103156355946
-5 -4 97 98 2.275502153753645 0.001178382210163341
-5 -4 98 99 2.139096667603538 0.001171785003045809
-5 -4 99 100 2.009381850807887 0.001169725982842701
-4 -3.75 50 51 25.01136004473796 0.0008727023137477518
-4 -3.75 51 52 24.05094928465462 0.0009135052675785639
-4 -3.75 52 53 23.13293216913628 0.001301780825331369
-4 -3.75 53 54 22.25499552542736 0.001361854998055824
-4 -3.75 54 55 21.41515496183153 0.00101043455908151
-4 -3.75 55 56 20.61154594836999 0.0005989875775030243
-4 -3.75 56 57 19.84225219838984 0.0006202988016839727
-4 -3.75 57 58 19.10560663916623 0.0006328061108328206
-4 -3.75 58 59 18.39999154514721 0.0006377126674859929
-4 -3.75 59 60 17.72384042619687 0.0006489699515985076
-4 -3.75 60 61 17.07572311725242 0.0006518435977945096
-4 -3.75 61 62 16.4542378451809 0.0006525240873385916
-4 -3.75 62 63 15.85805894287259 0.0006560281493666243
-4 -3.75 63 64 15.28591408095681 0.0006543495645337709
-4 -3.75 64 65 14.73644022698389 0.006145463659615824
-4 -3.75 65 66 14.20862145406232 0.005302643540563397
-4 -3.75 66 67 13.70103752299549 0.004525513610680457
-4 -3.75 67 68 13.21242658010941 0.0124712214911128
-4 -3.75 68 69 12.73983902803183 0.0110089738772667
-4 -3.75 69 70 12.28004318145088 0.009649698884648904
-4 -3.75 70 71 11.83238999175042 0.008310432851324663
-4 -3.75 71 72 11.39141538663539 0.007188860830372161
-4 -3.75 72 73 10.95218625394398 0.005536291268583065
-4 -3.75 73 74 10.53049746365935 0.001022847174462832
-4 -3.75 74 75 10.11791744796786 0.005143665456757537
-4 -3.75 75 76 9.718043326457284 0.003626869962634785
-4 -3.75 76 77 9.323188954252714 0.003026287262246651
-4 -3.75 77 78 8.937861149648906 0.002535428817534558
-4 -3.75 78 79 8.562149368174463 0.002080765461561612
-4 -3.75 79 80 8.196093119870897 0.001608676866167212
-4 -3.75 80 81 7.83995901264101 0.001199946733627423
-4 -3.75 81 82 7.493713183442236 0.0008344316090465537
-4 -3.75 82 83 7.157495249873793 0.0007314008412514342
-4 -3.75 83 84 6.830843754011539 0.0007753916084011439
-4 -3.75 84 85 6.514515797013117 0.0008941577763442073
-4 -3.75 85 86 6.208409185675696 0.0007568028341482772
-4 -3.75 86 87 5.911962854731645 0.0007584232485633075
-4 -3.75 87 88 5.622292619316497 0.0008437694352286611
-4 -3.75 88 89 5.348678944026406 0.0007523631778740615
-4 -3.75 89 90 5.081687151369879 0.0007453549899415618
-4 -3.75 90 91 4.824338467490225 0.0007358137243512078
-4 -3.75 91 92 4.576520284775633 0.0007240045433186413
-4 -3.75 92 93 4.338106277640723 0.000710109072731187
-4 -3.75 93 94 4.108956933148277 0.0006943384513219547
-4 -3.75 94 95 3.888920343976987 0.000676900612167436
-4 -3.75 95 96 3.677833237532651 0.0003671825419741997
-4 -3.75 96 97 3.475521910985032 0.000349409884555866
-4 -3.75 97 98 3.281803328373973 0.0003533634352596339
-4 -3.75 98 99 3.096486027639051 0.000356139356228022
-4 -3.75 99 100 2.919372787468842 0.0003367216150436572
-3.75 -3.5 50 51 32.91111065688093 0.05918414971795368
-3.75 -3.5 51 52 31.70754366807164 0.05866736295447288
-3.75 -3.5 52 53 30.55486733255405 0.02914662008512595
-3.75 -3.5 53 54 29.44852824632222 0.02721940294625859
-3.75 -3.5 54 55 28.38610310450933 0.04887652300786704
-3.75 -3.5 55 56 27.36841065996411 0.04389480559020462
-3.75 -3.5 56 57 26.39172157024579 0.03964290034243395
-3.75 -3.5 57 58 25.45415701252993 0.03635580622118148
-3.75 -3.5 58 59 24.55405007967726 0.03390488051521121
-3.75 -3.5 59 60 23.68979781802897 0.03215917728708724
-3.75 -3.5 60 61 22.85968056561414 0.03050640455515578
-3.75 -3.5 61 62 22.06195819733627 0.02820813943132576
-3.75 -3.5 62 63 21.29525962540286 0.02612168491363475
-3.75 -3.5 63 64 20.55909151962449 0.02267822238813118
-3.75 -3.5 64 65 19.84989088684008 0.02062100235684758
-3.75 -3.5 65 66 19.16724231626061 0.01844064982115428
-3.75 -3.5 66 67 18.50955972465177 0.01641338419310121
-3.75 -3.5 67 68 17.87491914411723 0.01448815918582936
-3.75 -3.5 68 69 17.26027684569793 0.01270012241203072
-3.75 -3.5 69 70 16.66527749907121 0.01226094184924676
-3.75 -3.5 70 71 16.06817531306704 0.01114795088313574
-3.75 -3.5 71 72 15.49176195458645 0.003396387853268708
-3.75 -3.5 72 73 14.92562155602002 0.010009928546077
-3.75 -3.5 73 74 14.36803314983161 0.01370167768957928
-3.75 -3.5 74 75 13.82791097824265 0.004571094731729426
-3.75 -3.5 75 76 13.29326862332469 0.00359830051206755
-3.75 -3.5 76 77 12.76983269279465 0.002907184328232647
-3.75 -3.5 77 78 12.25788283851647 0.002425705919404439
-3.75 -3.5 78 79 11.75761356129768 0.00195867605921417
-3.75 -3.5 79 80 11.27967977790517 0.002765200024080403
-3.75 -3.5 80 81 10.79304279071107 0.001061951256094431
-3.75 -3.5 81 82 10.30241285927886 0.002942438057358156
-3.75 -3.5 82 83 9.877638142052252 0.0009053698005450577
-3.75 -3.5 83 84 9.43866078005934 0.0009219546749197788
-3.75 -3.5 84 85 9.012291370748285 0.0009356117530432066
-3.75 -3.5 85 86 8.598589515717453 0.0009460654037064683
-3.75 -3.5 86 87 8.197585059729851 0.0009530745398966925
-3.75 -3.5 87 88 7.809272642043444 0.0009557656503325615
-3.75 -3.5 88 89 7.433611396500245 0.0009562485351469254
-3.75 -3.5 89 90 7.070399981691182 0.0008663755265776149
-3.75 -3.5 90 91 6.71967777893947 0.0008456906161964069
-3.75 -3.5 91 92 6.381737657684384 0.0008417369970645659
-3.75 -3.5 92 93 6.055958837919825 0.0008476036587151995
-3.75 -3.5 93 94 5.742449671635692 0.0009120523614207978
-3.75 -3.5 94 95 5.440811554574208 0.0008951549951042112
-3.75 -3.5 95 96 5.151000317838994 0.000876048278822526
-3.75 -3.5 96 97 4.872821627359325 0.000854954117119166
-3.75 -3.5 97 98 4.606065972415523 0.0008320950622008438
-3.75 -3.5 98 99 4.350510030980358 0.0008076917716517939
-3.75 -3.5 99 100 4.105918016787591 0.0007819609208442052
-3.5 -3.25 50 51 38.53212236029144 0.0688792710755603
-3.5 -3.25 51 52 37.1861454607444 0.0682382670717827
-3.5 -3.25 52 53 35.89205002603502 0.06576507263255943
-3.5 -3.25 53 54 34.64790144643017 0.0617440080162304
-3.5 -3.25 54 55 33.45180109140523 0.05643749953011971
-3.5 -3.25 55 56 32.30178247614484 0.05042806374551356
-3.5 -3.25 56 57 31.19556138621453 0.04535597833960819
-3.5 -3.25 57 58 30.13131747821296 0.0415200438140822
-3.5 -3.25 58 59 29.10743065127852 0.03876212946464429
-3.5 -3.25 59 60 28.1223242408733 0.03691945950092088
-3.5 -3.25 60 61 27.17426734940538 0.03518708593865544
-3.5 -3.25 61 62 26.26147909812497 0.0325817926461933
-3.5 -3.25 62 63 25.38257733690187 0.02922656826389356
-3.5 -3.25 63 64 24.53597642509691 0.0260853229039723
-3.5 -3.25 64 65 23.720149887768 0.02376951480121894
-3.5 -3.25 65 66 22.93352952988498 0.02125166583782034
-3.5 -3.25 66 67 22.17440269035779 0.01891826860905801
-3.5 -3.25 67 68 21.44063850862267 0.01669569465115802
-3.5 -3.25 68 69 20.7287369527753 0.01463102834357143
-3.5 -3.25 69 70 20.02822042477852 0.01898459606089074
-3.5 -3.25 70 71 19.34540905274215 0.004442978942178525
-3.5 -3.25 71 72 18.67263816213062 0.01395637454203149
-3.5 -3.25 72 73 18.01113083242053 0.01859182212753764
-3.5 -3.25 73 74 17.36326520271794 0.009990121754995045
-3.5 -3.25 74 75 16.72322359169285 0.007741514095963184
-3.5 -3.25 75 76 16.09469552109343 0.005728266539298525
-3.5 -3.25 76 77 15.4781121471574 0.004052303751994829
-3.5 -3.25 77 78 14.87388699075425 0.002764486215234702
-3.5 -3.25 78 79 14.28232617428317 0.002129836084332659
-3.5 -3.25 79 80 13.70379002854739 0.002013720102281622
-3.5 -3.25 80 81 13.13861394338499 0.002768793027621074
-3.5 -3.25 81 82 12.58708223052697 0.003794680445190758
-3.5 -3.25 82 83 12.01686271573467 0.004800082386970016
-3.5 -3.25 83 84 11.526204945525 0.0008766653479307838
-3.5 -3.25 84 85 11.0167323479101 0.0009909920113799549
-3.5 -3.25 85 86 10.52160708467334 0.001119632449606525
-3.5 -3.25 86 87 9.982476953028161 0.004308647834135745
-3.5 -3.25 87 88 9.574755045569816 0.001140387368701425
-3.5 -3.25 88 89 9.123092317988757 0.001114805167064153
-3.5 -3.25 89 90 8.685937067135711 0.001083957866162264
-3.5 -3.25 90 91 8.222083934721676 0.003781730139851641
-3.5 -3.25 91 92 7.854981052653142 0.001028418446740238
-3.5 -3.25 92 93 7.461021203483382 0.001027562316006443
-3.5 -3.25 93 94 7.081255861234243 0.001022759064258109
-3.5 -3.25 94 95 6.70604487057438 0.002057436061451872
-3.5 -3.25 95 96 6.355691839361608 0.003870762241513753
-3.5 -3.25 96 97 6.025593598561328 0.001029965340228792
-3.5 -3.25 97 98 5.700881237746845 0.0009694964474613742
-3.5 -3.25 98 99 5.389452942918795 0.000949079150557534
-3.5 -3.25 99 100 5.091066010825581 0.0009005394212294069
-3.25 -3 50 51 41.92218601664624 0.07591641937757636
-3.25 -3 51 52 40.51844138854497 0.07525311722403515
-3.25 -3 52 53 39.16507470816923 0.07252029278299132
-3.25 -3 53 54 37.86054514687122 0.06803002526226462
-3.25 -3 54 55 36.60329403645312 0.06207112016496454
-3.25 -3 55 56 35.39164469080977 0.05530858957756916
-3.25 -3 56 57 34.22354981734608 0.04965083617937241
-3.25 -3 57 58 33.09740226030118 0.04544969521525771
-3.25 -3 58 59 32.01176884911597 0.04252384035640547
-3.25 -3 59 60 30.96523207255057 0.04068511717513264
-3.25 -3 60 61 29.95618586132428 0.03896481466370429
-3.25 -3 61 62 28.9829425436029 0.03616961430480455
-3.25 -3 62 63 28.04421967940021 0.0324401888449554
-3.25 -3 63 64 27.13849314698142 0.02895937235386029
-3.25 -3 64 65 26.2642851524936 0.02648362607560081
-3.25 -3 65 66 25.42005071581525 0.02372917020031437
-3.25 -3 66 67 24.60406742185292 0.02118164812560902
-3.25 -3 67 68 23.81413594901468 0.01874724503322175
-3.25 -3 68 69 23.0465121495717 0.01648363777812741
-3.25 -3 69 70 22.29069631837674 0.02399649088082807
-3.25 -3 70 71 21.5516201305994 0.007787865646380391
-3.25 -3 71 72 20.82277765795094 0.006581674053227344
-3.25 -3 72 73 20.10397005744486 0.01783383877681561
-3.25 -3 73 74 19.39554144909518 0.0256755510952119
-3.25 -3 74 75 18.70324386435309 0.01514955269116413
-3.25 -3 75 76 18.01354673534784 0.004681743612126401
-3.25 -3 76 77 17.33885347063447 0.003849672356332396
-3.25 -3 77 78 16.67659957174247 0.003323419392987942
-3.25 -3 78 79 16.02719282767545 0.002803021740141326
-3.25 -3 79 80 15.3911036830658 0.002301850993199394
-3.25 -3 80 81 14.76877394267147 0.001813790895074514
-3.25 -3 81 82 14.16058658985353 0.00151591404828988
-3.25 -3 82 83 13.56681938777144 0.001515335755726561
-3.25 -3 83 84 12.95432448909845 0.01434388386717744
-3.25 -3 84 85 12.39204266856206 0.003397813127004536
-3.25 -3 85 86 11.84513005413107 0.003954568384022071
-3.25 -3 86 87 11.31368769158105 0.007138407094588722
-3.25 -3 87 88 10.79779823965199 0.00742920982649094
-3.25 -3 88 89 10.29752631035667 0.005321542949472921
-3.25 -3 89 90 9.812875703265449 0.001572004575238703
-3.25 -3 90 91 9.343796089381589 0.004572317931839156
-3.25 -3 91 92 8.905880177629363 0.00148234446810724
-3.25 -3 92 93 8.465457281611691 0.001466671066064794
-3.25 -3 93 94 8.040352159193088 0.002868715046190179
-3.25 -3 94 95 7.630680278700998 0.002059227574165484
-3.25 -3 95 96 7.236146204236475 0.001444286169246948
-3.25 -3 96 97 6.856573071432063 0.001377374437186646
-3.25 -3 97 98 6.491759319732513 0.001348075261138987
-3.25 -3 98 99 6.141793445392685 0.004621884311072043
-3.25 -3 99 100 5.805717581968938 0.003633692912958001
-3 -2.75 50 51 43.59869204247474 0.08177511960235799
-3 -2.75 51 52 42.19189941171095 0.08113838970193153
-3 -2.75 52 53 40.83202904836641 0.07823024165770807
-3 -2.75 53 54 39.51799928379744 0.07338488941874823
-3 -2.75 54 55 38.2486565549646 0.06691231585094599
-3 -2.75 55 56 37.02268108083372 0.05954641155872658
-3 -2.75 56 57 35.83833739994401 0.0534224331956264
-3 -2.75 57 58 34.69429560665752 0.04893822875038393
-3 -2.75 58 59 33.58936857613868 0.04589400301461969
-3 -2.75 59 60 32.52235577949916 0.04408112033509613
-3 -2.75 60 61 31.49183935767374 0.04239121518650473
-3 -2.75 61 62 30.49629010022146 0.03945045359096537
-3 -2.75 62 63 29.53457702398867 0.03541381846890949
-3 -2.75 63 64 28.60529756852761 0.0316525919707383
-3 -2.75 64 65 27.70708083850785 0.02904917429638324
-3 -2.75 65 66 26.83846621506181 0.02609858307722627
-3 -2.75 66 67 25.99779000822433 0.02337205193322921
-3 -2.75 67 68 25.18287342927201 0.02075880115512472
-3 -2.75 68 69 24.38988266570644 0.01832560462015067
-3 -2.75 69 70 23.60829324710748 0.03036410325414056
-3 -2.75 70 71 22.84237081545806 0.01252815828412386
-3 -2.75 71 72 22.08584446140542 0.004714750158430563
-3 -2.75 72 73 21.33856644374781 0.01581557342754873
-3 -2.75 73 74 20.60096926310992 0.02449416122980119
-3 -2.75 74 75 19.87376873260459 0.02989911046139752
-3 -2.75 75 76 19.15731131753656 0.03365732281494318
-3 -2.75 76 77 18.45341859086169 0.004893073741022069
-3 -2.75 77 78 17.76013641825273 0.004497303903056529
-3 -2.75 78 79 17.0794520146601 0.004052606372812645
-3 -2.75 79 80 16.41192208226842 0.003550975778546413
-3 -2.75 80 81 15.7580718361979 0.003055476101857476
-3 -2.75 81 82 15.11836238239062 0.00267249649737329
-3 -2.75 82 83 14.49313972216316 0.002561673564410126
-3 -2.75 83 84 13.88275000201072 0.002498152565354607
-3 -2.75 84 85 13.28751811323235 0.002483338231748469
-3 -2.75 85 86 12.7077199682409 0.002469176517211535
-3 -2.75 86 87 12.14358302504236 0.002408307712450999
-3 -2.75 87 88 11.59527661813097 0.002311242419058392
-3 -2.75 88 89 11.06290960978413 0.002219997461403055
-3 -2.75 89 90 10.54657432822114 0.002168877483888049
-3 -2.75 90 91 10.04632442954768 0.002117882381142012
-3 -2.75 91 92 9.562171705138981 0.002067132481529875
-3 -2.75 92 93 9.094030365842036 0.005076422409496947
-3 -2.75 93 94 8.642022106920752 0.003874192589995584
-3 -2.75 94 95 8.205935422667311 0.002827066720913354
-3 -2.75 95 96 7.786110447313094 0.008432631859705509
-3 -2.75 96 97 7.381353521330216 0.006699635592579525
-3 -2.75 97 98 6.992047902156719 0.005174678383295443
-3 -2.75 98 99 6.617984284580848 0.00382795698893321
-3 -2.75 99 100 6.258929122300991 0.002697924350297078
-2.75 -2.5 50 51 44.16647056159042 0.1027498451119165
-2.75 -2.5 51 52 42.78492468525155 0.1000613144874164
-2.75 -2.5 52 53 41.44620042302037 0.09616039133404296
-2.75 -2.5 53 54 40.14966660482366 0.0912021301532817
-2.75 -2.5 54 55 38.89457065044269 0.0853870483573165
-2.75 -2.5 55 56 37.67995019235403 0.07920783002729107
-2.75 -2.5 56 57 36.50438825695026 0.07391496605219693
-2.75 -2.5 57 58 35.3668384156564 0.06966720648333104
-2.75 -2.5 58 59 34.2663667264185 0.06630203232392028
-2.75 -2.5 59 60 33.20199861201156 0.06368485440998829
-2.75 -2.5 60 61 32.17251854601992 0.06121517841370076
-2.75 -2.5 61 62 31.1772395039457 0.04284717991222387
-2.75 -2.5 62 63 30.21387005979365 0.03853302531769208
-2.75 -2.5 63 64 29.2818046385691 0.03451407221341182
-2.75 -2.5 64 65 28.37979892844093 0.03178175757080558
-2.75 -2.5 65 66 27.50650030713255 0.02864153512802746
-2.75 -2.5 66 67 26.66033441219052 0.02573827550145433
-2.75 -2.5 67 68 25.83919013806339 0.0229469008638152
-2.75 -2.5 68 69 25.03924132092276 0.02034236106126892
-2.75 -2.5 69 70 24.24968890685032 0.0410671907105988
-2.75 -2.5 70 71 23.47512837360797 0.02131543959910593
-2.75 -2.5 71 72 22.70911992432072 0.004148695450325245
-2.75 -2.5 72 73 21.95156523850949 0.01046293270677165
-2.75 -2.5 73 74 21.20296634529016 0.02025102894594736
-2.75 -2.5 74 75 20.46411297530321 0.02643867448092357
-2.75 -2.5 75 76 19.73540959024197 0.03085285166649695
-2.75 -2.5 76 77 19.0175034564712 0.03427368568243589
-2.75 -2.5 77 78 18.31522314640921 0.01895807002623833
-2.75 -2.5 78 79 17.61813331414273 0.004266735057121952
-2.75 -2.5 79 80 16.93664673328519 0.003411355184331218
-2.75 -2.5 80 81 16.26856525904335 0.002401077116739552
-2.75 -2.5 81 82 15.61440609859259 0.001300308729380031
-2.75 -2.5 82 83 14.97456542100543 0.0008094065466565762
-2.75 -2.5 83 84 14.34943898351036 0.0008709186236294426
-2.75 -2.5 84 85 13.73939932343788 0.0009481903875929758
-2.75 -2.5 85 86 13.14476716745667 0.001099359327682621
-2.75 -2.5 86 87 12.56581187729698 0.001134473857174926
-2.75 -2.5 87 88 12.0027415249171 0.001101906482273673
-2.75 -2.5 88 89 11.4557001107573 0.001149207124570457
-2.75 -2.5 89 90 10.9248135997306 0.001190312836773675
-2.75 -2.5 90 91 10.41016674250729 0.001224598586888599
-2.75 -2.5 91 92 9.911658020721331 0.007258198974288316
-2.75 -2.5 92 93 9.429627493918908 0.005742356578622015
-2.75 -2.5 93 94 8.963848640188246 0.004372343914403376
-2.75 -2.5 94 95 8.514730826384282 0.01045192078419345
-2.75 -2.5 95 96 8.081098454399175 0.008209167988054534
-2.75 -2.5 96 97 7.663389909198399 0.006220437126658872
-2.75 -2.5 97 98 7.261436927375947 0.00453189274983281
-2.75 -2.5 98 99 6.875042999316761 0.003153639878132719
-2.75 -2.5 99 100 6.503985470016584 0.00231043672916593
-2.5 -2.25 50 51 43.92550493219514 0.09276137883850553
-2.5 -2.25 51 52 42.58308696455438 0.09226997639170664
-2.5 -2.25 52 53 41.27949399776617 0.08915110174196744
-2.5 -2.25 53 54 40.01449291074678 0.08377587531345813
-2.5 -2.25 54 55 38.78768706086325 0.07648974811857731
-2.5 -2.25 55 56 37.59843281841421 0.06814252171066068
-2.5 -2.25 56 57 36.44559857384876 0.06205512925742906
-2.5 -2.25 57 58 35.32839350608462 0.05805169533481925
-2.5 -2.25 58 59 34.24611325090453 0.05516126448582078
-2.5 -2.25 59 60 33.19798925944569 0.05321589426269112
-2.5 -2.25 60 61 32.18299232586611 0.05139286981106792
-2.5 -2.25 61 62 31.1999327911 0.04864076656151577
-2.5 -2.25 62 63 30.24799473493704 0.04509555159927462
-2.5 -2.25 63 64 29.32605046997865 0.04181140796743626
-2.5 -2.25 64 65 28.43297781454189 0.03940850356752561
-2.5 -2.25 65 66 27.5675327445411 0.03678664182696603
-2.5 -2.25 66 67 26.72823782680361 0.03437129065884672
-2.5 -2.25 67 68 25.91307243065452 0.03206903562221895
-2.5 -2.25 68 69 25.11828529217663 0.02993649888484924
-2.5 -2.25 69 70 24.3331630770189 0.04767967268069153
-2.5 -2.25 70 71 23.56230312766149 0.02892098577965772
-2.5 -2.25 71 72 22.79934937863209 0.02115418336688869
-2.5 -2.25 72 73 22.04425031935993 0.0222989549224665
-2.5 -2.25 73 74 21.29755787770736 0.02696805794180207
-2.5 -2.25 74 75 20.56010654012351 0.03091687140142275
-2.5 -2.25 75 76 19.83233965916904 0.03409718624906263
-2.5 -2.25 76 77 19.1149447398783 0.03690389813922477
-2.5 -2.25 77 78 18.41348700264797 0.01936873723733454
-2.5 -2.25 78 79 17.71853423084654 0.02042335962419515
-2.5 -2.25 79 80 17.03339973824934 0.01512045879334435
-2.5 -2.25 80 81 16.3644810379031 0.01425734813579837
-2.5 -2.25 81 82 15.70922781053875 0.01345096856202688
-2.5 -2.25 82 83 15.06806128266175 0.01274000057230509
-2.5 -2.25 83 84 14.44140302240686 0.0121134961120073
-2.5 -2.25 84 85 13.8296508031398 0.0115145139598698
-2.5 -2.25 85 86 13.23314900741789 0.0109404817125977
-2.5 -2.25 86 87 12.65218901823814 0.01038395235741595
-2.5 -2.25 87 88 12.08699875786517 0.009848942230644591
-2.5 -2.25 88 89 11.53773946273787 0.009336668109673551
-2.5 -2.25 89 90 11.00455468813719 0.008845099126868757
-2.5 -2.25 90 91 10.48754560189494 0.008373728927298355
-2.5 -2.25 91 92 9.986787203731025 0.008343760717754993
-2.5 -2.25 92 93 9.502304958981817 0.007454337839688787
-2.5 -2.25 93 94 9.034053962215118 0.007043378647915354
-2.5 -2.25 94 95 8.581970719618532 0.006650633490902439
-2.5 -2.25 95 96 8.145956619960003 0.006275590607986223
-2.5 -2.25 96 97 7.726106299834964 0.01161271443377514
-2.5 -2.25 97 98 7.321700270673302 0.009839259694563013
-2.5 -2.25 98 99 6.932878850257657 0.008273868850954521
-2.5 -2.25 99 100 6.56010144666309 0.005251406631063857
-2.25 -2 50 51 44.962971555721 0.09958176723800627
-2.25 -2 51 52 43.60750135049057 0.09917678532593142
-2.25 -2 52 53 42.28943965711179 0.09597755730330448
-2.25 -2 53 54 41.00879692975761 0.09037223779063915
-2.25 -2 54 55 39.76538896979383 0.08272272752197339
-2.25 -2 55 56 38.55875835383759 0.0739310316742717
-2.25 -2 56 57 37.38793860901117 0.06668539835980268
-2.25 -2 57 58 36.25227975791623 0.06149856995604856
-2.25 -2 58 59 35.15119890645353 0.05812907302240515
-2.25 -2 59 60 34.08403267291904 0.05632150704835198
-2.25 -2 60 61 33.04984475080516 0.05463791485637296
-2.25 -2 61 62 32.04752230923772 0.05127492892307382
-2.25 -2 62 63 31.07631824276498 0.04642083375546854
-2.25 -2 63 64 30.13515774380818 0.04189352646532395
-2.25 -2 64 65 29.22296343878438 0.03887618686967863
-2.25 -2 65 66 28.33852046473795 0.03534245794149986
-2.25 -2 66 67 27.48036349178916 0.03206726077562379
-2.25 -2 67 68 26.64645782246814 0.02889923402868272
-2.25 -2 68 69 25.83296410049944 0.02592991135868371
-2.25 -2 69 70 25.04576827831606 0.04037080400457521
-2.25 -2 70 71 24.23629621814639 0.05221498424021976
-2.25 -2 71 72 23.45402510914455 0.03104744132836659
-2.25 -2 72 73 22.67938074500114 0.01529034880284732
-2.25 -2 73 74 21.91297445944229 0.008788346612670014
-2.25 -2 74 75 21.15570166944499 0.01280791775882809
-2.25 -2 75 76 20.40806817799337 0.01800472700953673
-2.25 -2 76 77 19.67081866287607 0.02272328213292744
-2.25 -2 77 78 18.94479099824107 0.02671273374676798
-2.25 -2 78 79 18.23076305813653 0.03001279906028549
-2.25 -2 79 80 17.52944955008726 0.03272745681254985
-2.25 -2 80 81 16.83961771055352 0.02559424390211269
-2.25 -2 81 82 16.16637784549358 0.02734895313391278
-2.25 -2 82 83 15.50733871659219 0.02828087771099243
-2.25 -2 83 84 14.86432710883217 0.001914071418111693
-2.25 -2 84 85 14.23436285754435 0.001419659117440018
-2.25 -2 85 86 13.62001673573148 0.001139254012932712
-2.25 -2 86 87 13.02160282477662 0.001096718998995019
-2.25 -2 87 88 12.43936942556063 0.001077630064643121
-2.25 -2 88 89 11.87298702305932 0.01997503987032642
-2.25 -2 89 90 11.32364552088902 0.01732851984771201
-2.25 -2 90 91 10.79094251665874 0.01457552014176998
-2.25 -2 91 92 10.27466433986034 0.01594074999690229
-2.25 -2 92 93 9.77539025346751 0.01278035371563899
-2.25 -2 93 94 9.292811435381362 0.009833458560043059
-2.25 -2 94 95 8.826872949033373 0.007127970344129282
-2.25 -2 95 96 8.377482449933115 0.004705986878729466
-2.25 -2 96 97 7.944512434184341 0.002914132459937061
-2.25 -2 97 98 7.527802500050386 0.001945075329470305
-2.25 -2 98 99 7.127161612778979 0.002541494804609225
-2.25 -2 99 100 6.742370363429645 0.003902508031791323
-2 -1.75 50 51 43.9351367794429 0.09832345295141269
-2 -1.75 51 52 42.65852197011685 0.09822373770691512
-2 -1.75 52 53 41.41323149493115 0.09514347452759762
-2 -1.75 53 54 40.19979640660489 0.08948908847394504
-2 -1.75 54 55 39.01850313899956 0.08164012519058463
-2 -1.75 55 56 37.86931786829291 0.07255328505936383
-2 -1.75 56 57 36.75164975924963 0.0650942106408552
-2 -1.75 57 58 35.66519822815945 0.05981341714407597
-2 -1.75 58 59 34.6097009607315 0.05645720590646187
-2 -1.75 59 60 33.58478609172006 0.05475706514593713
-2 -1.75 60 61 32.58979360807018 0.05318406634005833
-2 -1.75 61 62 31.62386450464912 0.04981962319265551
-2 -1.75 62 63 30.68647430946982 0.04486058787359999
-2 -1.75 63 64 29.77676779138207 0.04023804172092749
-2 -1.75 64 65 28.89387115223798 0.03721175693967536
-2 -1.75 65 66 28.03676091887478 0.03362702291748178
-2 -1.75 66 67 27.2041564945544 0.03078612675884747
-2 -1.75 67 68 26.39421268609058 0.02819396673807017
-2 -1.75 68 69 25.60328925899145 0.02577638162947898
-2 -1.75 69 70 24.82166461456504 0.06043182591573662
-2 -1.75 70 71 24.05187872828638 0.03555112704781207
-2 -1.75 71 72 23.28864413134927 0.01542599058568298
-2 -1.75 72 73 22.53196898168838 0.01691512338371273
-2 -1.75 73 74 21.78249370849417 0.02412195901310522
-2 -1.75 74 75 21.04114811163253 0.02974191434015684
-2 -1.75 75 76 20.30845037964999 0.03504301295478999
-2 -1.75 76 77 19.58517455469531 0.03993902809236059
-2 -1.75 77 78 18.87219614286472 0.043868344503143
-2 -1.75 78 79 18.1742143081789 0.02153294306924648
-2 -1.75 79 80 17.48338142118477 0.02291492966950428
-2 -1.75 80 81 16.80491439240956 0.0240358482364904
-2 -1.75 81 82 16.13825005849319 0.007522551900687593
-2 -1.75 82 83 15.48726545025753 0.006903446086632892
-2 -1.75 83 84 14.85037777014389 0.006401619761048422
-2 -1.75 84 85 14.22804666509029 0.005966008925503941
-2 -1.75 85 86 13.62067498712199 0.005545413915866004
-2 -1.75 86 87 13.02860911426078 0.005112096184229157
-2 -1.75 87 88 12.45212901676829 0.004669668882284286
-2 -1.75 88 89 11.89144464456887 0.004251073443437918
-2 -1.75 89 90 11.34674487491496 0.003860967784889251
-2 -1.75 90 91 10.81817300507301 0.003496909341859295
-2 -1.75 91 92 10.30555882021252 0.01085515704618845
-2 -1.75 92 93 9.809543326647827 0.008861646029685812
-2 -1.75 93 94 9.329823053524592 0.007015859792919172
-2 -1.75 94 95 8.86710606887371 0.01575074976761593
-2 -1.75 95 96 8.419695839567311 0.0127132600718466
-2 -1.75 96 97 7.988365274109713 0.009960428172783213
-2 -1.75 97 98 7.572977892059342 0.007575831272602055
-2 -1.75 98 99 7.173365728585889 0.005520812314432427
-2 -1.75 99 100 6.789331586041889 0.003767256449505991
-1.75 -1.5 50 51 44.28493886537376 0.0932156126013368
-1.75 -1.5 51 52 42.97678992655159 0.09338333852872874
-1.75 -1.5 52 53 41.70123008380719 0.09046844163824999
-1.75 -1.5 53 54 40.45877935697641 0.08488603837377669
-1.75 -1.5 54 55 39.24970666030453 0.07702827992112471
-1.75 -1.5 55 56 38.07395367954601 0.0678957912656814
-1.75 -1.5 56 57 36.93089418770913 0.06048130398000396
-1.75 -1.5 57 58 35.82019466828683 0.05535200293832491
-1.75 -1.5 58 59 34.74156001073955 0.05223723133722188
-1.75 -1.5 59 60 33.69458330872256 0.0508565609744479
-1.75 -1.5 60 61 32.67855602683925 0.04960291046808969
-1.75 -1.5 61 62 31.69256094611816 0.0464568396091122
-1.75 -1.5 62 63 30.73603866829147 0.04162211498214745
-1.75 -1.5 63 64 29.80808293139118 0.03713107389581825
-1.75 -1.5 64 65 28.90777094346363 0.03430492734863232
-1.75 -1.5 65 66 28.03402976010298 0.03088533617814508
-1.75 -1.5 66 67 27.18552738283081 0.02772609746300018
-1.75 -1.5 67 68 26.36036962722706 0.02467423772532886
-1.75 -1.5 68 69 25.55487002277432 0.02181762424730569
-1.75 -1.5 69 70 24.76588592990591 0.06720905552997612
-1.75 -1.5 70 71 23.982402936993 0.04023253254141116
-1.75 -1.5 71 72 23.2062150666529 0.01683717102645006
-1.75 -1.5 72 73 22.43736331606964 0.01094885519344937
-1.75 -1.5 73 74 21.6765074639474 0.02088694744669718
-1.75 -1.5 74 75 20.92458010475586 0.02931593900143218
-1.75 -1.5 75 76 20.18211643953432 0.03614833532899483
-1.75 -1.5 76 77 19.44989178593578 0.04173826427237745
-1.75 -1.5 77 78 18.72877069302261 0.04626576482892196
-1.75 -1.5 78 79 18.02089370386939 0.02356349901472854
-1.75 -1.5 79 80 17.32367245051827 0.02530458293103733
-1.75 -1.5 80 81 16.63682732073524 0.006721243162303536
-1.75 -1.5 81 82 15.96739647747292 0.006725645343053577
-1.75 -1.5 82 83 15.31228104131235 0.006817804719125331
-1.75 -1.5 83 84 14.67194627477655 0.006898033562086331
-1.75 -1.5 84 85 14.04682669849507 0.006912744654014149
-1.75 -1.5 85 86 13.43729884139223 0.006839814674737074
-1.75 -1.5 86 87 12.84368168299546 0.006677611756000118
-1.75 -1.5 87 88 12.26622729347274 0.006458734387063302
-1.75 -1.5 88 89 11.70511721661693 0.006241621741531574
-1.75 -1.5 89 90 11.16051084188586 0.006033179523964371
-1.75 -1.5 90 91 10.63252149785207 0.005830003715335635
-1.75 -1.5 91 92 10.1210951213437 0.0132458105567553
-1.75 -1.5 92 93 9.626535826425865 0.01104500446627032
-1.75 -1.5 93 94 9.148672845416019 0.00898419825349992
-1.75 -1.5 94 95 8.687442503732512 0.007074024286800709
-1.75 -1.5 95 96 8.243945567533075 0.01524992912468334
-1.75 -1.5 96 97 7.815437773762071 0.0125469325264917
-1.75 -1.5 97 98 7.403160341177189 0.01026170646514051
-1.75 -1.5 98 99 7.006916666920985 0.008237869721750503
-1.75 -1.5 99 100 6.626481673193613 0.006497823562935974
-1.5 -1.25 50 51 43.25114863741732 0.1061292793292718
-1.5 -1.25 51 52 41.99668221203422 0.1049548885290924
-1.5 -1.25 52 53 40.77089676200481 0.1019738613961847
-1.5 -1.25 53 54 39.57465237944925 0.09741937314992198
-1.5 -1.25 54 55 38.40852493988825 0.09158419365324316
-1.5 -1.25 55 56 37.27273539265485 0.08516459391250576
-1.5 -1.25 56 57 36.16691689345149 0.07988514398966981
-1.5 -1.25 57 58 35.09096632143491 0.07594934827960874
-1.5 -1.25 58 59 34.04479532664024 0.07312319315123862
-1.5 -1.25 59 60 33.02818446455322 0.07121974802625271
-1.5 -1.25 60 61 32.04060729387835 0.06942390965370424
-1.5 -1.25 61 62 31.08131503978814 0.06669876749972653
-1.5 -1.25 62 63 30.14988954028901 0.06320543503756683
-1.5 -1.25 63 64 29.24556128532228 0.05999183809095369
-1.5 -1.25 64 65 28.3675335097449 0.05762246117074044
-1.5 -1.25 65 66 27.51484827708484 0.0550548542963809
-1.5 -1.25 66 67 26.68628324915262 0.05268771040375687
-1.5 -1.25 67 68 25.88006009931921 0.05043211712297702
-1.5 -1.25 68 69 25.09263207935763 0.04833276627114968
-1.5 -1.25 69 70 24.31790756265882 0.04635523524081846
-1.5 -1.25 70 71 23.54973842218038 0.06410190160170752
-1.5 -1.25 71 72 22.79021659928034 0.0486684005589002
-1.5 -1.25 72 73 22.03757358157108 0.0403606545081963
-1.5 -1.25 73 74 21.29248901463748 0.03859291819016295
-1.5 -1.25 74 75 20.55590563966958 0.03969674871277389
-1.5 -1.25 75 76 19.82836577604007 0.04175369252741782
-1.5 -1.25 76 77 19.11065278516729 0.04417637906028116
-1.5 -1.25 77 78 18.40407034427164 0.0383736535841152
-1.5 -1.25 78 79 17.70852567484535 0.04323573560422404
-1.5 -1.25 79 80 17.02523056684897 0.04728784179375128
-1.5 -1.25 80 81 16.3568667144841 0.02740111441269613
-1.5 -1.25 81 82 15.69703203346148 0.001897637105703218
-1.5 -1.25 82 83 15.05386661413797 0.000945493385134549
-1.5 -1.25 83 84 14.42511727370812 0.001101080043549844
-1.5 -1.25 84 85 13.81122323278329 0.001580118430937638
-1.5 -1.25 85 86 13.21256565987281 0.001860835357249726
-1.5 -1.25 86 87 12.62946809313939 0.001919766397582785
-1.5 -1.25 87 88 12.06218700911163 0.001823528733438688
-1.5 -1.25 88 89 11.51090799274473 0.001728859987264949
-1.5 -1.25 89 90 10.97579510138347 0.001656506920519457
-1.5 -1.25 90 91 10.4569664634253 0.001597207352851741
-1.5 -1.25 91 92 9.954258897637569 0.01415904300668485
-1.5 -1.25 92 93 9.468215589342378 0.01186301352414416
-1.5 -1.25 93 94 8.998551784047198 0.009716217985733012
-1.5 -1.25 94 95 8.545209028504221 0.007743631790852842
-1.5 -1.25 95 96 8.109070475207041 0.01599683633338424
-1.5 -1.25 96 97 7.687892768199859 0.01301882239813597
-1.5 -1.25 97 98 7.282644421206449 0.01032716290621969
-1.5 -1.25 98 99 6.893135330148098 0.007939961960684415
-1.5 -1.25 99 100 6.519147073059184 0.005892068026441712
-1.25 -1 50 51 43.84739925304439 0.109507170400722
-1.25 -1 51 52 42.58516350887311 0.1097340046956313
-1.25 -1 52 53 41.35067830096679 0.1065744134077115
-1.25 -1 53 54 40.14496478970577 0.100475814604077
-1.25 -1 54 55 38.96873903562562 0.09185720604416069
-1.25 -1 55 56 37.82234551397639 0.08248353015116494
-1.25 -1 56 57 36.7055297429186 0.07632405816396844
-1.25 -1 57 58 35.61828115635464 0.07171494836424648
-1.25 -1 58 59 34.56058982349793 0.06843518440313692
-1.25 -1 59 60 33.53230381159489 0.06629531740923485
-1.25 -1 60 61 32.53295325340184 0.06429219586558636
-1.25 -1 61 62 31.5618336933516 0.06110783880417645
-1.25 -1 62 63 30.61857063366529 0.05689503338441868
-1.25 -1 63 64 29.70242474739788 0.05297687898168391
-1.25 -1 64 65 28.81262479160023 0.05014019523732359
-1.25 -1 65 66 27.94823102775247 0.04698965377868491
-1.25 -1 66 67 27.10803147750518 0.04406737046236898
-1.25 -1 67 68 26.29024889094426 0.04125343163311301
-1.25 -1 68 69 25.49130598976755 0.03862156343755654
-1.25 -1 69 70 24.70503665790112 0.03613625382161327
-1.25 -1 70 71 23.92275493947034 0.06848429680267965
-1.25 -1 71 72 23.15162215518842 0.04531939000844438
-1.25 -1 72 73 22.38729764033279 0.03123187501483679
-1.25 -1 73 74 21.63049085313693 0.02519657396644989
-1.25 -1 74 75 20.88217748872923 0.02477002912950219
-1.25 -1 75 76 20.14292558206333 0.02679623134373901
-1.25 -1 76 77 19.41354783669095 0.02982440475600733
-1.25 -1 77 78 18.6949450037939 0.03460821402583203
-1.25 -1 78 79 17.98795254131357 0.03974259804893775
-1.25 -1 79 80 17.29333694628921 0.04406464964809097
-1.25 -1 80 81 16.6117969303635 0.04773585940395808
-1.25 -1 81 82 15.94442784867812 0.01699192730496482
-1.25 -1 82 83 15.29038253782051 0.01600257824612872
-1.25 -1 83 84 14.65096636043157 0.0151251466556115
-1.25 -1 84 85 14.0266341616272 0.01431113021915523
-1.25 -1 85 86 13.41778098376268 0.01353977877796573
-1.25 -1 86 87 12.78734250077733 0.02927431759429968
-1.25 -1 87 88 12.21282354037573 0.02795045506514665
-1.25 -1 88 89 11.68710594108078 0.01137169993564793
-1.25 -1 89 90 11.14287417108476 0.01071490324462476
-1.25 -1 90 91 10.61521467240397 0.01008790186812684
-1.25 -1 91 92 10.1042011945792 0.009490177269865922
-1.25 -1 92 93 9.61028819396784 0.02397201673556529
-1.25 -1 93 94 9.132601294741825 0.02014917749843595
-1.25 -1 94 95 8.671517330514327 0.0165629475528044
-1.25 -1 95 96 8.226945100094795 0.01344833832923137
-1.25 -1 96 97 7.798757036597195 0.01113711327959479
-1.25 -1 97 98 7.386791639207129 0.009109412646645184
-1.25 -1 98 99 6.990855896982694 0.007403372176320705
-1.25 -1 99 100 6.610727695852427 0.00607184351997862
-1 -0.75 50 51 43.72122752700358 0.1174566599183179
-1 -0.75 51 52 42.45437663686505 0.1175738385111538
-1 -0.75 52 53 41.21517032854658 0.1141927784016413
-1 -0.75 53 54 40.00468582839096 0.1077729931761705
-1 -0.75 54 55 38.82368650778923 0.09874501061723234
-1 -0.75 55 56 37.67255427034388 0.08822831895336646
-1 -0.75 56 57 36.55105775630992 0.07962245319544509
-1 -0.75 57 58 35.4592126955979 0.07359042676121125
-1 -0.75 58 59 34.39703368686392 0.06984020323607976
-1 -0.75 59 60 33.36438874518771 0.0680599694892564
-1 -0.75 60 61 32.36082346983281 0.06641067274587391
-1 -0.75 61 62 31.38564333079856 0.06256781206663407
-1 -0.75 62 63 30.43848584149985 0.0567584895331101
-1 -0.75 63 64 29.51862156865748 0.05132500038785809
-1 -0.75 64 65 28.62528818585309 0.04780642693607191
-1 -0.75 65 66 27.75755339297447 0.04357862077673031
-1 -0.75 66 67 26.91421236268343 0.03964436138541057
-1 -0.75 67 68 26.0934998684253 0.03581291162218655
-1 -0.75 68 69 25.29186139286784 0.03220042210567156
-1 -0.75 69 70 24.50318081987787 0.02877325685149498
-1 -0.75 70 71 23.71661321483869 0.06719508186705106
-1 -0.75 71 72 22.94391942231019 0.0381344158470619
-1 -0.75 72 73 22.17840611496119 0.01422532216940464
-1 -0.75 73 74 21.42078824565256 0.006622834287660394
-1 -0.75 74 75 20.67203778457684 0.01617425650419932
-1 -0.75 75 76 19.93272349229179 0.02539949750905926
-1 -0.75 76 77 19.20365298955043 0.03314599533617491
-1 -0.75 77 78 18.48571676506414 0.03962119671654573
-1 -0.75 78 79 17.7797388026227 0.04503111450590937
-1 -0.75 79 80 17.08647292472589 0.04956831142565293
-1 -0.75 80 81 16.4113787059046 0.03178838387737694
-1 -0.75 81 82 15.74219545417282 0.004942705666277988
-1 -0.75 82 83 15.09034984713444 0.003981722653069748
-1 -0.75 83 84 14.45341680027406 0.003375453210153862
-1 -0.75 84 85 13.83183403763612 0.003040368297599388
-1 -0.75 85 86 13.22597907862333 0.002864093779282439
-1 -0.75 86 87 12.63616974792693 0.002708782141193256
-1 -0.75 87 88 12.06265540503691 0.002570610803271885
-1 -0.75 88 89 11.50561305113531 0.002452873446566793
-1 -0.75 89 90 10.9651961006986 0.002351373761434094
-1 -0.75 90 91 10.44151057493716 0.002263732900565617
-1 -0.75 91 92 9.934612359656562 0.002188755743531052
-1 -0.75 92 93 9.444139789770336 0.01493369983282129
-1 -0.75 93 94 8.970883475873777 0.01252678128414372
-1 -0.75 94 95 8.514595092241258 0.02012403855405018
-1 -0.75 95 96 8.074556315841313 0.01654568269072828
-1 -0.75 96 97 7.650956710802397 0.01324370348829863
-1 -0.75 97 98 7.243619660544471 0.01022653336028261
-1 -0.75 98 99 6.85233764747213 0.0075008725311416
-1 -0.75 99 100 6.476874696592276 0.005080157272302173
-0.75 -0.5 50 51 43.19890844281866 0.1179828479940172
-0.75 -0.5 51 52 41.95486107724716 0.1178141782456703
-0.75 -0.5 52 53 40.73680968975162 0.1145199343764147
-0.75 -0.5 53 54 39.54598266866444 0.1081145709559849
-0.75 -0.5 54 55 38.38327892416521 0.1009014208054168
-0.75 -0.5 55 56 37.24920279281761 0.09328932055827713
-0.75 -0.5 56 57 36.14363566959713 0.08696287390149546
-0.75 -0.5 57 58 35.0666928756219 0.08222125892351494
-0.75 -0.5 58 59 34.01847782351626 0.07882859612448929
-0.75 -0.5 59 60 32.99893841054927 0.07658417349107878
-0.75 -0.5 60 61 32.00769605954304 0.07447082738630281
-0.75 -0.5 61 62 31.04412479104676 0.07116500204397266
-0.75 -0.5 62 63 30.10792144285818 0.06683257876749973
-0.75 -0.5 63 64 29.19841321905037 0.06280449360422058
-0.75 -0.5 64 65 28.31489010258088 0.05985800963964222
-0.75 -0.5 65 66 27.45646864420691 0.05660665101027358
-0.75 -0.5 66 67 26.62199195700107 0.05358839272167772
-0.75 -0.5 67 68 25.80974882362219 0.05068467025100094
-0.75 -0.5 68 69 25.01625471052472 0.04796643477887533
-0.75 -0.5 69 70 24.2354875641139 0.04539624341921815
-0.75 -0.5 70 71 23.45730429549938 0.07682316164913223
-0.75 -0.5 71 72 22.69217119236782 0.05455467450980771
-0.75 -0.5 72 73 21.93410556318693 0.04034051918878536
-0.75 -0.5 73 74 21.18382948318677 0.03410064650126338
-0.75 -0.5 74 75 20.44231686818654 0.03308103541832377
-0.75 -0.5 75 76 19.71013990023965 0.0344655459671554
-0.75 -0.5 76 77 18.98810762476941 0.03701047964540354
-0.75 -0.5 77 78 18.27710977492761 0.03994113878333258
-0.75 -0.5 78 79 17.57796924272713 0.04284718252788412
-0.75 -0.5 79 80 16.8914383864556 0.04712031500067638
-0.75 -0.5 80 81 16.21820040936347 0.0513816328210065
-0.75 -0.5 81 82 15.56014560929786 0.02473277229322991
-0.75 -0.5 82 83 14.91473755526636 0.02355311134602058
-0.75 -0.5 83 84 14.28412913022611 0.02247518307402196
-0.75 -0.5 84 85 13.66875578275977 0.02146823448804434
-0.75 -0.5 85 86 13.06899274457943 0.02050926284930902
-0.75 -0.5 86 87 12.48515554453667 0.01957878074599281
-0.75 -0.5 87 88 11.9174913238333 0.01867648174626577
-0.75 -0.5 88 89 11.36617485441884 0.01780301810389254
-0.75 -0.5 89 90 10.83135749305291 0.01695796830681245
-0.75 -0.5 90 91 10.31314332380646 0.0161411248201016
-0.75 -0.5 91 92 9.811586445591995 0.01535240230270491
-0.75 -0.5 92 93 9.32636513647298 0.01507880188149175
-0.75 -0.5 93 94 8.858518160343529 0.0244206016030904
-0.75 -0.5 94 95 8.406836516517476 0.02149524341584533
-0.75 -0.5 95 96 7.971602636244857 0.01881403049024047
-0.75 -0.5 96 97 7.55267240154949 0.01639963391800881
-0.75 -0.5 97 98 7.149868567448337 0.01427162140266372
-0.75 -0.5 98 99 6.762983232442476 0.01244682602790904
-0.75 -0.5 99 100 6.391780283803211 0.01093832574429266
-0.5 -0.25 50 51 43.24529189152548 0.1268002989414019
-0.5 -0.25 51 52 42.00611398936718 0.1248628944553202
-0.5 -0.25 52 53 40.79213365695125 0.1209731055038982
-0.5 -0.25 53 54 39.60467204042817 0.1153557349260956
-0.5 -0.25 54 55 38.44471023667708 0.1082999429581628
-0.5 -0.25 55 56 37.31282580208159 0.1005504195727987
-0.5 -0.25 56 57 36.20896613322861 0.09406136007844446
-0.5 -0.25 57 58 35.13330404177759 0.08910368423693253
-0.5 -0.25 58 59 34.08599360488313 0.08544427540904004
-0.5 -0.25 59 60 33.06702764010623 0.08289021621775591
-0.5 -0.25 60 61 32.07606888543617 0.08047998619897151
-0.5 -0.25 61 62 31.11252744519712 0.07695937511298959
-0.5 -0.25 62 63 30.17613201156291 0.07248876654491687
-0.5 -0.25 63 64 29.26623818637158 0.06832874316781501
-0.5 -0.25 64 65 28.38216149341525 0.06520448557180895
-0.5 -0.25 65 66 27.52304016853508 0.06181241642017332
-0.5 -0.25 66 67 26.68773571312505 0.05865636041444432
-0.5 -0.25 67 68 25.87455254280607 0.05562390309368683
-0.5 -0.25 68 69 25.08001339102107 0.05277854367687945
-0.5 -0.25 69 70 24.29809286711233 0.05008226156750299
-0.5 -0.25 70 71 23.51942006143445 0.07685079153940412
-0.5 -0.25 71 72 22.7529059941334 0.0566832347262922
-0.5 -0.25 72 73 21.99336689902269 0.04349276409443448
-0.5 -0.25 73 74 21.2415375501573 0.03815465834169017
-0.5 -0.25 74 75 20.49840396350056 0.03750867893213036
-0.5 -0.25 75 76 19.76454825864414 0.03891963274397316
-0.5 -0.25 76 77 19.0407902965283 0.04132930282964951
-0.5 -0.25 77 78 18.32803023336791 0.04406981361539833
-0.5 -0.25 78 79 17.62710074098874 0.0467811480472298
-0.5 -0.25 79 80 16.93876325201847 0.04947068849828685
-0.5 -0.25 80 81 16.26370936146272 0.05379301625854872
-0.5 -0.25 81 82 15.60327060399118 0.02773699506653354
-0.5 -0.25 82 83 14.95606925414695 0.0264273680423106
-0.5 -0.25 83 84 14.3236787208827 0.02521510986540862
-0.5 -0.25 84 85 13.70654035318616 0.0240729792944146
-0.5 -0.25 85 86 13.10503473784571 0.02297052321198161
-0.5 -0.25 86 87 12.51948221038293 0.02190213584753216
-0.5 -0.25 87 88 11.9501342283846 0.02086746404164418
-0.5 -0.25 88 89 11.39716933644159 0.01986697896842896
-0.5 -0.25 89 90 10.86074225233606 0.0189002145941757
-0.5 -0.25 90 91 10.34095997056789 0.01796688802358697
-0.5 -0.25 91 92 9.83787908050251 0.01706681158141461
-0.5 -0.25 92 93 9.351230594751705 0.01612484902686586
-0.5 -0.25 93 94 8.881615183336866 0.01529515828370546
-0.5 -0.25 94 95 8.429174004707487 0.0232900416101369
-0.5 -0.25 95 96 7.992594980433239 0.02049626954180966
-0.5 -0.25 96 97 7.571070919969063 0.01423287465057412
-0.5 -0.25 97 98 7.167070665921443 0.01109629324802054
-0.5 -0.25 98 99 6.779040793708845 0.008257496385277674
-0.5 -0.25 99 100 6.406745042017224 0.005729275347287352
-0.25 0 50 51 43.47605168740779 0.124523646928243
-0.25 0 51 52 42.22845553231147 0.1228262490076323
-0.25 0 52 53 41.00624239982719 0.1190981331041424
-0.25 0 53 54 39.81074283856185 0.1135760129832619
-0.25 0 54 55 38.64294485346301 0.1065581690666095
-0.25 0 55 56 37.50343035311136 0.09880982586783564
-0.25 0 56 57 36.39214771969404 0.09234796284964192
-0.25 0 57 58 35.30927086904072 0.08745627677100919
-0.25 0 58 59 34.25495435611788 0.08389604112505872
-0.25 0 59 60 33.22919034139613 0.0814679531264907
-0.25 0 60 61 32.23163876790346 0.07917726019273837
-0.25 0 61 62 31.26170504249711 0.07572893227693249
-0.25 0 62 63 30.31911542807393 0.07128928209394202
-0.25 0 63 64 29.40322047236218 0.06716148202303109
-0.25 0 64 65 28.5133305266807 0.06409721841874884
-0.25 0 65 66 27.64857774216541 0.06074873319705297
-0.25 0 66 67 26.8078162924198 0.05763816489022083
-0.25 0 67 68 25.98934147178352 0.05465057240508441
-0.25 0 68 69 25.18966000861359 0.05185328050858551
-0.25 0 69 70 24.40272177193914 0.04920807916995582
-0.25 0 70 71 23.61866164028092 0.07702001202518459
-0.25 0 71 72 22.84736100684243 0.05652983113293485
-0.25 0 72 73 22.08314085994006 0.04304620492671435
-0.25 0 73 74 21.32674044484068 0.0375754883812956
-0.25 0 74 75 20.57915093028973 0.03695448842693907
-0.25 0 75 76 19.84095763374953 0.03845887429998282
-0.25 0 76 77 19.11298444256221 0.04098334892892105
-0.25 0 77 78 18.39613539614462 0.04383732168035629
-0.25 0 78 79 17.69124644576517 0.04665246736581181
-0.25 0 79 80 16.99908167781747 0.04997984889969387
-0.25 0 80 81 16.32033474111793 0.05435902363246404
-0.25 0 81 82 15.65662716435078 0.02757208303540153
-0.25 0 82 83 15.0059916906531 0.0263149961168854
-0.25 0 83 84 14.37030491927358 0.02515347564449229
-0.25 0 84 85 13.75000816350919 0.02405912468569556
-0.25 0 85 86 13.14548151584212 0.02300077290088096
-0.25 0 86 87 12.51271210773225 0.03882511740764482
-0.25 0 87 88 11.94326239097512 0.03637654018491533
-0.25 0 88 89 11.42936587597089 0.02001051813932935
-0.25 0 89 90 10.89045402582216 0.01907544221979407
-0.25 0 90 91 10.36831596245536 0.01817091787617751
-0.25 0 91 92 9.86300562667839 0.01729685720140718
-0.25 0 92 93 9.374041582744368 0.01643644138718757
-0.25 0 93 94 8.902448916472657 0.01562483045605532
-0.25 0 94 95 8.448188031797969 0.02358185692256732
-0.25 0 95 96 8.010460133041075 0.01778714817628592
-0.25 0 96 97 7.588580899062134 0.01433249116911628
-0.25 0 97 98 7.182985557579773 0.01116956952853049
-0.25 0 98 99 6.793462575789025 0.008305886082131411
-0.25 0 99 100 6.419771889631246 0.005753935244371511
0 0.25 50 51 43.48123124944314 0.1245250599784752
0 0.25 51 52 42.2333126453758 0.1228276228903941
0 0.25 52 53 41.01079873679808 0.1190994133687297
0 0.25 53 54 39.81501851150693 0.1135771569756097
0 0.25 54 55 38.64695852516792 0.1065591448237418
0 0.25 55 56 37.50719933124367 0.09881062209688976
0 0.25 56 57 36.39568802161449 0.09234861935204014
0 0.25 57 58 35.31259735754068 0.08745683855516509
0 0.25 58 59 34.2580808390455 0.08389654464720316
0 0.25 59 60 33.23212964946691 0.08146842733056643
0 0.25 60 61 32.23440280684778 0.07917770838329843
0 0.25 61 62 31.26430485513501 0.07572932810868843
0 0.25 62 63 30.32156128986298 0.07128960494727643
0 0.25 63 64 29.40552192584923 0.06716174140366554
0 0.25 64 65 28.51549643713956 0.06409743956111182
0 0.25 65 66 27.65061634125991 0.06074891159057793
0 0.25 66 67 26.80973520983558 0.05763830687669149
0 0.25 67 68 25.99114774080253 0.05465068185024869
0 0.25 68 69 25.19135999770867 0.05185336244093029
0 0.25 69 70 24.40432107510011 0.04920813780723493
0 0.25 70 71 23.62016515264001 0.07701970045671273
0 0.25 71 72 22.84877348955888 0.05652947074228963
0 0.25 72 73 22.08446672032892 0.04304594240142323
0 0.25 73 74 21.32798390737094 0.03757543745231597
0 0.25 74 75 20.5803160645456 0.03695462062029046
0 0.25 75 76 19.84204834045326 0.03845912268421513
0 0.25 76 77 19.1140044747176 0.04098365810986966
0 0.25 77 78 18.39708837156306 0.04383765134334326
0 0.25 78 79 17.69213584990305 0.04665279212133876
0 0.25 79 80 16.99991086639779 0.04998014975132748
0 0.25 80 81 16.32110694274515 0.05435928781994822
0 0.25 81 82 15.65734541594386 0.02757207602426298
0 0.25 82 83 15.00665902816445 0.02631499182287956
0 0.25 83 84 14.37092420043923 0.0251534739777889
0 0.25 84 85 13.75058213018369 0.02405912546955351
0 0.25 85 86 13.14601279648221 0.02300077403713327
0 0.25 86 87 12.51320325103308 0.03881901246207109
0 0.25 87 88 11.94371581523203 0.03637108645402761
0 0.25 88 89 11.42978377040313 0.02001052026746113
0 0.25 89 90 10.89083866093115 0.01907544466185947
0 0.25 90 91 10.36866943631099 0.01817092061379488
0 0.25 91 92 9.863329939340939 0.01729686021830689
0 0.25 92 93 9.374338638909322 0.01643644466702707
0 0.25 93 94 8.902720528140549 0.01562483397375128
0 0.25 94 95 8.448435946242213 0.02358169217371434
0 0.25 95 96 8.010685955341831 0.01778695861150111
0 0.25 96 97 7.588786179285869 0.0143322954046522
0 0.25 97 98 7.183171763721873 0.01116936982849317
0 0.25 98 99 6.79363109648417 0.008305683925907949
0 0.25 99 100 6.419924036821598 0.005753731172963092
0.25 0.5 50 51 43.2605894948417 0.126803700072506
0.25 0.5 51 52 42.02046327405586 0.1248662370813757
0.25 0.5 52 53 40.80559806729335 0.1209762348737449
0.25 0.5 53 54 39.6173104901807 0.1153585281942094
0.25 0.5 54 55 38.45657742637138 0.1083023076843958
0.25 0.5 55 56 37.32397248746588 0.100552322034117
0.25 0.5 56 57 36.21943930989588 0.09406290725094796
0.25 0.5 57 58 35.14314733660763 0.08910499642792045
0.25 0.5 58 59 34.095247563653 0.08544544920976944
0.25 0.5 59 60 33.07572995236026 0.08289132822483383
0.25 0.5 60 61 32.08425453509736 0.08048104374183442
0.25 0.5 61 62 31.12022889038951 0.07696030456665923
0.25 0.5 62 63 30.18337946294218 0.07248951042491825
0.25 0.5 63 64 29.27305970737238 0.06832932644375557
0.25 0.5 64 65 28.38858316209938 0.06520497533839915
0.25 0.5 65 66 27.5290862037338 0.06181279939843212
0.25 0.5 66 67 26.69342856482234 0.05865665325904812
0.25 0.5 67 68 25.87991290463415 0.05562411582746582
0.25 0.5 68 69 25.08505999224137 0.05277868953355112
0.25 0.5 69 70 24.30284214441978 0.05008235165873524
0.25 0.5 70 71 23.52388654569904 0.07684534427106231
0.25 0.5 71 72 22.7571035024062 0.05667864997484749
0.25 0.5 72 73 21.99730838072469 0.04349000029348867
0.25 0.5 73 74 21.24523542173971 0.0381542034541117
0.25 0.5 74 75 20.5018701900626 0.03750998847028367
0.25 0.5 75 76 19.76779431293632 0.03892205971844127
0.25 0.5 76 77 19.04382722032263 0.04133235700173251
0.25 0.5 77 78 18.33086867387672 0.04407314883494185
0.25 0.5 78 79 17.62975095881899 0.04678454828297393
0.25 0.5 79 80 16.9412351287172 0.0494740151030214
0.25 0.5 80 81 16.26601240703168 0.05379608890546963
0.25 0.5 81 82 15.6054136963213 0.02773696720746483
0.25 0.5 82 83 14.95806141508631 0.02642735144566906
0.25 0.5 83 84 14.32552837461358 0.02521510336976315
0.25 0.5 84 85 13.7082555846575 0.02407298161881235
0.25 0.5 85 86 13.10662329995285 0.02297052656698129
0.25 0.5 86 87 12.52095153111812 0.02190214021825281
0.25 0.5 87 88 11.9514914167197 0.02086746935373661
0.25 0.5 88 89 11.39842118815378 0.01986698525425273
0.25 0.5 89 90 10.86189526044303 0.01890022181774967
0.25 0.5 90 91 10.34202033308216 0.01796689613502146
0.25 0.5 91 92 9.838852707711062 0.01706682053786266
0.25 0.5 92 93 9.352123116951322 0.01612485881865055
0.25 0.5 93 94 8.882431958525189 0.01529516880816999
0.25 0.5 94 95 8.429920227454481 0.02329033972950026
0.25 0.5 95 96 7.99327537160897 0.02049647540070657
0.25 0.5 96 97 7.571690067773549 0.01423304136421492
0.25 0.5 97 98 7.167632917179329 0.01109640019814172
0.25 0.5 98 99 6.779550261681532 0.008257554543650831
0.25 0.5 99 100 6.407205614214448 0.005729294096964603
0.5 0.75 50 51 43.22305083013782 0.1179869372037011
0.5 0.75 51 52 41.97751362051329 0.1178182426994475
0.5 0.75 52 53 40.75807153701317 0.1145237681879821
0.5 0.75 53 54 39.56594593965809 0.1081180199847127
0.5 0.75 54 55 38.40202919650264 0.1009043086943718
0.5 0.75 55 56 37.26681951235284 0.09329157575855387
0.5 0.75 56 57 36.16019242956835 0.08696465029323133
0.5 0.75 57 58 35.0822580258849 0.08222273090563746
0.5 0.75 58 59 34.03311491589889 0.07882990303771566
0.5 0.75 59 60 33.01270654577394 0.07658542565595153
0.5 0.75 60 61 32.02065011807724 0.07447203186748051
0.5 0.75 61 62 31.05631571072178 0.07116604378078933
0.5 0.75 62 63 30.11939665253554 0.06683336743108656
0.5 0.75 63 64 29.20921679131852 0.06280506479186912
0.5 0.75 64 65 28.32506300513721 0.05985846285924153
0.5 0.75 65 66 27.46604893544009 0.05660696464375747
0.5 0.75 66 67 26.63101492573132 0.05358859038883551
0.5 0.75 67 68 25.81824700650192 0.05068476600241869
0.5 0.75 68 69 25.02425756061106 0.04796644763123832
0.5 0.75 69 70 24.24302092611885 0.04539618939906635
0.5 0.75 70 71 23.46439139097032 0.07681443117863368
0.5 0.75 71 72 22.69883333248546 0.05454694640575717
0.5 0.75 72 73 21.94036310650637 0.04033544139127627
0.5 0.75 73 74 21.18970195469059 0.03409928707432062
0.5 0.75 74 75 20.44782308900754 0.0330827089670857
0.5 0.75 75 76 19.71529792035575 0.0344691377221077
0.5 0.75 76 77 18.99293482089388 0.03701509230806693
0.5 0.75 77 78 18.28162290840869 0.03994615521544958
0.5 0.75 78 79 17.58218447146116 0.04285223654963497
0.5 0.75 79 80 16.89537127634598 0.04712504018022495
0.5 0.75 80 81 16.22186594564086 0.0513859442674556
0.5 0.75 81 82 15.5635576260435 0.02473269579255738
0.5 0.75 82 83 14.9179104480535 0.02355306276783258
0.5 0.75 83 84 14.28707618355558 0.0224751581881102
0.5 0.75 84 85 13.67148974995338 0.0214682387157073
0.5 0.75 85 86 13.0715258587104 0.02050926885781229
0.5 0.75 86 87 12.48749952937459 0.01957878850611215
0.5 0.75 87 88 11.91965740279221 0.01867649112576551
0.5 0.75 88 89 11.36817375938864 0.01780302915520579
0.5 0.75 89 90 10.83319948068186 0.01695798096370575
0.5 0.75 90 91 10.31483818749401 0.01614113899222838
0.5 0.75 91 92 9.813143526698603 0.01535241791275758
0.5 0.75 92 93 9.327793336331876 0.01507881828333471
0.5 0.75 93 94 8.859826184823827 0.02442074286204891
0.5 0.75 94 95 8.408032160536351 0.02149524091207332
0.5 0.75 95 96 7.972693554364355 0.01881392076486709
0.5 0.75 96 97 7.553665856191319 0.01639945239910787
0.5 0.75 97 98 7.150771440976094 0.01427140262882065
0.5 0.75 98 99 6.7638020392972 0.01244660352461719
0.5 0.75 99 100 6.392521182713125 0.01093813116664347
0.75 1 50 51 43.75300994428932 0.1174590878535368
0.75 1 51 52 42.48419053713457 0.1175763995606117
0.75 1 52 53 41.24314723816534 0.1141952086408569
0.75 1 53 54 40.03094789056757 0.1077750777209063
0.75 1 54 55 38.84834714082106 0.09874657816269937
0.75 1 55 56 37.69571872281148 0.08822928638865346
0.75 1 56 57 36.57282348618727 0.07962297542576799
0.75 1 57 58 35.47967018637542 0.07359069512601203
0.75 1 58 59 34.41626704400048 0.06984037906671223
0.75 1 59 60 33.3824761607201 0.06806018396548427
0.75 1 60 61 32.37783753224249 0.06641092921179839
0.75 1 61 62 31.40165139633993 0.06256796141221241
0.75 1 62 63 30.45355061156043 0.05675840542087389
0.75 1 63 64 29.53280129438853 0.05132471175756895
0.75 1 64 65 28.6386370032448 0.04780605868495291
0.75 1 65 66 27.77012158481953 0.04357813020409934
0.75 1 66 67 26.92604654635649 0.03964376899933737
0.75 1 67 68 26.10464302310078 0.03581222423229988
0.75 1 68 69 25.30235242903771 0.03219965462333997
0.75 1 69 70 24.51305389489718 0.0287724205916802
0.75 1 70 71 23.72589983486203 0.0671885514181336
0.75 1 71 72 22.95264688060185 0.0381272980073129
0.75 1 72 73 22.18660132749757 0.01421767537943598
0.75 1 73 74 21.42847701990011 0.006622766335218652
0.75 1 74 75 20.67924499038746 0.01618017471296581
0.75 1 75 76 19.93947297490661 0.02540531392536012
0.75 1 76 77 19.20996769840853 0.03315147731197916
0.75 1 77 78 18.49161883029144 0.03962626933243982
0.75 1 78 79 17.78524955139838 0.04503575145168175
0.75 1 79 80 17.09161289691828 0.04957251079376932
0.75 1 80 81 16.41616665773392 0.03178823191975663
0.75 1 81 82 15.74665141492403 0.004942044021035888
0.75 1 82 83 15.0944920524451 0.003981238138860368
0.75 1 83 84 14.45726275749925 0.003375176435611597
0.75 1 84 85 13.83540054959448 0.003040409465593567
0.75 1 85 86 13.22928225842968 0.002864152040189554
0.75 1 86 87 12.63922503379786 0.002708857305797798
0.75 1 87 88 12.06547757243283 0.002570701529453485
0.75 1 88 89 11.50821622477037 0.002452979701270081
0.75 1 89 90 10.96759377629931 0.002351494219154939
0.75 1 90 91 10.44371563533929 0.002263865846499196
0.75 1 91 92 9.936637089857513 0.002188899430835087
0.75 1 92 93 9.445995893042561 0.01493372152029398
0.75 1 93 94 8.972582089668229 0.01252680757641117
0.75 1 94 95 8.516147108403683 0.02012340090135518
0.75 1 95 96 8.075971442061391 0.01654493347628985
0.75 1 96 97 7.652244486310419 0.01324286657994028
0.75 1 97 98 7.2447891228543 0.01022562849926017
0.75 1 98 99 6.853397348589965 0.007499914365102662
0.75 1 99 100 6.477832719250848 0.005079154458271593
1 1.25 50 51 43.88578580746776 0.1095194594616498
1 1.25 51 52 42.62115442229239 0.1097458926301181
1 1.25 52 53 41.38443494978807 0.1065856064809639
1 1.25 53 54 40.17663690335834 0.1004860781645662
1 1.25 54 55 38.99846553126255 0.0918663579016953
1 1.25 55 56 37.85025520022279 0.08249142935635324
1 1.25 56 57 36.73174180372405 0.07633080021312104
1 1.25 57 58 35.64290616735903 0.07172088789687867
1 1.25 58 59 34.58373049689979 0.06844061766426394
1 1.25 59 60 33.55405557717617 0.06630048434380748
1 1.25 60 61 32.55340464816175 0.06429711914681499
1 1.25 61 62 31.58106682474467 0.06111228737261844
1 1.25 62 63 30.63666189345119 0.05689881971600466
1 1.25 63 64 29.71944507116824 0.05298007220549486
1 1.25 64 65 28.82864007371893 0.05014301177512101
1 1.25 65 66 27.96330244725905 0.04699204479665717
1 1.25 66 67 27.12221573317046 0.04406938727653047
1 1.25 67 68 26.30359824233622 0.0412551032414927
1 1.25 68 69 25.50386774937726 0.03862293155936868
1 1.25 69 70 24.71685238326695 0.03613735371209773
1 1.25 70 71 23.9338600331489 0.06847127782389548
1 1.25 71 72 23.16205303146212 0.04530703227991506
1 1.25 72 73 22.3970870489607 0.03122340525704689
1 1.25 73 74 21.63967018201249 0.02519474012931437
1 1.25 74 75 20.89077696892319 0.02477383176291841
1 1.25 75 76 20.15097418806765 0.02680329360825871
1 1.25 76 77 19.42107344055659 0.02983296207052901
1 1.25 77 78 18.70197446724245 0.03461681244197907
1 1.25 78 79 17.99451173698581 0.03975068428417537
1 1.25 79 80 17.29945077802908 0.04407216405761961
1 1.25 80 81 16.61748935324895 0.04774278777079911
1 1.25 81 82 15.94972184454168 0.01699192254673297
1 1.25 82 83 15.29530013774877 0.01600257157866441
1 1.25 83 84 14.65552875588777 0.01512515343529126
1 1.25 84 85 14.03086168039206 0.01431113627578242
1 1.25 85 86 13.42169310885198 0.01353978990153402
1 1.25 86 87 12.79095381964535 0.02922657572526107
1 1.25 87 88 12.21615661454205 0.02790755371348399
1 1.25 88 89 11.69018060214573 0.01137172764060701
1 1.25 89 90 11.14570327864488 0.01071493507280435
1 1.25 90 91 10.61781376286886 0.01008793767301321
1 1.25 91 92 10.10658507553458 0.009490216932516306
1 1.25 92 93 9.612471002861582 0.02397285742565511
1 1.25 93 94 9.134596381898877 0.02014974009009741
1 1.25 94 95 8.673337437684157 0.01656327300221815
1 1.25 95 96 8.228602320235236 0.01344846213742894
1 1.25 96 97 7.800262833812841 0.01113707657340981
1 1.25 97 98 7.38815686866975 0.00910926894550144
1 1.25 98 99 6.992090824975872 0.007403179779545486
1 1.25 99 100 6.61184201979111 0.006071669020979657
1.25 1.5 50 51 43.29396974062647 0.1061425293786021
1.25 1.5 51 52 42.03684379984776 0.1049680497460025
1.25 1.5 52 53 40.80857693772182 0.1019863933499241
1.25 1.5 53 54 39.61001653294406 0.09743083937724835
1.25 1.5 54 55 38.44172663549097 0.09159425010321603
1.25 1.5 55 56 37.30391711952058 0.08517308050780796
1.25 1.5 56 57 36.19621057973637 0.07989238283895669
1.25 1.5 57 58 35.11849443692577 0.07595573102011685
1.25 1.5 58 59 34.07067169049461 0.07312904660737396
1.25 1.5 59 60 33.05251487562293 0.07122533686561845
1.25 1.5 60 61 32.06348994968009 0.06942925249461873
1.25 1.5 61 62 31.10284103990122 0.06670359375706959
1.25 1.5 62 63 30.17014367253115 0.06320952738236862
1.25 1.5 63 64 29.2646223029078 0.0599952761523896
1.25 1.5 64 65 28.38547458655718 0.0576254890673366
1.25 1.5 65 66 27.53173736460127 0.05505741796608669
1.25 1.5 66 67 26.70218333271457 0.05268986844948697
1.25 1.5 67 68 25.89502923851941 0.05043390378160911
1.25 1.5 68 69 25.10672283412769 0.04833422947189738
1.25 1.5 69 70 24.33116608200424 0.0463564155675396
1.25 1.5 70 71 23.56220303562985 0.06409383938651332
1.25 1.5 71 72 22.80192874109255 0.04866222566748486
1.25 1.5 72 73 22.04856960645174 0.04035824110878148
1.25 1.5 73 74 21.30280377245228 0.03859430085592025
1.25 1.5 74 75 20.56557270510281 0.03970040522063781
1.25 1.5 75 76 19.83741733444187 0.04175850788273946
1.25 1.5 76 77 19.11911980516761 0.04418166929335672
1.25 1.5 77 78 18.41198268070697 0.0383801104336377
1.25 1.5 78 79 17.7159120915011 0.04324146493021901
1.25 1.5 79 80 17.03211875837207 0.04729286403130459
1.25 1.5 80 81 16.36328393988103 0.02740115921848965
1.25 1.5 81 82 15.70300316101083 0.001897829763336168
1.25 1.5 82 83 15.05941622639999 0.0009453785035309752
1.25 1.5 83 84 14.43026896597783 0.001100801289113302
1.25 1.5 84 85 13.81599964512481 0.001579885369568431
1.25 1.5 85 86 13.21698849766956 0.001860634636830014
1.25 1.5 86 87 12.63355814759008 0.001919578213970842
1.25 1.5 87 88 12.06596417432766 0.001823339389223338
1.25 1.5 88 89 11.51439128262458 0.001728667540155346
1.25 1.5 89 90 10.97900267893649 0.001656311484350845
1.25 1.5 90 91 10.45991566283912 0.001597008968607416
1.25 1.5 91 92 9.956966244989946 0.01415902127688348
1.25 1.5 92 93 9.470696824674746 0.01186298870252961
1.25 1.5 93 94 9.000821883087088 0.009716262063704609
1.25 1.5 94 95 8.547282224410246 0.007743687208618587
1.25 1.5 95 96 8.110960048831988 0.01599461040557568
1.25 1.5 96 97 7.689611759097978 0.01301647696124239
1.25 1.5 97 98 7.284204967393137 0.01032472868513876
1.25 1.5 98 99 6.894548915234253 0.00793747111605597
1.25 1.5 99 100 6.520424548340529 0.005889571553317612
1.5 1.75 50 51 44.32927116067125 0.09323135876257434
1.5 1.75 51 52 43.01835763790666 0.0933988384141247
1.5 1.75 52 53 41.74021903965775 0.09048327237628905
1.5 1.75 53 54 40.49536204084723 0.0848998579922086
1.5 1.75 54 55 39.28404315621816 0.07704081451312382
1.5 1.75 55 56 38.10619246794644 0.06790690147501902
1.5 1.75 56 57 36.96117268770166 0.06049122847050047
1.5 1.75 57 58 35.84864040797251 0.05536104934215734
1.5 1.75 58 59 34.76829148021376 0.05224566815821844
1.5 1.75 59 60 33.71971062307925 0.05086461079568946
1.5 1.75 60 61 32.70218137046345 0.04961059485820962
1.5 1.75 61 62 31.71477910280591 0.04646393843302067
1.5 1.75 62 63 30.75693783959554 0.04162844366692142
1.5 1.75 63 64 29.82774503052298 0.03713669062678585
1.5 1.75 64 65 28.92627207145259 0.03431004556713887
1.5 1.75 65 66 28.0514405785311 0.03088989923291583
1.5 1.75 66 67 27.20191338274203 0.02773015620485134
1.5 1.75 67 68 26.37579117491286 0.02467781181528877
1.5 1.75 68 69 25.56938177369905 0.02182075424331568
1.5 1.75 69 70 24.77953152624983 0.06720042395156542
1.5 1.75 70 71 23.99523006854609 0.04022386615029661
1.5 1.75 71 72 23.21826356277326 0.01683078448908557
1.5 1.75 72 73 22.44867102421033 0.0109586635174099
1.5 1.75 73 74 21.68711065630171 0.02089916043373113
1.5 1.75 74 75 20.93451371463772 0.02932732918403007
1.5 1.75 75 76 20.19141394478432 0.03615869480818423
1.5 1.75 76 77 19.45858538794718 0.04174766157716343
1.5 1.75 77 78 18.73689142383599 0.04627424571486174
1.5 1.75 78 79 18.02847272067228 0.0235635712061335
1.5 1.75 79 80 17.33073707065491 0.02530461284025094
1.5 1.75 80 81 16.64340520719843 0.006721221043770233
1.5 1.75 81 82 15.97351421665795 0.006725520255488575
1.5 1.75 82 83 15.31796414282378 0.006817638443606592
1.5 1.75 83 84 14.67721921487846 0.006897867181273741
1.5 1.75 84 85 14.05171295426459 0.006912594823564149
1.5 1.75 85 86 13.4418209127042 0.006839684877125907
1.5 1.75 86 87 12.84786111445939 0.006677499709415961
1.5 1.75 87 88 12.27008469280037 0.006458636564953144
1.5 1.75 88 89 11.70867227273573 0.006241535340240956
1.5 1.75 89 90 11.1637823559105 0.006033102330702496
1.5 1.75 90 91 10.63552740653091 0.005829933993629736
1.5 1.75 91 92 10.12385251908096 0.01324578361613388
1.5 1.75 92 93 9.629060988626204 0.01104497605629099
1.5 1.75 93 94 9.150981251536034 0.008984167642642106
1.5 1.75 94 95 8.689548860258824 0.007073990533835516
1.5 1.75 95 96 8.245863661419122 0.01524859610960618
1.5 1.75 96 97 7.817181004037788 0.0125454945550366
1.5 1.75 97 98 7.404741234132221 0.01026023732604536
1.5 1.75 98 99 7.008347069028849 0.00823643423705722
1.5 1.75 99 100 6.6277727742827 0.006496502655327092
1.75 2 50 51 43.98040522506687 0.09833726151757785
1.75 2 51 52 42.70093936526098 0.09823717542059425
1.75 2 52 53 41.45299162954859 0.0951561809600847
1.75 2 53 54 40.23707896434149 0.08950077518113662
1.75 2 54 55 39.05347471564798 0.08165056769043721
1.75 2 55 56 37.90213283467929 0.07256238714920896
1.75 2 56 57 36.78245086484912 0.06510221951541974
1.75 2 57 58 35.69411782444233 0.05982063113341334
1.75 2 58 59 34.63686190355601 0.05646387892308401
1.75 2 59 60 33.61030244929967 0.05476340639149356
1.75 2 60 61 32.61377113863671 0.05319010000017297
1.75 2 61 62 31.64640122038483 0.04982514937210587
1.75 2 62 63 30.70766133909882 0.04486544009893115
1.75 2 63 64 29.79668969477991 0.04024227951972649
1.75 2 64 65 28.91260642404536 0.03721557799325487
1.75 2 65 66 28.05438238467116 0.03363038131949587
1.75 2 66 67 27.22073159884553 0.03078902378778146
1.75 2 67 68 26.4098035523493 0.0281964173977983
1.75 2 68 69 25.61795211013293 0.02577843280220924
1.75 2 69 70 24.835446473899 0.06043056434172918
1.75 2 70 71 24.06482641806927 0.03554877917141325
1.75 2 71 72 23.30079867505285 0.01542433625598199
1.75 2 72 73 22.5433693509657 0.01691867016419256
1.75 2 73 74 21.79317723247536 0.02412741667861452
1.75 2 74 75 21.05115071515406 0.02974773263668626
1.75 2 75 76 20.31780647701833 0.03504857930137879
1.75 2 76 77 19.59391722685083 0.0399441522980904
1.75 2 77 78 18.88035724476951 0.04387299431420289
1.75 2 78 79 18.18182486413823 0.02153300938047956
1.75 2 79 80 17.49047045558994 0.02291496626065249
1.75 2 80 81 16.81151023470513 0.02403586277989987
1.75 2 81 82 16.14437991669518 0.007522559655627334
1.75 2 82 83 15.49295541440719 0.006903461199862796
1.75 2 83 84 14.85565285714617 0.00640162873196467
1.75 2 84 85 14.23293085449425 0.005966030551012845
1.75 2 85 86 13.62519124529608 0.005545444133746742
1.75 2 86 87 13.03277941829254 0.0051121273817375
1.75 2 87 88 12.45597437493422 0.004669695152459045
1.75 2 88 89 11.89498511647923 0.004251094147354017
1.75 2 89 90 11.34999960380483 0.00386098302911411
1.75 2 90 91 10.82116024280259 0.003496919030972411
1.75 2 91 92 10.30829595090174 0.01085519612960769
1.75 2 92 93 9.81204689147188 0.008861694715579332
1.75 2 93 94 9.332108775172223 0.007015921648407105
1.75 2 94 95 8.869188827932255 0.01574876833348076
1.75 2 95 96 8.421589825595669 0.01271116581622806
1.75 2 96 97 7.990083902098847 0.009958254151624971
1.75 2 97 98 7.574533856256528 0.007573630796178334
1.75 2 98 99 7.174771026842196 0.005518648122084035
1.75 2 99 100 6.790597544047037 0.003765219358114817
2 2.25 50 51 45.00470750666145 0.09958982878778744
2 2.25 51 52 43.6466004852218 0.09918480513496014
2 2.25 52 53 42.32608149871785 0.095985153369291
2 2.25 53 54 41.04314788874936 0.0903791006165833
2 2.25 54 55 39.79760330199409 0.08272861201087633
2 2.25 55 56 38.58897896344477 0.07393582205454856
2 2.25 56 57 37.41629759432557 0.06668932614746077
2 2.25 57 58 36.27889957803237 0.06150191981717962
2 2.25 58 59 35.17619322985142 0.05813208609710297
2 2.25 59 60 34.10750703485481 0.05632438087429224
2 2.25 60 61 33.07189699199186 0.05464066549906781
2 2.25 61 62 32.06824309828959 0.05127735524228699
2 2.25 62 63 31.09579188364327 0.04642276688522427
2 2.25 63 64 30.15346246820677 0.04189501255172896
2 2.25 64 65 29.24017187295937 0.03887740472532536
2 2.25 65 66 28.35469999946551 0.035343358738282
2 2.25 66 67 27.49557655193686 0.03206788088743605
2 2.25 67 68 26.66076192904394 0.02889959058673127
2 2.25 68 69 25.84641134879941 0.02593003345584459
2 2.25 69 70 25.05840450544777 0.04037075299208975
2 2.25 70 71 24.24816266134989 0.05219664262810988
2 2.25 71 72 23.46515976239591 0.03102778982032402
2 2.25 72 73 22.68981979415511 0.0152705545426015
2 2.25 73 74 21.92275255605999 0.008779521265852283
2 2.25 74 75 21.16485215237282 0.01281309511171525
2 2.25 75 76 20.41662297158747 0.01801382556373595
2 2.25 76 77 19.67880844474539 0.02273348393001685
2 2.25 77 78 18.9522453009574 0.0267230577261619
2 2.25 78 79 18.23771029531969 0.03002282214982828
2 2.25 79 80 17.5359170414953 0.03273697594051676
2 2.25 80 81 16.8456317066224 0.0256064283929946
2 2.25 81 82 16.1719635443085 0.02736007131330713
2 2.25 82 83 15.5125202477129 0.0282909375115863
2 2.25 83 84 14.86912655086331 0.001913277120237764
2 2.25 84 85 14.23880344978993 0.0014189908402694
2 2.25 85 86 13.62411971255556 0.001139485472352538
2 2.25 86 87 13.02538849892822 0.001096991498873649
2 2.25 87 88 12.44285720749627 0.001077932475729056
2 2.25 88 89 11.87619617610725 0.01997944622676144
2 2.25 89 90 11.32659291426713 0.01733218754167727
2 2.25 90 91 10.79364499918787 0.01457851888667651
2 2.25 91 92 10.27713795184019 0.01594254515846628
2 2.25 92 93 9.777650251640953 0.01278173421457149
2 2.25 93 94 9.294872316366149 0.009834476880736706
2 2.25 94 95 8.828748472070471 0.007128672283482403
2 2.25 95 96 8.379185659708233 0.00470640515953409
2 2.25 96 97 7.946055683668588 0.002914262104025939
2 2.25 97 98 7.529197473338742 0.001945263633894409
2 2.25 98 99 7.128419347908347 0.002541370650262158
2 2.25 99 100 6.743501275168178 0.003902504595849327
2.25 2.5 50 51 43.96373461325396 0.09276988171283053
2.25 2.5 51 52 42.61890123269268 0.0922784298222418
2.25 2.5 52 53 41.31305714304 0.08915914730292618
2.25 2.5 53 54 40.04595729468639 0.08378322286727539
2.25 2.5 54 55 38.81719397061259 0.0764961685613213
2.25 2.5 55 56 37.62611318460928 0.06814790627217714
2.25 2.5 56 57 36.47157345746967 0.06205962800548048
2.25 2.5 57 58 35.35277515703655 0.05805556270609054
2.25 2.5 58 59 34.26900587746537 0.05516476047522922
2.25 2.5 59 60 33.21948962466153 0.05321922758852915
2.25 2.5 60 61 32.20319014709243 0.05139605550975865
2.25 2.5 61 62 31.21891121616839 0.04864359145221827
2.25 2.5 62 63 30.26583107666164 0.04509784484349426
2.25 2.5 63 64 29.34281647411221 0.0418132295801364
2.25 2.5 64 65 28.44874008614299 0.03941004002933525
2.25 2.5 65 66 27.58235308547951 0.0367878530183513
2.25 2.5 66 67 26.74217348165243 0.03437222147554439
2.25 2.5 67 68 25.92617614152076 0.03206971373132298
2.25 2.5 68 69 25.13060481589677 0.02993696245361388
2.25 2.5 69 70 24.34473992729888 0.04766924214421713
2.25 2.5 70 71 23.57317550891501 0.0289114273565751
2.25 2.5 71 72 22.80955217658192 0.02115186064713794
2.25 2.5 72 73 22.0538166626627 0.02230571272405432
2.25 2.5 73 74 21.30651948568795 0.0269786961840636
2.25 2.5 74 75 20.56849392612943 0.03092851228317985
2.25 2.5 75 76 19.84018204120849 0.03410886104441303
2.25 2.5 76 77 19.12227019179073 0.03691514870944699
2.25 2.5 77 78 18.42032192144191 0.01936858316647113
2.25 2.5 78 79 17.72490522549697 0.02042323015010418
2.25 2.5 79 80 17.03933178658134 0.01512031218266926
2.25 2.5 80 81 16.36999813849142 0.01425723062792211
2.25 2.5 81 82 15.71435300182716 0.01345089308743386
2.25 2.5 82 83 15.07281664786774 0.01273996976146801
2.25 2.5 83 84 14.44580972731935 0.01211351096762099
2.25 2.5 84 85 13.83372912672421 0.01151453292645716
2.25 2.5 85 86 13.23691836300355 0.01094052973105889
2.25 2.5 86 87 12.65566797457846 0.01038400325724152
2.25 2.5 87 88 12.09020505747146 0.009848972841228385
2.25 2.5 88 89 11.54069003997627 0.00933670242643027
2.25 2.5 89 90 11.00726569659102 0.008845136967889319
2.25 2.5 90 91 10.4900324361166 0.008373770059889341
2.25 2.5 91 92 9.989064519902497 0.008343802704333877
2.25 2.5 92 93 9.50438669645269 0.007454385124996217
2.25 2.5 93 94 9.035953364728652 0.00704342851775844
2.25 2.5 94 95 8.583700356438188 0.0066506856659218
2.25 2.5 95 96 8.147528406967115 0.006275644801288929
2.25 2.5 96 97 7.727531660492724 0.0116118511668749
2.25 2.5 97 98 7.322989703517459 0.00983831500647068
2.25 2.5 98 99 6.934042441049568 0.008272900216208917
2.25 2.5 99 100 6.561148712001866 0.005250176694782478
2.5 2.75 50 51 44.19884792232713 0.1027569586764501
2.5 2.75 51 52 42.81523873185006 0.1000685052269544
2.5 2.75 52 53 41.47459263809665 0.09616726843923554
2.5 2.75 53 54 40.17626809443408 0.09120837382498256
2.5 2.75 54 55 38.91950290000678 0.0853924120278968
2.5 2.75 55 56 37.70332570069154 0.07921220817239311
2.5 2.75 56 57 36.52631096604706 0.07391858187978285
2.5 2.75 57 58 35.38740463969381 0.06967031728665467
2.5 2.75 58 59 34.28566582583271 0.06630484458641973
2.5 2.75 59 60 33.22011351497561 0.06368753213643737
2.5 2.75 60 61 32.18952609819218 0.06121773349666952
2.5 2.75 61 62 31.19321088395201 0.04285025316594705
2.5 2.75 62 63 30.22887141759348 0.03853563663677273
2.5 2.75 63 64 29.29589733030413 0.03451626069589603
2.5 2.75 64 65 28.3930398867636 0.03178366526471758
2.5 2.75 65 66 27.51894233570133 0.02864312752800831
2.5 2.75 66 67 26.67202640159459 0.0257395848228546
2.5 2.75 67 68 25.85017712088663 0.02294794382236842
2.5 2.75 68 69 25.04956407679671 0.02034316444663233
2.5 2.75 69 70 24.25938261970985 0.04105775861925357
2.5 2.75 70 71 23.48422605315926 0.02130542533020077
2.5 2.75 71 72 22.71765141691039 0.004141189093736537
2.5 2.75 72 73 21.95955887935923 0.01047539198840862
2.5 2.75 73 74 21.2104492500069 0.02026292266870233
2.5 2.75 74 75 20.4711112108422 0.02645002749256962
2.5 2.75 75 76 19.74194810477456 0.03086358008940716
2.5 2.75 76 77 19.02360620579615 0.03428373635418016
2.5 2.75 77 78 18.32091274470027 0.0189579781549335
2.5 2.75 78 79 17.62343231355661 0.004266363385098487
2.5 2.75 79 80 16.94157640456089 0.003410959588543915
2.5 2.75 80 81 16.27314602445076 0.002400655418199644
2.5 2.75 81 82 15.61865754964218 0.001299868622745986
2.5 2.75 82 83 14.97850632449122 0.000809576657799071
2.5 2.75 83 84 14.35308731427818 0.0008711148785587102
2.5 2.75 84 85 13.74277229117792 0.000948606007252164
2.5 2.75 85 86 13.14788123579931 0.001099800616562148
2.5 2.75 86 87 12.56868278273845 0.001134893720260205
2.5 2.75 87 88 12.00538429345483 0.001102143510721203
2.5 2.75 88 89 11.45812907428963 0.001149445879471735
2.5 2.75 89 90 10.92704241995052 0.001190551328355687
2.5 2.75 90 91 10.41220843018381 0.001224835203259349
2.5 2.75 91 92 9.913524954033671 0.007258239293447317
2.5 2.75 92 93 9.431331437451213 0.005742407531311613
2.5 2.75 93 94 8.965400763653003 0.004372410220743969
2.5 2.75 94 95 8.516141893538526 0.01045164126635564
2.5 2.75 95 96 8.082378296501695 0.008208670841190991
2.5 2.75 96 97 7.664548025189474 0.006219760612428782
2.5 2.75 97 98 7.262482295503994 0.00453108371406825
2.5 2.75 98 99 6.875984095418843 0.003152770743938652
2.5 2.75 99 100 6.50483028570203 0.00230972438160115
2.75 3 50 51 43.62435883006145 0.08178240671679635
2.75 3 51 52 42.21591748372025 0.08114562944111055
2.75 3 52 53 40.85451222751254 0.07823716027591662
2.75 3 53 54 39.53905298273305 0.07339126538923994
2.75 3 54 55 38.26837839601188 0.06691797424258952
2.75 3 55 56 37.04116141424309 0.05955126757973878
2.75 3 56 57 35.85565965316947 0.05342663758205166
2.75 3 57 58 34.71053704551763 0.04894196828464173
2.75 3 58 59 33.60460085480632 0.04589743558068249
2.75 3 59 60 32.53664536449158 0.04408437519546358
2.75 3 60 61 31.50524781204656 0.04239430478170239
2.75 3 61 62 30.50887442095471 0.03945325048248661
2.75 3 62 63 29.54639015977131 0.03541621690654337
2.75 3 63 64 28.61638861117845 0.03165462346611315
2.75 3 64 65 27.71749532287105 0.02905095431285681
2.75 3 65 66 26.84824635861397 0.02610008473120058
2.75 3 66 67 26.00697488773579 0.02337330200611592
2.75 3 67 68 25.19149903078944 0.02075981420875957
2.75 3 68 69 24.39798158189187 0.01832640346725661
2.75 3 69 70 23.61589346489247 0.03035592496848698
2.75 3 70 71 22.8494989452245 0.01251957452613896
2.75 3 71 72 22.09252440156578 0.004722954093584308
2.75 3 72 73 21.34482087590398 0.01582611717661708
2.75 3 73 74 20.60681988126019 0.02450448955813636
2.75 3 74 75 19.87923637801027 0.02990906475901696
2.75 3 75 76 19.16241592708153 0.03366679321140913
2.75 3 76 77 18.45817901122793 0.004892850978476756
2.75 3 77 78 17.76457129330683 0.004497067154725488
2.75 3 78 79 17.08357900876812 0.00405236392270745
2.75 3 79 80 16.41575814934603 0.003550741935353065
2.75 3 80 81 15.76163324247766 0.003055280866989368
2.75 3 81 82 15.12166472168883 0.002672390355308982
2.75 3 82 83 14.49619792234677 0.002561724262114433
2.75 3 83 84 13.88557835140378 0.002498213726887714
2.75 3 84 85 13.29013028245765 0.002483498483171714
2.75 3 85 86 12.7101290262689 0.002469361480679776
2.75 3 86 87 12.14580145505344 0.002408491398268547
2.75 3 87 88 11.59731633166038 0.002311409834943813
2.75 3 88 89 11.06478196067649 0.002220096430170134
2.75 3 89 90 10.54829013196797 0.002168981123738089
2.75 3 90 91 10.0478939792307 0.002117989678886837
2.75 3 91 92 9.563604786659219 0.002067242555212362
2.75 3 92 93 9.095336273555676 0.005076466885105781
2.75 3 93 94 8.643209659067617 0.003874249939720344
2.75 3 94 95 8.207012976644371 0.002827143477119442
2.75 3 95 96 7.787086034434878 0.008432304071064812
2.75 3 96 97 7.382234477262181 0.006699156959754431
2.75 3 97 98 6.992841294949577 0.005174089606979823
2.75 3 98 99 6.618696781911078 0.003827298337421283
2.75 3 99 100 6.259567006293238 0.002697253577943499
3 3.25 50 51 41.94100626426453 0.07592212396394132
3 3.25 51 52 40.53604166837154 0.07525880781172238
3 3.25 52 53 39.18153986980039 0.0725257492129934
3 3.25 53 54 37.8759537210679 0.06803506916097109
3 3.25 54 55 36.61771870649122 0.06207561045089681
3 3.25 55 56 35.4051526851387 0.05531245627977563
3 3.25 56 57 34.2362031722411 0.04965419356368986
3 3.25 57 58 33.10925839902616 0.04545268604809802
3 3.25 58 59 32.02288099831307 0.04252658521817469
3 3.25 59 60 30.97564958172754 0.04068771474965169
3 3.25 60 61 29.96595441677967 0.03896727427653453
3 3.25 61 62 28.99210442230869 0.03617183851442726
3 3.25 62 63 28.0528141385133 0.03244209694471176
3 3.25 63 64 27.14655656837059 0.02896098777156932
3 3.25 64 65 26.2718512677729 0.02648503605026102
3 3.25 65 66 25.42715078706594 0.02373035528271069
3 3.25 66 67 24.61073037561327 0.0211826288972981
3 3.25 67 68 23.82038841804285 0.01874803332077963
3 3.25 68 69 23.05237825950265 0.01648425155012669
3 3.25 69 70 22.2961968100469 0.02398983832456374
3 3.25 70 71 21.55677475175732 0.007781201653481345
3 3.25 71 72 20.82760413781089 0.006590661277324802
3 3.25 72 73 20.10848521756339 0.01784258122015307
3 3.25 73 74 19.39976136948039 0.02568417126194815
3 3.25 74 75 18.70718384785128 0.01514950732763931
3 3.25 75 76 18.01722158577076 0.004681552687995632
3 3.25 76 77 17.34227737782564 0.003849436799349529
3 3.25 77 78 16.67978615260955 0.00332316077149271
3 3.25 78 79 16.03015513042396 0.002802749186984378
3 3.25 79 80 15.39385422122399 0.002301584783573547
3 3.25 80 81 14.7713247125653 0.001813568191522351
3 3.25 81 82 14.1629490828104 0.001515977103002906
3 3.25 82 83 13.56900459631404 0.001515409225181096
3 3.25 83 84 12.95633905250702 0.01428916202177097
3 3.25 84 85 12.39390108066729 0.003350331060715548
3 3.25 85 86 11.84684188163459 0.003999989516339644
3 3.25 86 87 11.31526205911433 0.007182026446284298
3 3.25 87 88 10.7992438435404 0.007469294461828657
3 3.25 88 89 10.29885143209753 0.005357641172692047
3 3.25 89 90 9.814088222746696 0.001595628965016147
3 3.25 90 91 9.344903496929508 0.004543190915971701
3 3.25 91 92 8.906889983644437 0.001482453185321132
3 3.25 92 93 8.466375585135202 0.001466779121709025
3 3.25 93 94 8.04118539678565 0.002868768969883298
3 3.25 94 95 7.631434545463307 0.002059300388077163
3 3.25 95 96 7.236827265412842 0.00144438614197322
3 3.25 96 97 6.857186373934004 0.001377474767185386
3 3.25 97 98 6.492310003570676 0.00134817280201199
3 3.25 98 99 6.142286410109776 0.004621331550242968
3 3.25 99 100 5.806157315967939 0.003633113207359905
3.25 3.5 50 51 38.54470507449992 0.06888348696054343
3.25 3.5 51 52 37.19790399928461 0.06824250353452589
3.25 3.5 52 53 35.90304214567675 0.0657691633685145
3.25 3.5 53 54 34.65818056994055 0.06174781795566054
3.25 3.5 54 55 33.46141663482473 0.0564409214503663
3.25 3.5 55 56 32.31078012011814 0.05043104249990297
3.25 3.5 56 57 31.20398325554141 0.04535859204037326
3.25 3.5 57 58 30.13920254507791 0.04152239158204168
3.25 3.5 58 59 29.11481502311791 0.03876429491635071
3.25 3.5 59 60 28.12924138000388 0.0369215109842911
3.25 3.5 60 61 27.18074821969148 0.03518902907237246
3.25 3.5 61 62 26.26755233926252 0.03258355823744039
3.25 3.5 62 63 25.3882695320133 0.02922809910803583
3.25 3.5 63 64 24.54131220023433 0.02608663439047456
3.25 3.5 64 65 23.72515206604318 0.02377066699078141
3.25 3.5 65 66 22.9382192559443 0.02125264557600506
3.25 3.5 66 67 22.17879952319445 0.01891909019640668
3.25 3.5 67 68 21.4447604534661 0.01669636673052962
3.25 3.5 68 69 20.73260032523035 0.01463156384169078
3.25 3.5 69 70 20.03183916522595 0.01897928451940639
3.25 3.5 70 71 19.34879667205823 0.004436644501507566
3.25 3.5 71 72 18.67580668448574 0.01395978119052843
3.25 3.5 72 73 18.01409166290533 0.01859795602011048
3.25 3.5 73 74 17.36602927309487 0.00999014301433195
3.25 3.5 74 75 16.72580122832565 0.007741482706743091
3.25 3.5 75 76 16.09709672931442 0.005728189588822107
3.25 3.5 76 77 15.48034652086621 0.004052183813077094
3.25 3.5 77 78 14.87596372854696 0.002764315426400986
3.25 3.5 78 79 14.2842540835231 0.002129638184331473
3.25 3.5 79 80 13.70557754807441 0.002013554249144196
3.25 3.5 80 81 13.1402691557987 0.002768716619576626
3.25 3.5 81 82 12.58861287110488 0.003794700462246729
3.25 3.5 82 83 12.0182726882892 0.004800100266241346
3.25 3.5 83 84 11.52750829323294 0.0008767686119694595
3.25 3.5 84 85 11.01793232872081 0.0009912436724787102
3.25 3.5 85 86 10.52271013765701 0.001119881515086292
3.25 3.5 86 87 9.983454871703049 0.004507152850038015
3.25 3.5 87 88 9.575682370698139 0.001140610829018227
3.25 3.5 88 89 9.123940268488131 0.001115010832585331
3.25 3.5 89 90 8.686710934844058 0.00108414519841477
3.25 3.5 90 91 8.222765936816124 0.003922599133431279
3.25 3.5 91 92 7.855621580101635 0.001028516456005751
3.25 3.5 92 93 7.461601969281389 0.001027657786065561
3.25 3.5 93 94 7.081781148822463 0.001022851790377827
3.25 3.5 94 95 6.706518867748288 0.002070184937666332
3.25 3.5 95 96 6.356118348404471 0.003859139498763637
3.25 3.5 96 97 6.02597587856849 0.001030045520778544
3.25 3.5 97 98 5.701222940009423 0.0009695768732454577
3.25 3.5 98 99 5.389757274244197 0.000949156309121286
3.25 3.5 99 100 5.091335986407131 0.0009006154027638637
3.5 3.75 50 51 32.91873084044879 0.05918689126215244
3.5 3.75 51 52 31.71465791784567 0.05867014584353062
3.5 3.75 52 53 30.56151159015291 0.0291466273428594
3.5 3.75 53 54 29.45473540952679 0.02721941129994655
3.5 3.75 54 55 28.39190358069668 0.04887881854579227
3.5 3.75 55 56 27.3738328515499 0.04389681683410748
3.5 3.75 56 57 26.39679149874939 0.03964467549890371
3.5 3.75 57 58 25.45889873798994 0.03635740778093965
3.5 3.75 58 59 24.55848588193201 0.03390636111237293
3.5 3.75 59 60 23.69394833419571 0.03216057985551014
3.5 3.75 60 61 22.86356488175416 0.03050773176548627
3.5 3.75 61 62 22.0655939574638 0.02820934605493826
3.5 3.75 62 63 21.29866319869999 0.02612270323246802
3.5 3.75 63 64 20.56227806304726 0.02267912260093757
3.5 3.75 64 65 19.8528744412198 0.0206217911038582
3.5 3.75 65 66 19.17003588445221 0.01844131889977494
3.5 3.75 66 67 18.51217533027426 0.01641394256306248
3.5 3.75 67 68 17.87736785393301 0.01448861260008998
3.5 3.75 68 69 17.26256869281139 0.01270047932446743
3.5 3.75 69 70 16.6674213599279 0.01226118307028416
3.5 3.75 70 71 16.07017895375906 0.01114299248914757
3.5 3.75 71 72 15.49363308887028 0.003395034089789494
3.5 3.75 72 73 14.92736722170791 0.01001397531693301
3.5 3.75 73 74 14.36966006520463 0.01370707180794647
3.5 3.75 74 75 13.82942551780116 0.00457103437440582
3.5 3.75 75 76 13.29467695010544 0.00359819444778343
3.5 3.75 76 77 12.77114070621386 0.002907047806387091
3.5 3.75 77 78 12.25909618877696 0.002425552128619221
3.5 3.75 78 79 11.75873765275584 0.001958509850293911
3.5 3.75 79 80 11.28071978289212 0.002765106785639279
3.5 3.75 80 81 10.79400365740035 0.001061787397991585
3.5 3.75 81 82 10.30329635682012 0.002972065135660039
3.5 3.75 82 83 9.878454707963069 0.0009054289303174025
3.5 3.75 83 84 9.439411763445362 0.0009220152584571966
3.5 3.75 84 85 9.012980883043046 0.0009356732072715771
3.5 3.75 85 86 8.599221475730937 0.0009461272328971115
3.5 3.75 86 87 8.198163199426739 0.0009531363215710359
3.5 3.75 87 88 7.809800511938517 0.0009558269771402123
3.5 3.75 88 89 7.434092370947515 0.0009563091794496941
3.5 3.75 89 90 7.070837265229116 0.0008664412354647954
3.5 3.75 90 91 6.720074411905147 0.0008457562074577036
3.5 3.75 91 92 6.382096521595555 0.0008418007853311322
3.5 3.75 92 93 6.056282660907565 0.0008476645842867227
3.5 3.75 93 94 5.742741033779554 0.0009121064886379497
3.5 3.75 94 95 5.44107289317274 0.0008952074098582891
3.5 3.75 95 96 5.151233932608103 0.0008760988975394753
3.5 3.75 96 97 4.87302968556493 0.0008550028767082032
3.5 3.75 97 98 4.606250513965733 0.0008321419140635402
3.5 3.75 98 99 4.350672973433439 0.0008077366822912251
3.5 3.75 99 100 4.106061160303421 0.0007820038681860704
3.75 4 50 51 25.01552761534283 0.0008728160930352251
3.75 4 51 52 24.05483434260343 0.0009136139728581284
3.75 4 52 53 23.13655498758165 0.001301903773902231
3.75 4 53 54 22.25837478463962 0.001361973142677559
3.75 4 54 55 21.41830790774229 0.001010525585248212
3.75 4 55 56 20.61448850805355 0.0005991509923866395
3.75 4 56 57 19.84499906390487 0.0006204518855223099
3.75 4 57 58 19.10817138818122 0.0006329486070070466
3.75 4 58 59 18.40238672415051 0.0006378444556610058
3.75 4 59 60 17.72607762955621 0.0006490927003521973
3.75 4 60 61 17.07781307038719 0.0006519569984689079
3.75 4 61 62 16.45619046879729 0.0006526286066897403
3.75 4 62 63 15.85988341817075 0.0006561249206100247
3.75 4 63 64 15.28761890714486 0.0006544385709796412
3.75 4 64 65 14.73803327181308 0.006145472260743032
3.75 4 65 66 14.21010999838471 0.005302652391148938
3.75 4 66 67 13.70242829528515 0.00452552233915769
3.75 4 67 68 13.21372578383301 0.01247146956428842
3.75 4 68 69 12.74105226691312 0.0110091620043215
3.75 4 69 70 12.28117543600989 0.009649831602679836
3.75 4 70 71 11.83344574318007 0.008310516002178213
3.75 4 71 72 11.39239881544036 0.007188897461742783
3.75 4 72 73 10.953101326421 0.005532517895888426
3.75 4 73 74 10.53134798885303 0.001025046384431904
3.75 4 74 75 10.11870703458624 0.005147358667165945
3.75 4 75 76 9.718775316985274 0.003626771749759139
3.75 4 76 77 9.323866718365617 0.003026171171357663
3.75 4 77 78 8.938487840797967 0.002535301484948665
3.75 4 78 79 8.562727997959575 0.002080629640693664
3.75 4 79 80 8.196626565705543 0.001608530944979368
3.75 4 80 81 7.840450022468948 0.001199794533589455
3.75 4 81 82 7.494164379498879 0.0008342761196913883
3.75 4 82 83 7.157909131459728 0.0007314389866871502
3.75 4 83 84 6.831222702346608 0.0007754280212593384
3.75 4 84 85 6.514862079517958 0.0008941894250305677
3.75 4 85 86 6.20872495959121 0.0007568399834238132
3.75 4 86 87 5.91225017064914 0.000758459779423343
3.75 4 87 88 5.622553424514759 0.0008438015226535191
3.75 4 88 89 5.348915085732751 0.0007523981421509729
3.75 4 89 90 5.081900380480748 0.000745389056394411
3.75 4 90 91 4.824530441926578 0.0007358468217159473
3.75 4 91 92 4.576692572725685 0.0007240366165523989
3.75 4 92 93 4.338260360802534 0.0007101400758883894
3.75 4 93 94 4.109094209904337 0.0006943683467539249
3.75 4 94 95 3.889042132517865 0.0006769293705895139
3.75 4 95 96 3.677940778943081 0.0003672151677122462
3.75 4 96 97 3.475616372269333 0.0003494351441771037
3.75 4 97 98 3.281885805445957 0.000353381033306371
3.75 4 98 99 3.096557548252694 0.0003561510380382835
3.75 4 99 100 2.919434315057779 0.0003367216197555572
4 5 50 51 21.40271029592675 0.01375851031841014
4 5 51 52 20.48129994811123 0.01330919693619965
4 5 52 53 19.60475105792921 0.01289691082323785
4 5 53 54 18.77050318939882 0.01248439640917696
4 5 54 55 17.97605104627813 0.01209483831293372
4 5 55 56 17.21908550189049 0.01172365547609323
4 5 56 57 16.49754823801991 0.01136212361747354
4 5 57 58 15.80945811316078 0.01101459762006472
4 5 58 59 15.15299592615164 0.01068140811125439
4 5 59 60 14.52646862320676 0.01036088449720973
4 5 60 61 13.93509197341194 0.005021877014526114
4 5 61 62 13.36337932624686 0.00487953705981017
4 5 62 63 12.81751174928766 0.00472471570485083
4 5 63 64 12.29552706563189 0.004584054838100443
4 5 64 65 11.79635569851591 0.004461876486903201
4 5 65 66 11.31833249804713 0.00435032137520176
4 5 66 67 10.86118936224676 0.004205451642096459
4 5 67 68 10.42300993901547 0.004172462942557748
4 5 68 69 10.00173454759044 0.004233177097187622
4 5 69 70 9.591518504629983 0.00217429750658795
4 5 70 71 9.196128901926551 0.002104413541956983
4 5 71 72 8.811679326284189 0.00203484368877859
4 5 72 73 8.437870382119463 0.001965774638640874
4 5 73 74 8.074574546150888 0.001897338458803249
4 5 74 75 7.720912275961894 0.00117668858536335
4 5 75 76 7.378488237607755 0.001133275874793813
4 5 76 77 7.046415084795444 0.001090443958028617
4 5 77 78 6.724280388408638 0.0008398527119579858
4 5 78 79 6.412935832788786 0.000747491848999445
4 5 79 80 6.11145552733933 0.0006968685236021325
4 5 80 81 5.820304909253736 0.0006864168902703319
4 5 81 82 5.538864642130762 0.0007088770407292804
4 5 82 83 5.263756015358007 0.003664495203934434
4 5 83 84 5.002516379689736 0.0009564926461750728
4 5 84 85 4.754199373474144 0.003399182290635056
4 5 85 86 4.512131310474414 0.003074164727030513
4 5 86 87 4.278845369545165 0.00268526418739578
4 5 87 88 4.054714496679944 0.002318353527721386
4 5 88 89 3.83955966635567 0.001972170695130196
4 5 89 90 3.633198769823279 0.001650471384598161
4 5 90 91 3.435442842871437 0.001358667460241972
4 5 91 92 3.246860114459508 0.001716534703524078
4 5 92 93 3.065680305023721 0.001535410195711299
4 5 93 94 2.892501194065078 0.001415192469353725
4 5 94 95 2.727111233160288 0.001340081370458352
4 5 95 96 2.569295244464897 0.001267757957037636
4 5 96 97 2.418835157222274 0.001198201858581899
4 5 97 98 2.275510714765206 0.001178470931477638
4 5 98 99 2.139100150911851 0.00117186374994234
4 5 99 100 2.009380834975684 0.001169795490322677
-5 5 50 100 33464.08689120577 1.749978242763818
