#ylo yhi qTlo qThi PDF0  uncertainty
-5 -4 0 1 -1801.69859552698 0.02386844469648496
-5 -4 1 2 -5323.13137915562 0.09870850147385203
-5 -4 2 3 -2758.952722225926 0.0789192320282074
-5 -4 3 4 -1448.086841356226 0.06078154251209562
-5 -4 4 5 -766.2748430723841 0.05543647826574127
-5 -4 5 6 -391.6048080712303 0.05893086329885017
-5 -4 6 7 -178.3263584965168 0.03852088216193043
-5 -4 7 8 -53.54711841442736 0.02785576328571374
-5 -4 8 9 20.90767659778498 0.03866869086187913
-5 -4 9 10 65.1219837774496 0.02409897567704278
-5 -4 10 11 91.26553394991481 0.03072271532458724
-5 -4 11 12 106.0349059661309 0.02302968621913739
-5 -4 12 13 113.5556293456219 0.02392251571361134
-5 -4 13 14 116.4288676051106 0.01688164252474405
-5 -4 14 15 116.3312687972693 0.01625256820485442
-5 -4 15 16 114.329212977414 0.01562818899551644
-5 -4 16 17 111.1343133600957 0.0110799293257175
-5 -4 17 18 107.2136825108955 0.01103302196673157
-5 -4 18 19 102.8865620198553 0.01090101421717392
-5 -4 19 20 98.36616762297436 0.01071036955736356
-5 -4 20 21 93.79074643343642 0.006012718610369428
-5 -4 21 22 89.26582018917068 0.005934373216465763
-5 -4 22 23 84.84886703313074 0.005840720194314184
-5 -4 23 24 80.57974504638537 0.00573628347785538
-5 -4 24 25 76.48254803367644 0.005624483035741749
-5 -4 25 26 72.57043171423922 0.005507910107122338
-5 -4 26 27 68.8489869946354 0.005388530280263806
-5 -4 27 28 65.31861262616422 0.005267834381834164
-5 -4 28 29 61.97571471873694 0.003783779187622442
-5 -4 29 30 58.81579948493072 0.003647694881589857
-5 -4 30 31 55.83146954606325 0.003516462240373276
-5 -4 31 32 53.01491284886076 0.003390155097177311
-5 -4 32 33 50.35785486799151 0.003268768077643895
-5 -4 33 34 47.8518551752022 0.003152238642398551
-5 -4 34 35 45.48851323295195 0.003040463648353672
-5 -4 35 36 43.25960868416378 0.002933311836705955
-5 -4 36 37 41.15719436140666 0.002830633104251435
-5 -4 37 38 39.17230874852655 0.001428556708444345
-5 -4 38 39 37.30044388352113 0.001382502194760193
-5 -4 39 40 35.53333878252412 0.001338319752321551
-5 -4 40 41 33.86451674124755 0.001295931568815667
-5 -4 41 42 32.28788515795814 0.001255260420831329
-5 -4 42 43 30.79772558719469 0.001216230446726262
-5 -4 43 44 29.38867992275683 0.001178767713797673
-5 -4 44 45 28.0557341170767 0.001142800598924256
-5 -4 45 46 26.79378982927211 0.001108255934698979
-5 -4 46 47 25.59899546693413 0.001075078497325459
-5 -4 47 48 24.46644967785334 0.001043197000456809
-5 -4 48 49 23.3920419271 0.001012564604111776
-5 -4 49 50 22.37200617183827 0.0009831117767408236
-4 -3.75 0 1 -1292.92041099065 0.003261001517718328
-4 -3.75 1 2 -5272.479466262656 0.1877601416917816
-4 -3.75 2 3 -3172.101296406791 0.1203983907254503
-4 -3.75 3 4 -1853.530661003098 0.08381414116489172
-4 -3.75 4 5 -1102.558418146559 0.06210046272109432
-4 -3.75 5 6 -660.3763794275046 0.04801285868622616
-4 -3.75 6 7 -390.9472052972642 0.03826657308100403
-4 -3.75 7 8 -221.8352067314001 0.03119801595356697
-4 -3.75 8 9 -113.1224536734576 0.0258833359525492
-4 -3.75 9 10 -41.97541068439375 0.02177390714347529
-4 -3.75 10 11 5.088607502576565 0.01852309664213241
-4 -3.75 11 12 36.34016068941253 0.0159033158678311
-4 -3.75 12 13 56.99023289056913 0.01375896065287925
-4 -3.75 13 14 70.41197881383948 0.01198046672741806
-4 -3.75 14 15 78.83976460193321 0.01048864572506503
-4 -3.75 15 16 83.78351906113761 0.009224975289156773
-4 -3.75 16 17 86.28134076747489 0.008145362784698114
-4 -3.75 17 18 87.05750988767483 0.00721602115883645
-4 -3.75 18 19 86.62366668117062 0.006410671078908889
-4 -3.75 19 20 85.34498218640459 0.005708599640922043
-4 -3.75 20 21 83.4842651133722 0.005093286247933399
-4 -3.75 21 22 81.23186886843769 0.004551412412416706
-4 -3.75 22 23 78.72628413080491 0.004072136688019558
-4 -3.75 23 24 76.06851504480721 0.003646555959627609
-4 -3.75 24 25 73.33224093545005 0.003267299889462241
-4 -3.75 25 26 70.57107964855174 0.002928221905998852
-4 -3.75 26 27 67.82383154040932 0.002624161135660513
-4 -3.75 27 28 65.11829973114908 0.002350757131929746
-4 -3.75 28 29 62.47409566320124 0.002104304321406402
-4 -3.75 29 30 59.90471425672072 0.001881636667949772
-4 -3.75 30 31 57.41907856444993 0.001680035542741291
-4 -3.75 31 32 55.02269590614107 0.001497155565226517
-4 -3.75 32 33 52.71852731036888 0.001330964511853534
-4 -3.75 33 34 50.50764395005315 0.001179694284543214
-4 -3.75 34 35 48.38972433338564 0.001041800673644099
-4 -3.75 35 36 46.3634317632019 0.000915930138156991
-4 -3.75 36 37 44.42670131673275 0.0008008922419303654
-4 -3.75 37 38 42.57695815281571 0.0006956366654183252
-4 -3.75 38 39 40.81128348015511 0.0005992339511777122
-4 -3.75 39 40 39.12654049518819 0.0005108593177113045
-4 -3.75 40 41 37.51946964525951 0.000429779034431571
-4 -3.75 41 42 35.98676029478165 0.0003553389618363923
-4 -3.75 42 43 34.52510421868414 0.0002869550668820355
-4 -3.75 43 44 33.13123512454275 0.0002241059756946657
-4 -3.75 44 45 31.8019573669695 0.0001663286123862859
-4 -3.75 45 46 30.53371234704664 0.0004055847888877988
-4 -3.75 46 47 29.32429288050456 0.0004231565750691219
-4 -3.75 47 48 28.17018040765221 0.0004428602665867422
-4 -3.75 48 49 27.06845460971677 0.000476495710456147
-4 -3.75 49 50 26.01640948712166 0.001455681117483829
-3.75 -3.5 0 1 -1201.817514091775 0.04660428574532898
-3.75 -3.5 1 2 -6562.238544861848 0.04833326366523229
-3.75 -3.5 2 3 -4290.024306875081 0.0006609345958130563
-3.75 -3.5 3 4 -2628.391448969797 0.009026468651276624
-3.75 -3.5 4 5 -1635.05912967969 0.01140234393786962
-3.75 -3.5 5 6 -1030.155660240595 0.01169364371868201
-3.75 -3.5 6 7 -650.9170072198315 0.01129418514610556
-3.75 -3.5 7 8 -406.3661503871685 0.0106701081745579
-3.75 -3.5 8 9 -244.7820537976531 0.009990385670188711
-3.75 -3.5 9 10 -135.8691227185509 0.009327887519091438
-3.75 -3.5 10 11 -61.38817870140883 0.008705977642120557
-3.75 -3.5 11 12 -9.950458047150732 0.008133175290792039
-3.75 -3.5 12 13 25.73507134221484 0.007609870515208604
-3.75 -3.5 13 14 50.4600951715297 0.00713325880918775
-3.75 -3.5 14 15 67.44566120656395 0.006699364158119118
-3.75 -3.5 15 16 78.90054932665828 0.006303964437090463
-3.75 -3.5 16 17 86.36603868311943 0.005943004088087462
-3.75 -3.5 17 18 90.9340997077137 0.005612762333665703
-3.75 -3.5 18 19 93.38864320394998 0.00530990443014369
-3.75 -3.5 19 20 94.29886539631929 0.005031478143268718
-3.75 -3.5 20 21 94.08209964899851 0.004774886171513684
-3.75 -3.5 21 22 93.04685793454269 0.00453784974261595
-3.75 -3.5 22 23 91.42276021646796 0.004318370811604475
-3.75 -3.5 23 24 89.38163621593191 0.004114696271371125
-3.75 -3.5 24 25 87.05259100610982 0.003925285600126155
-3.75 -3.5 25 26 84.53288415439573 0.003748782340816881
-3.75 -3.5 26 27 81.89586737472405 0.00358398931579485
-3.75 -3.5 27 28 79.19683062698931 0.003429847250848396
-3.75 -3.5 28 29 76.47734471158068 0.003285416445001432
-3.75 -3.5 29 30 73.7685120955301 0.003149861060785926
-3.75 -3.5 30 31 71.09341762914019 0.003022435679731516
-3.75 -3.5 31 32 68.46898785209243 0.002902473786382113
-3.75 -3.5 32 33 65.90740969481411 0.002789377894633636
-3.75 -3.5 33 34 63.41721854472746 0.002682611060300749
-3.75 -3.5 34 35 61.00413653470548 0.002581689580268148
-3.75 -3.5 35 36 58.67172096695484 0.002486176690989752
-3.75 -3.5 36 37 56.42186758507742 0.002395677115913696
-3.75 -3.5 37 38 54.25520232104259 0.002309832344394172
-3.75 -3.5 38 39 52.17138691950397 0.002228316521241333
-3.75 -3.5 39 40 50.16935776689095 0.002150832870437303
-3.75 -3.5 40 41 48.24751275034971 0.002077110566862471
-3.75 -3.5 41 42 46.40385747802543 0.002006902001512733
-3.75 -3.5 42 43 44.6361196501923 0.001939980375449379
-3.75 -3.5 43 44 42.94183843549935 0.001876137586584502
-3.75 -3.5 44 45 41.31843411148934 0.001815182364460427
-3.75 -3.5 45 46 39.76264388437613 0.001769275197924421
-3.75 -3.5 46 47 38.27292225009867 0.001723100138225871
-3.75 -3.5 47 48 36.84580489423524 0.001680513539375913
-3.75 -3.5 48 49 35.4784892780465 0.002976322437299529
-3.75 -3.5 49 50 34.16839904646758 0.001958422428898458
-3.5 -3.25 0 1 -897.1197979389204 0.03708337076516149
-3.5 -3.25 1 2 -7302.978034646719 0.02379545813331096
-3.5 -3.25 2 3 -5144.368328774703 0.01343324970277639
-3.5 -3.25 3 4 -3266.753628622993 0.01833320943615142
-3.5 -3.25 4 5 -2096.51925364562 0.01806722077374226
-3.5 -3.25 5 6 -1365.179118759448 0.01671073631937759
-3.5 -3.25 6 7 -896.9085066089056 0.01520157693052005
-3.5 -3.25 7 8 -589.0534936642234 0.01378770790358033
-3.5 -3.25 8 9 -381.7419165478043 0.01252539196375385
-3.5 -3.25 9 10 -239.242732092473 0.01141753049148835
-3.5 -3.25 10 11 -139.7132780570234 0.01044786761228218
-3.5 -3.25 11 12 -69.33409973337871 0.00959789433350213
-3.5 -3.25 12 13 -19.15164019054214 0.008850024621865965
-3.5 -3.25 13 14 16.78414955997914 0.008188944219612696
-3.5 -3.25 14 15 42.51567430629086 0.007601728526841634
-3.5 -3.25 15 16 60.84382545767892 0.007077602276419239
-3.5 -3.25 16 17 73.74331071455128 0.006607612806619213
-3.5 -3.25 17 18 82.62784078847312 0.00618431456388762
-3.5 -3.25 18 19 88.52321631087125 0.00580149536439879
-3.5 -3.25 19 20 92.18260196759331 0.00545394924493752
-3.5 -3.25 20 21 94.16472080842061 0.0051372918431122
-3.5 -3.25 21 22 94.8877884795678 0.004847811610401338
-3.5 -3.25 22 23 94.66728215608578 0.004582350238869651
-3.5 -3.25 23 24 93.74275607184978 0.004338206484308872
-3.5 -3.25 24 25 92.29712044927112 0.004113058601938973
-3.5 -3.25 25 26 90.47066131176365 0.0039049015499619
-3.5 -3.25 26 27 88.37134278335844 0.003711995925685087
-3.5 -3.25 27 28 86.0824501496391 0.003532826239821734
-3.5 -3.25 28 29 83.6683098331871 0.00336606665461774
-3.5 -3.25 29 30 81.17860446618329 0.003210552711745171
-3.5 -3.25 30 31 78.65165206435358 0.003065257888776782
-3.5 -3.25 31 32 76.11691473496393 0.002929274063719243
-3.5 -3.25 32 33 73.59692973580314 0.002801795165305838
-3.5 -3.25 33 34 71.10880423206419 0.002682103425708336
-3.5 -3.25 34 35 68.66537824076562 0.002569557767138248
-3.5 -3.25 35 36 66.27613360152117 0.002463583960446076
-3.5 -3.25 36 37 63.9479073940046 0.00236366623673688
-3.5 -3.25 37 38 61.68545397321944 0.002269340128588846
-3.5 -3.25 38 39 59.49188919464757 0.002180186318857321
-3.5 -3.25 39 40 57.36904251749115 0.002095825352258898
-3.5 -3.25 40 41 55.31773680880778 0.002015913064770853
-3.5 -3.25 41 42 53.33801109877567 0.00194013662014009
-3.5 -3.25 42 43 51.42929543650114 0.005631313715930856
-3.5 -3.25 43 44 49.59056402971973 0.005264445163661392
-3.5 -3.25 44 45 47.8204336171529 0.005715111802225674
-3.5 -3.25 45 46 46.11650724251545 0.005419368240417726
-3.5 -3.25 46 47 44.47834206523913 0.001615660524276445
-3.5 -3.25 47 48 42.9030136383173 0.004746606780650002
-3.5 -3.25 48 49 41.3883686637982 0.003157143714516951
-3.5 -3.25 49 50 39.93223381388241 0.001847817803032359
-3.25 -3 0 1 -468.930741502176 0.01809388735374212
-3.25 -3 1 2 -7590.790004110133 0.02568636365743565
-3.25 -3 2 3 -5734.801550942595 0.1860816873380234
-3.25 -3 3 4 -3752.405033021892 0.1096114764039294
-3.25 -3 4 5 -2468.080886243724 0.07187797991652178
-3.25 -3 5 6 -1647.161439100823 0.05014904942269777
-3.25 -3 6 7 -1112.226586667728 0.03639775517513993
-3.25 -3 7 8 -755.0311447862296 0.02712059043062933
-3.25 -3 8 9 -510.9069892904556 0.02056359426396181
-3.25 -3 9 10 -340.6057669702057 0.01576560947972639
-3.25 -3 10 11 -219.8135811068571 0.01215666630338941
-3.25 -3 11 12 -132.9727152119933 0.009382267590939967
-3.25 -3 12 13 -69.90220890307728 0.007211171175999846
-3.25 -3 13 14 -23.77438106691602 0.00548710266271537
-3.25 -3 14 15 10.08925276209834 0.004101221384335458
-3.25 -3 15 16 34.95698957169702 0.002975764232644581
-3.25 -3 16 17 53.1516040982392 0.002053946970575958
-3.25 -3 17 18 66.34927861397227 0.00129353077313488
-3.25 -3 18 19 75.77605995546264 0.0006626866691469844
-3.25 -3 19 20 82.3395369368294 0.0001393706362027874
-3.25 -3 20 21 86.7187024692812 0.0003073785133818338
-3.25 -3 21 22 89.42629503866442 0.0006767576837712772
-3.25 -3 22 23 90.85270039510704 0.0009883178967828585
-3.25 -3 23 24 91.29729280500248 0.001251103086069532
-3.25 -3 24 25 90.99109026368291 0.001472831266096539
-3.25 -3 25 26 90.11331878080415 0.001659853313538056
-3.25 -3 26 27 88.80365053766269 0.0018174059535618
-3.25 -3 27 28 87.17133284019047 0.001949830385656471
-3.25 -3 28 29 85.30205806165191 0.002060745850501414
-3.25 -3 29 30 83.26317557919316 0.002153186157506099
-3.25 -3 30 31 81.10767547275861 0.002229707418225609
-3.25 -3 31 32 78.87725440806867 0.002292473563405379
-3.25 -3 32 33 76.60469012703811 0.0023433246785597
-3.25 -3 33 34 74.31569120985688 0.002383831961521203
-3.25 -3 34 35 72.03034581655749 0.002415342194679266
-3.25 -3 35 36 69.76425598021169 0.009566203484194711
-3.25 -3 36 37 67.52946366214687 0.00895346506381171
-3.25 -3 37 38 65.33513229035793 0.01024142548118117
-3.25 -3 38 39 63.1881280310796 0.009513134665551053
-3.25 -3 39 40 61.09349233203028 0.008839964708428983
-3.25 -3 40 41 59.05479184307819 0.008217168118635496
-3.25 -3 41 42 57.07441665616341 0.007640475099871679
-3.25 -3 42 43 55.1538174351717 0.007106037279169136
-3.25 -3 43 44 53.29369698840793 0.006610379291746092
-3.25 -3 44 45 51.49416525177324 0.006150357134549915
-3.25 -3 45 46 49.75402257918822 0.005845732705434159
-3.25 -3 46 47 48.07414772742629 0.005888811378318278
-3.25 -3 47 48 46.45241780180645 0.005136415650838974
-3.25 -3 48 49 44.88757187383014 0.003612781194284459
-3.25 -3 49 50 43.37812915279345 0.002622614404346215
-3 -2.75 0 1 -7.366881136959137 0.002177130191300409
-3 -2.75 1 2 -7607.255312355375 0.1030217270951615
-3 -2.75 2 3 -6130.995350287909 0.01538484458029619
-3 -2.75 3 4 -4111.135695649572 0.009007978065802801
-3 -2.75 4 5 -2756.034273667645 0.01801410222188519
-3 -2.75 5 6 -1873.473595553851 0.02158501034941818
-3 -2.75 6 7 -1290.206821846848 0.02285578399304001
-3 -2.75 7 8 -895.9605033037687 0.02305098537447317
-3 -2.75 8 9 -623.4345122445857 0.02271602804218151
-3 -2.75 9 10 -431.1951794007707 0.02211751817724149
-3 -2.75 10 11 -293.2889050084789 0.02139289210741595
-3 -2.75 11 12 -192.9569460821067 0.0206163152277338
-3 -2.75 12 13 -119.1441004627982 0.01982864824561653
-3 -2.75 13 14 -64.38263563813916 0.01905252790110003
-3 -2.75 14 15 -23.52103305379205 0.01830028530309529
-3 -2.75 15 16 7.06247328361269 0.01757828797058839
-3 -2.75 16 17 29.9578018175107 0.01688940342269526
-3 -2.75 17 18 47.04529098597948 0.01623443555668905
-3 -2.75 18 19 59.70866446410355 0.01561298017687786
-3 -2.75 19 20 68.9785019534205 0.01502394269740684
-3 -2.75 20 21 75.6306187691531 0.01446585469207912
-3 -2.75 21 22 80.25462772894468 0.01393706832246772
-3 -2.75 22 23 83.30243374335964 0.01343587546397786
-3 -2.75 23 24 85.12300224021908 0.01296057984911278
-3 -2.75 24 25 85.98759751489138 0.01250953960703665
-3 -2.75 25 26 86.10831252704418 0.01208119111593915
-3 -2.75 26 27 85.65181601805881 0.01167406100965309
-3 -2.75 27 28 84.74964964914489 0.01128677077220095
-3 -2.75 28 29 83.50600943716097 0.01091803670635768
-3 -2.75 29 30 82.00367413478926 0.01056666712701261
-3 -2.75 30 31 80.30855595652713 0.01023155795444116
-3 -2.75 31 32 78.47320341186975 0.01630896946819273
-3 -2.75 32 33 76.53959733756045 0.01540526242740222
-3 -2.75 33 34 74.54120208573556 0.01457135188650824
-3 -2.75 34 35 72.50152544167133 0.01358642962998246
-3 -2.75 35 36 70.44827373763172 0.01262091650806916
-3 -2.75 36 37 68.39501105146309 0.01173047021921819
-3 -2.75 37 38 66.35503601346164 0.0109083317795876
-3 -2.75 38 39 64.33877591413466 0.01014845968986867
-3 -2.75 39 40 62.35433139694462 0.009445440618649761
-3 -2.75 40 41 60.40791603656197 0.008794413281171854
-3 -2.75 41 42 58.50421211090884 0.00819100281592664
-3 -2.75 42 43 56.6466593737708 0.007631263537959766
-3 -2.75 43 44 54.8376900523659 0.007111630785380301
-3 -2.75 44 45 53.07892046377427 0.006628877148591397
-3 -2.75 45 46 51.37039802094415 0.006312246865886629
-3 -2.75 46 47 49.71428845526319 0.006369354461156699
-3 -2.75 47 48 48.10941223853283 0.005564556505393395
-3 -2.75 48 49 46.55538875755963 0.003674475442398145
-3 -2.75 49 50 45.0515118584821 0.002453055623330093
-2.75 -2.5 0 1 443.7723016132472 0.002710395378377025
-2.75 -2.5 1 2 -7483.088422863342 0.003993536181717463
-2.75 -2.5 2 3 -6399.37550005311 0.1914397741949999
-2.75 -2.5 3 4 -4377.57616019727 0.1222562778036061
-2.75 -2.5 4 5 -2978.494378086506 0.08588469419792669
-2.75 -2.5 5 6 -2053.146773639781 0.06390710063114168
-2.75 -2.5 6 7 -1434.683163264086 0.04942561490635319
-2.75 -2.5 7 8 -1012.620258858797 0.03929869211111274
-2.75 -2.5 8 9 -718.2813157337987 0.03190210352773541
-2.75 -2.5 9 10 -508.8807979174944 0.02631696778792848
-2.75 -2.5 10 11 -357.374153452653 0.02198761446116184
-2.75 -2.5 11 12 -246.1703499353716 0.01855958733359196
-2.75 -2.5 12 13 -163.5902251186681 0.01579719105939511
-2.75 -2.5 13 14 -101.6989832801207 0.01353815376953001
-2.75 -2.5 14 15 -54.99367845910342 0.01166746903244218
-2.75 -2.5 15 16 -19.58596016430192 0.01010159642759353
-2.75 -2.5 16 17 7.318211432390626 0.008778552437222739
-2.75 -2.5 17 18 27.75697777019468 0.007651492003231176
-2.75 -2.5 18 19 43.23721165429572 0.006684433281517665
-2.75 -2.5 19 20 54.88646632759242 0.005849339510333978
-2.75 -2.5 20 21 63.55756829743859 0.005124083711551868
-2.75 -2.5 21 22 69.90177468298248 0.004491001624658555
-2.75 -2.5 22 23 74.42069925884152 0.003935845001318395
-2.75 -2.5 23 24 77.50366748281476 0.003447012699563235
-2.75 -2.5 24 25 79.45492257106741 0.003014977833967131
-2.75 -2.5 25 26 80.51366538997627 0.002631855527075432
-2.75 -2.5 26 27 80.86897015011004 0.002291072904909697
-2.75 -2.5 27 28 80.67099296407105 0.001987114458854115
-2.75 -2.5 28 29 80.03946941049179 0.00171532358731575
-2.75 -2.5 29 30 79.0702075057747 0.01572127726221265
-2.75 -2.5 30 31 77.84009770728755 0.0146010398973227
-2.75 -2.5 31 32 76.41099554670035 0.01786346693964956
-2.75 -2.5 32 33 74.83269441208205 0.01657719933308339
-2.75 -2.5 33 34 73.14539729427923 0.01539470579416249
-2.75 -2.5 34 35 71.38152921840623 0.01430613353858436
-2.75 -2.5 35 36 69.56724399816272 0.01330274224302188
-2.75 -2.5 36 37 67.72361275256503 0.01237675683285696
-2.75 -2.5 37 38 65.86757604663916 0.01152124179629084
-2.75 -2.5 38 39 64.01270981097332 0.01072999580588587
-2.75 -2.5 39 40 62.16984379764764 0.009997459821127635
-2.75 -2.5 40 41 60.3475627957049 0.009318640056665623
-2.75 -2.5 41 42 58.55261408080511 0.008689040047081412
-2.75 -2.5 42 43 56.79023967138633 0.008104603739536009
-2.75 -2.5 43 44 55.06444802647388 0.007561664359980927
-2.75 -2.5 44 45 53.37823673758231 0.007056901490232591
-2.75 -2.5 45 46 51.73281593337737 0.00672859133427809
-2.75 -2.5 46 47 50.1315199621483 0.006799181641835026
-2.75 -2.5 47 48 48.57406174098324 0.005945725749717572
-2.75 -2.5 48 49 47.06088912517438 0.003925422070372367
-2.75 -2.5 49 50 45.5920301090066 0.001710208320470197
-2.5 -2.25 0 1 864.637092617835 0.001255051186703173
-2.5 -2.25 1 2 -7309.201821001945 0.0133514077618382
-2.5 -2.25 2 3 -6595.377798276068 0.04846277779250448
-2.5 -2.25 3 4 -4581.865425626071 0.04911806169170463
-2.5 -2.25 4 5 -3151.478038774219 0.04518954709625134
-2.5 -2.25 5 6 -2194.470939717708 0.04085578455600696
-2.5 -2.25 6 7 -1549.621218605738 0.03691843787667305
-2.5 -2.25 7 8 -1106.494573764469 0.03349585756577755
-2.5 -2.25 8 9 -795.4791999991535 0.03054757029783215
-2.5 -2.25 9 10 -572.8385935029737 0.0280039881959708
-2.5 -2.25 10 11 -410.7434292421019 0.02579708500152827
-2.5 -2.25 11 12 -291.0020034872812 0.02386937930576877
-2.5 -2.25 12 13 -201.480112521002 0.02217390841442132
-2.5 -2.25 13 14 -133.8992795196764 0.0206727910911679
-2.5 -2.25 14 15 -82.49567210161899 0.01933549642824263
-2.5 -2.25 15 16 -43.18134546911097 0.01813731638533848
-2.5 -2.25 16 17 -13.00819061289462 0.01705812901619146
-2.5 -2.25 17 18 10.18195514388503 0.01608142910757131
-2.5 -2.25 18 19 27.99030349683539 0.01519357719696235
-2.5 -2.25 19 20 41.61919641485895 0.01438321901159386
-2.5 -2.25 20 21 51.98122942802729 0.01364083540606557
-2.5 -2.25 21 22 59.77578584841956 0.01295839171973177
-2.5 -2.25 22 23 65.54350306684523 0.01232906282192674
-2.5 -2.25 23 24 69.70555596868167 0.01174701603311233
-2.5 -2.25 24 25 72.59233990993471 0.01120723853580118
-2.5 -2.25 25 26 74.46465130789954 0.01070539915298543
-2.5 -2.25 26 27 75.52949143442208 0.01023773693489599
-2.5 -2.25 27 28 75.95197164005572 0.009800970714337878
-2.5 -2.25 28 29 75.86436129819623 0.009392225238601897
-2.5 -2.25 29 30 75.37300709941741 0.01873158850821498
-2.5 -2.25 30 31 74.56376170393219 0.02030482709455983
-2.5 -2.25 31 32 73.50597261428794 0.01884709776367018
-2.5 -2.25 32 33 72.25593063332019 0.01750799182488463
-2.5 -2.25 33 34 70.85932661350716 0.01627606788113729
-2.5 -2.25 34 35 69.35330427774807 0.01514120218130631
-2.5 -2.25 35 36 67.76807516946513 0.01409440985598154
-2.5 -2.25 36 37 66.12821006767393 0.01312769426062746
-2.5 -2.25 37 38 64.45367637805901 0.01223391961508855
-2.5 -2.25 38 39 62.7606749557379 0.01140670188153407
-2.5 -2.25 39 40 61.06231775619699 0.0106403160814691
-2.5 -2.25 40 41 59.36917865050256 0.009929616874301127
-2.5 -2.25 41 42 57.68974256955326 0.009269969630818312
-2.5 -2.25 42 43 56.03077293284213 0.008738046643790808
-2.5 -2.25 43 44 54.39761310523986 0.008294948065176375
-2.5 -2.25 44 45 52.79443434401759 0.007881242520308467
-2.5 -2.25 45 46 51.22343955283793 0.007581728639595608
-2.5 -2.25 46 47 49.68895823892692 0.007535319337453671
-2.5 -2.25 47 48 48.19146828420199 0.006916281641363089
-2.5 -2.25 48 49 46.73213117136439 0.005697369291574005
-2.5 -2.25 49 50 45.31160963309966 0.004720759759555777
-2.25 -2 0 1 1243.024547852873 0.001416181779542629
-2.25 -2 1 2 -7160.016478752743 0.0840332652063028
-2.25 -2 2 3 -6799.494210198725 0.2402108743666162
-2.25 -2 3 4 -4790.924757714662 0.1577609162922343
-2.25 -2 4 5 -3324.264570956801 0.1133725712634311
-2.25 -2 5 6 -2331.350122165772 0.0860767946285496
-2.25 -2 6 7 -1657.290539566416 0.06783112137678914
-2.25 -2 7 8 -1191.483440809622 0.05491172597728234
-2.25 -2 8 9 -863.0184415620788 0.04536897687442013
-2.25 -2 9 10 -626.903508347425 0.03808787962466668
-2.25 -2 10 11 -454.315178919788 0.03238825999665688
-2.25 -2 11 12 -326.3230206162823 0.02783270934356302
-2.25 -2 12 13 -230.2510261687164 0.02412827647542764
-2.25 -2 13 14 -157.4233526361691 0.02107193367101165
-2.25 -2 14 15 -101.7825204598714 0.01851890467392513
-2.25 -2 15 16 -59.02132093990258 0.01636341757110807
-2.25 -2 16 17 -26.02606851618839 0.01452656572764678
-2.25 -2 17 18 -0.5121561732303235 0.01294840413482102
-2.25 -2 18 19 19.21922833619033 0.01158265946865678
-2.25 -2 19 20 34.44652181889342 0.01039310292887269
-2.25 -2 20 21 46.1421993054098 0.009351009538969989
-2.25 -2 21 22 55.05316601808761 0.008433344377457
-2.25 -2 22 23 61.75806892152275 0.007621445520557723
-2.25 -2 23 24 66.70870186282104 0.006900052875470125
-2.25 -2 24 25 70.26028739771175 0.006256582062673857
-2.25 -2 25 26 72.69387413846391 0.005680574610217061
-2.25 -2 26 27 74.23307508976279 0.00516327677139402
-2.25 -2 27 28 75.05669683571864 0.004697313476292687
-2.25 -2 28 29 75.30836544174394 0.02461018431295418
-2.25 -2 29 30 75.10385267467404 0.02281168653716396
-2.25 -2 30 31 74.53685830218831 0.02116420422886926
-2.25 -2 31 32 73.68339942122122 0.01965255487063869
-2.25 -2 32 33 72.60530509208263 0.01826338816800912
-2.25 -2 33 34 71.35296127658444 0.01698492555888141
-2.25 -2 34 35 69.96748735280124 0.01580674182542723
-2.25 -2 35 36 68.48247095279049 0.01471958230885907
-2.25 -2 36 37 66.92535747476057 0.01371520824439211
-2.25 -2 37 38 65.31856808649883 0.01278626550131517
-2.25 -2 38 39 63.68040306195172 0.01192617350289025
-2.25 -2 39 40 62.02577451915658 0.0111290294849929
-2.25 -2 40 41 60.36680303211648 0.0103895266453156
-2.25 -2 41 42 58.71330496816876 0.009702884133264389
-2.25 -2 42 43 57.07319188305979 0.009064785627016833
-2.25 -2 43 44 55.45279880967894 0.008471327102278924
-2.25 -2 44 45 53.85715479430769 0.00791897051749532
-2.25 -2 45 46 52.28916097496972 0.007563587496401684
-2.25 -2 46 47 50.75387979753268 0.007656930884418539
-2.25 -2 47 48 49.25230009259369 0.006707505879295142
-2.25 -2 48 49 47.78606827280186 0.004434939679979294
-2.25 -2 49 50 46.35627014855331 0.00193395318537181
-2 -1.75 0 1 1616.450845011248 0.0009791325506265961
-2 -1.75 1 2 -6970.764230783743 0.1065689861046695
-2 -1.75 2 3 -6939.199813291179 0.05021165262461868
-2 -1.75 3 4 -4954.366148207059 0.02958837166172444
-2 -1.75 4 5 -3472.229476349311 0.01936409806949703
-2 -1.75 5 6 -2458.775932822739 0.01346219496161119
-2 -1.75 6 7 -1765.588864062961 0.1232248339383799
-2 -1.75 7 8 -1283.347524310508 0.08849420707336382
-2 -1.75 8 9 -941.1142711072725 0.06404464093937953
-2 -1.75 9 10 -693.5581953506994 0.04624913705949148
-2 -1.75 10 11 -511.47105666072 0.03295769816737956
-2 -1.75 11 12 -375.5724599854568 0.02282531292912065
-2 -1.75 12 13 -272.8913919970764 0.01497353899337018
-2 -1.75 13 14 -194.5115061774623 0.008808095041008603
-2 -1.75 14 15 -134.1818119899642 0.003914900406158925
-2 -1.75 15 16 -87.44009672358993 2.26543601164906e-05
-2 -1.75 16 17 -51.04847083323739 0.00315829197388701
-2 -1.75 17 18 -22.62250401425604 0.005714726281323469
-2 -1.75 18 19 -0.3828000386226904 0.007792664509835249
-2 -1.75 19 20 17.01446544932332 0.009485179874027373
-2 -1.75 20 21 30.59511316001658 0.01086456767851678
-2 -1.75 21 22 41.14980896063378 0.01198762707781566
-2 -1.75 22 23 49.29329172771975 0.0128994430032079
-2 -1.75 23 24 55.50727831713414 0.01363613531411213
-2 -1.75 24 25 60.17192460333933 0.01422688556933822
-2 -1.75 25 26 63.58915471576825 0.01469545053337151
-2 -1.75 26 27 66.00013978972345 0.01506130579298016
-2 -1.75 27 28 67.59851865075416 0.01534051926442535
-2 -1.75 28 29 68.54048617051149 0.01554642499876736
-2 -1.75 29 30 68.95254920775267 0.01613071614194103
-2 -1.75 30 31 68.93829767239401 0.02276332225956875
-2 -1.75 31 32 68.58014380741156 0.02117455865258456
-2 -1.75 32 33 67.94739738505706 0.01971288723983366
-2 -1.75 33 34 67.09628465607113 0.01836620295145413
-2 -1.75 34 35 66.07298413291841 0.01712377936718468
-2 -1.75 35 36 64.91547894713773 0.01597608455843538
-2 -1.75 36 37 63.65504429369912 0.01491462372891933
-2 -1.75 37 38 62.31744735399184 0.01393180743617905
-2 -1.75 38 39 60.92391940469867 0.01302083770671352
-2 -1.75 39 40 59.49194648938095 0.0121756113733669
-2 -1.75 40 41 58.03591499717231 0.0113906369012008
-2 -1.75 41 42 56.56764051856885 0.01066096282794341
-2 -1.75 42 43 55.09680255298991 0.009982115150446733
-2 -1.75 43 44 53.63130291839263 0.009350043943247821
-2 -1.75 44 45 52.17756205603763 0.00876107645797688
-2 -1.75 45 46 50.73969557911994 0.008379420821665878
-2 -1.75 46 47 49.32391585352946 0.008470644049061834
-2 -1.75 47 48 47.93217074737143 0.00746252469841586
-2 -1.75 48 49 46.56698757154567 0.005056928832188999
-2 -1.75 49 50 45.23024007043114 0.002409345544801513
-1.75 -1.5 0 1 1951.319586044182 0.002171495640462847
-1.75 -1.5 1 2 -6797.588090199893 0.009197480657589303
-1.75 -1.5 2 3 -7061.550575413835 0.2783089026356876
-1.75 -1.5 3 4 -5076.922516320404 0.1387105475096289
-1.75 -1.5 4 5 -3566.771055656266 0.07449643740251906
-1.75 -1.5 5 6 -2528.815439623539 0.03990321539059802
-1.75 -1.5 6 7 -1817.322219289104 0.0194313438705563
-1.75 -1.5 7 8 -1321.767714539863 0.006556858401699691
-1.75 -1.5 8 9 -969.8914169498053 0.00191934066809705
-1.75 -1.5 9 10 -715.2396873687057 0.007594095534356483
-1.75 -1.5 10 11 -527.852533167732 0.01149830473788374
-1.75 -1.5 11 12 -387.9620084998571 0.01420730300864212
-1.75 -1.5 12 13 -282.2346997273346 0.01608540273922019
-1.75 -1.5 13 14 -201.5086284090562 0.01737536406581858
-1.75 -1.5 14 15 -139.3586181523776 0.01824133551219716
-1.75 -1.5 15 16 -91.19675807694011 0.01879712389390778
-1.75 -1.5 16 17 -53.6929463509 0.0191233283384677
-1.75 -1.5 17 18 -24.39408303628238 0.01927807783246072
-1.75 -1.5 18 19 -1.468942314132391 0.0193039574146576
-1.75 -1.5 19 20 16.46588808485103 0.01923258986793464
-1.75 -1.5 20 21 30.46678513268353 0.0190877344389975
-1.75 -1.5 21 22 41.34821769473331 0.01888742415798889
-1.75 -1.5 22 23 49.74361687400142 0.01864546603066921
-1.75 -1.5 23 24 56.14948214450146 0.01837251071405544
-1.75 -1.5 24 25 60.95773240058747 0.01807682607247029
-1.75 -1.5 25 26 64.47970253698452 0.01776486377882355
-1.75 -1.5 26 27 66.96414347492725 0.02060506569883027
-1.75 -1.5 27 28 68.61076634768847 0.01899482328350872
-1.75 -1.5 28 29 69.58072787916728 0.01753253395487704
-1.75 -1.5 29 30 70.0045565939248 0.01635224754898357
-1.75 -1.5 30 31 69.98836835067937 0.01601869631720552
-1.75 -1.5 31 32 69.61854906602383 0.01428556915940006
-1.75 -1.5 32 33 68.96619689724389 0.01325718964422054
-1.75 -1.5 33 34 68.08915418354496 0.01231358914389162
-1.75 -1.5 34 35 67.03506096626154 0.01144640647664352
-1.75 -1.5 35 36 65.84308807274181 0.01749858610859069
-1.75 -1.5 36 37 64.54550964954115 0.01639401310994328
-1.75 -1.5 37 38 63.1827713601466 0.01612053624766684
-1.75 -1.5 38 39 61.74868071683898 0.01463193047326388
-1.75 -1.5 39 40 60.27545506414071 0.01328742448995242
-1.75 -1.5 40 41 58.77791382262649 0.01234228879681193
-1.75 -1.5 41 42 57.26822265708654 0.01158650590200985
-1.75 -1.5 42 43 55.75634245261762 0.01088218174893245
-1.75 -1.5 43 44 54.25039950120242 0.01022529331418342
-1.75 -1.5 44 45 52.75699155311111 0.00961218581227821
-1.75 -1.5 45 46 51.28032788413105 0.009213849487211509
-1.75 -1.5 46 47 49.82681667988541 0.009307892517811009
-1.75 -1.5 47 48 48.39844217531498 0.008261602816030911
-1.75 -1.5 48 49 46.99778965158188 0.005774496721746476
-1.75 -1.5 49 50 45.6267797225228 0.003158525503385979
-1.5 -1.25 0 1 2285.743931183642 0.02984720502731251
-1.5 -1.25 1 2 -6589.726510714536 0.05197896329599917
-1.5 -1.25 2 3 -7156.736760096102 0.25990837393575
-1.5 -1.25 3 4 -5197.080098728082 0.1651967328745034
-1.5 -1.25 4 5 -3674.783506218732 0.1312463216561388
-1.5 -1.25 5 6 -2620.533131192825 0.1022301322527752
-1.5 -1.25 6 7 -1894.241947832068 0.08244170697380074
-1.5 -1.25 7 8 -1386.298876053108 0.06818675545057037
-1.5 -1.25 8 9 -1024.260861923723 0.0574955533797153
-1.5 -1.25 9 10 -761.3869295143568 0.04922167697790635
-1.5 -1.25 10 11 -567.2006551267482 0.04266040007992653
-1.5 -1.25 11 12 -421.7357880383693 0.03735110090452021
-1.5 -1.25 12 13 -311.3901798662989 0.03298264896211826
-1.5 -1.25 13 14 -226.8126053162187 0.02933740707301991
-1.5 -1.25 14 15 -161.4300065010261 0.02625884722401357
-1.5 -1.25 15 16 -110.5385484619701 0.02363169505336271
-1.5 -1.25 16 17 -70.71673932003387 0.02136930660225871
-1.5 -1.25 17 18 -39.43894198196335 0.01940538866719609
-1.5 -1.25 18 19 -14.81594655236586 0.0176884192126791
-1.5 -1.25 19 20 4.582338607338897 0.01617779702352957
-1.5 -1.25 20 21 19.85012639743263 0.01484112836819107
-1.5 -1.25 21 22 31.83275320613188 0.01365227887244946
-1.5 -1.25 22 23 41.18898726549207 0.01258995120360928
-1.5 -1.25 23 24 48.4362455885863 0.01163663082049915
-1.5 -1.25 24 25 53.98380937605498 0.01077779380344851
-1.5 -1.25 25 26 58.15749803473352 0.01000130412413332
-1.5 -1.25 26 27 61.21818837199692 0.009296949829822545
-1.5 -1.25 27 28 63.37586331783143 0.02020122123266052
-1.5 -1.25 28 29 64.80027249072987 0.01867870533965623
-1.5 -1.25 29 30 65.629300727344 0.01729158936647805
-1.5 -1.25 30 31 65.97530910822059 0.02460166888008212
-1.5 -1.25 31 32 65.93020635653045 0.02295881348042837
-1.5 -1.25 32 33 65.56934631277221 0.02144358541966763
-1.5 -1.25 33 34 64.9546917736522 0.02004409525929443
-1.5 -1.25 34 35 64.13729565180279 0.0187497847552724
-1.5 -1.25 35 36 63.15929439710845 0.01755125092444676
-1.5 -1.25 36 37 62.05551138673167 0.01644009648913719
-1.5 -1.25 37 38 60.85475252848374 0.01540880299063505
-1.5 -1.25 38 39 59.58085762258878 0.01445062242905281
-1.5 -1.25 39 40 58.25355690859999 0.01355948423196017
-1.5 -1.25 40 41 56.88917159182517 0.01272991508465904
-1.5 -1.25 41 42 55.5011886653466 0.01195697038318504
-1.5 -1.25 42 43 54.10073420130982 0.01123617370072103
-1.5 -1.25 43 44 52.69696423075698 0.01056346524623423
-1.5 -1.25 44 45 51.29738845468114 0.009935156059180798
-1.5 -1.25 45 46 49.90700093534517 0.009531811743484039
-1.5 -1.25 46 47 48.53297190818486 0.009646609253287915
-1.5 -1.25 47 48 47.17788448876175 0.008554985364192505
-1.5 -1.25 48 49 45.84489231089438 0.005926470743116605
-1.5 -1.25 49 50 44.53642063074474 0.003443386099565144
-1.25 -1 0 1 2557.820208694092 0.01215484810683201
-1.25 -1 1 2 -6454.174039540228 0.02308189146035102
-1.25 -1 2 3 -7270.329901594863 0.1775460340031767
-1.25 -1 3 4 -5320.350083363705 0.1123413120383795
-1.25 -1 4 5 -3778.855368479103 0.07813361985906511
-1.25 -1 5 6 -2704.17219173694 0.05753010000956125
-1.25 -1 6 7 -1960.847889435388 0.04400475818371628
-1.25 -1 7 8 -1439.450362902865 0.03458506152765664
-1.25 -1 8 9 -1066.905658544152 0.02773391292690496
-1.25 -1 9 10 -795.8168436309329 0.0225828399552289
-1.25 -1 10 11 -595.1631393496505 0.01860922522551847
-1.25 -1 11 12 -444.5613443686393 0.01547744533141455
-1.25 -1 12 13 -330.1018974196786 0.0129661035208257
-1.25 -1 13 14 -242.2034971974178 0.01092273345049727
-1.25 -1 14 15 -174.1206899217148 0.009239457027653287
-1.25 -1 15 16 -121.0193066662162 0.007838045904101322
-1.25 -1 16 17 -79.3783275634421 0.006660559869879346
-1.25 -1 17 18 -46.59533622690697 0.005663288348995148
-1.25 -1 18 19 -20.72130947772598 0.004812718640905927
-1.25 -1 19 20 -0.2791282925470568 0.004082786657640784
-1.25 -1 20 21 15.8627118567299 0.003452961315125601
-1.25 -1 21 22 28.57935190467674 0.002906883977539784
-1.25 -1 22 23 38.55355286086876 0.002431385382509815
-1.25 -1 23 24 46.32217379460337 0.002015764243456526
-1.25 -1 24 25 52.31034586529711 0.001651250405550473
-1.25 -1 25 26 56.85688187679682 0.001330600229046377
-1.25 -1 26 27 60.23336477488203 0.001047788070912991
-1.25 -1 27 28 62.65864343894123 0.02084924245987901
-1.25 -1 28 29 64.30983113326386 0.019287084983089
-1.25 -1 29 30 65.33096757815497 0.01786336896235492
-1.25 -1 30 31 65.83957734458443 0.01656311733857741
-1.25 -1 31 32 65.93188643319934 0.01537331498711618
-1.25 -1 32 33 65.68691490674269 0.01428260533275057
-1.25 -1 33 34 65.16972001836274 0.01328104093805776
-1.25 -1 34 35 64.43398062488353 0.01235987726407582
-1.25 -1 35 36 63.52406748207108 0.0115114010262978
-1.25 -1 36 37 62.47670766287155 0.01773492140294772
-1.25 -1 37 38 61.3223412570718 0.01662362880936327
-1.25 -1 38 39 60.08620155290998 0.01559117105778383
-1.25 -1 39 40 58.78921753416853 0.01463100105798563
-1.25 -1 40 41 57.44874160191864 0.0137372151083842
-1.25 -1 41 42 56.07914938462153 0.01290447832570265
-1.25 -1 42 43 54.692333997579 0.01212796112919291
-1.25 -1 43 44 53.29811456141982 0.01140328242311724
-1.25 -1 44 45 51.90457479888994 0.01072646186654698
-1.25 -1 45 46 50.51717826665725 0.01028345542698804
-1.25 -1 46 47 49.14358566321587 0.01037667771502721
-1.25 -1 47 48 47.78673328688552 0.009228059182539612
-1.25 -1 48 49 46.45010220479216 0.006497325329800895
-1.25 -1 49 50 45.13640459003875 0.003497637429980396
-1 -0.75 0 1 2802.80104928292 0.00113754733888156
-1 -0.75 1 2 -6293.985544587587 0.1291632279664072
-1 -0.75 2 3 -7326.315621811369 0.1519586255627662
-1 -0.75 3 4 -5389.826090415934 0.04926891445777407
-1 -0.75 4 5 -3837.303127088991 0.006089975831614067
-1 -0.75 5 6 -2750.376857717022 0.0149598320501624
-1 -0.75 6 7 -1997.020957102942 0.02601313623494824
-1 -0.75 7 8 -1467.885377703292 0.03198277941932005
-1 -0.75 8 9 -1089.428220133373 0.03515602624662235
-1 -0.75 9 10 -813.800475339619 0.03670589822973939
-1 -0.75 10 11 -609.6344968099661 0.03727659252753982
-1 -0.75 11 12 -456.2809493236841 0.03724366844021029
-1 -0.75 12 13 -339.6460656974746 0.0368334150699529
-1 -0.75 13 14 -250.0127766329558 0.03618743587777544
-1 -0.75 14 15 -180.5358306114779 0.03539647749147023
-1 -0.75 15 16 -126.3067435716239 0.03451982755766726
-1 -0.75 16 17 -83.74842971871067 0.03359676812523107
-1 -0.75 17 18 -50.21564848155708 0.03265356240759816
-1 -0.75 18 19 -23.72629277898159 0.0317078372361482
-1 -0.75 19 20 -2.77742022759594 0.03077139853785365
-1 -0.75 20 21 13.78281685516799 0.02985207796220097
-1 -0.75 21 22 26.84571815486561 0.02895496595004978
-1 -0.75 22 23 37.10697467937757 0.02808324800462737
-1 -0.75 23 24 45.11386030835524 0.02723877952242397
-1 -0.75 24 25 51.29634478978176 0.003600151944509793
-1 -0.75 25 26 56.00737939024827 0.003535406304099397
-1 -0.75 26 27 59.52051011519313 0.003468836287047154
-1 -0.75 27 28 62.0592099519954 0.02138688682130486
-1 -0.75 28 29 63.8043811400147 0.02944637355196606
-1 -0.75 29 30 64.90327883377597 0.0273433976729166
-1 -0.75 30 31 65.47602554482773 0.02541435544147781
-1 -0.75 31 32 65.62103590698382 0.02364194860855839
-1 -0.75 32 33 65.41915896156524 0.02201094685561462
-1 -0.75 33 34 64.93698418328574 0.02050789664109071
-1 -0.75 34 35 64.22947694858556 0.01912087674227141
-1 -0.75 35 36 63.34209045093604 0.01783929287732738
-1 -0.75 36 37 62.31246630929161 0.01665370403931211
-1 -0.75 37 38 61.17181024803278 0.01555567449055707
-1 -0.75 38 39 59.9460096589321 0.0145376486531712
-1 -0.75 39 40 58.65654506315423 0.01359284262387648
-1 -0.75 40 41 57.32123634744931 0.01271515235117441
-1 -0.75 41 42 55.95485574218083 0.01189907356006121
-1 -0.75 42 43 54.56963306807523 0.01113963278651368
-1 -0.75 43 44 53.17567344431961 0.01043232748836585
-1 -0.75 44 45 51.78130358926933 0.009773074217396248
-1 -0.75 45 46 50.39216823728435 0.009353912557411338
-1 -0.75 46 47 49.01615280003617 0.009487014104256208
-1 -0.75 47 48 47.65631136332343 0.00833457290813318
-1 -0.75 48 49 46.31624962905082 0.005539913968253106
-1 -0.75 49 50 44.99878318743345 0.002723254590777042
-0.75 -0.5 0 1 2997.063792873706 0.0129052859277357
-0.75 -0.5 1 2 -6168.687334563538 0.01026624054349258
-0.75 -0.5 2 3 -7376.4191645919 0.2330628164772526
-0.75 -0.5 3 4 -5454.222868220473 0.1488919859407582
-0.75 -0.5 4 5 -3894.618493945441 0.1037581401170875
-0.75 -0.5 5 6 -2798.310828424591 0.0762510645919124
-0.75 -0.5 6 7 -2036.636479812288 0.05806681575822537
-0.75 -0.5 7 8 -1500.689688307977 0.04534780095928199
-0.75 -0.5 8 9 -1116.759384710845 0.03607560237931799
-0.75 -0.5 9 10 -836.7361881940542 0.02909504559861989
-0.75 -0.5 10 11 -629.0252989478458 0.02370833931585408
-0.75 -0.5 11 12 -472.786748671549 0.01946507312129568
-0.75 -0.5 12 13 -353.786239804394 0.01606611853844993
-0.75 -0.5 13 14 -262.1981741651641 0.01330498214068325
-0.75 -0.5 14 15 -191.0942476197636 0.01103515145960279
-0.75 -0.5 15 16 -135.5019627994661 0.009150143114740446
-0.75 -0.5 16 17 -91.79446113170661 0.007570946635549631
-0.75 -0.5 17 18 -57.28744625354261 0.006237869414375672
-0.75 -0.5 18 19 -29.96788935852351 0.005105093138773282
-0.75 -0.5 19 20 -8.308158049457006 0.004136952016234611
-0.75 -0.5 20 21 8.863465747344435 0.003305333780229587
-0.75 -0.5 21 22 22.45439033503908 0.00258783045768126
-0.75 -0.5 22 23 33.17345372199725 0.001966400767069938
-0.75 -0.5 23 24 41.57872622798425 0.00142638973800872
-0.75 -0.5 24 25 48.11269444589686 0.0009558075520820009
-0.75 -0.5 25 26 53.12844836533543 0.0005448347342317684
-0.75 -0.5 26 27 56.90937396060883 0.0001860706742765421
-0.75 -0.5 27 28 59.68410317453049 0.0001344566743537081
-0.75 -0.5 28 29 61.63797694680034 0.02040765455432088
-0.75 -0.5 29 30 62.92183032992614 0.01892423685029416
-0.75 -0.5 30 31 63.65895371220427 0.01756841033828459
-0.75 -0.5 31 32 63.95042215061221 0.01632679159853608
-0.75 -0.5 32 33 63.87935735782196 0.01518769679236604
-0.75 -0.5 33 34 63.51429651455226 0.0141408867839507
-0.75 -0.5 34 35 62.91187934584821 0.01317735626692339
-0.75 -0.5 35 36 62.11900264214097 0.01228915818494975
-0.75 -0.5 36 37 61.17454281744125 0.01868396671928247
-0.75 -0.5 37 38 60.11081534654431 0.01753548931648246
-0.75 -0.5 38 39 58.95463382802325 0.01646745939649808
-0.75 -0.5 39 40 57.72829838435257 0.01547325717590413
-0.75 -0.5 40 41 56.4503448090648 0.01454690847494022
-0.75 -0.5 41 42 55.13617211438469 0.01368301131599383
-0.75 -0.5 42 43 53.79856010235926 0.01287667078114169
-0.75 -0.5 43 44 52.44809752490391 0.01212344408532262
-0.75 -0.5 44 45 51.0935372754509 0.01141929120760651
-0.75 -0.5 45 46 49.74088466203511 0.01096073054720162
-0.75 -0.5 46 47 48.39838684822342 0.0110676553723216
-0.75 -0.5 47 48 47.06937131373815 0.009861445192394449
-0.75 -0.5 48 49 45.75770525886372 0.006978883907583468
-0.75 -0.5 49 50 44.4664380450258 0.003950023298384561
-0.5 -0.25 0 1 3126.538310876458 0.0009958849613455204
-0.5 -0.25 1 2 -6091.039593420854 0.229186486165032
-0.5 -0.25 2 3 -7416.508536449008 0.1137967580010973
-0.5 -0.25 3 4 -5502.691615392536 0.06942675441700522
-0.5 -0.25 4 5 -3937.11198536142 0.1911252652063693
-0.5 -0.25 5 6 -2833.398357017705 0.1428418981228911
-0.5 -0.25 6 7 -2065.255258373365 0.1107584279588742
-0.5 -0.25 7 8 -1524.051794791824 0.0881857841319318
-0.5 -0.25 8 9 -1135.924765954426 0.07162303935221365
-0.5 -0.25 9 10 -852.5540566086438 0.05907296580190088
-0.5 -0.25 10 11 -642.1620789575168 0.04931703297409104
-0.5 -0.25 11 12 -483.7581388673252 0.04157536596508234
-0.5 -0.25 12 13 -362.9961183827163 0.03532602798538
-0.5 -0.25 13 14 -269.9645254432648 0.03020839781378442
-0.5 -0.25 14 15 -197.669536406733 0.02596601116265321
-0.5 -0.25 15 16 -141.0883322638767 0.02241201549229547
-0.5 -0.25 16 17 -96.55507290861533 0.01940741099447665
-0.5 -0.25 17 18 -61.35499065320005 0.01684690363536544
-0.5 -0.25 18 19 -33.45102453481468 0.01464945090941255
-0.5 -0.25 19 20 -11.29642718082778 0.0127517895717972
-0.5 -0.25 20 21 6.295844080924326 0.01110390947837124
-0.5 -0.25 21 22 20.24557349027168 0.009665827880311376
-0.5 -0.25 22 23 31.27166109839595 0.008405251124002
-0.5 -0.25 23 24 39.94040865458032 0.007295853474661234
-0.5 -0.25 24 25 46.70107493574051 0.00631599253866022
-0.5 -0.25 25 26 51.91235075608029 0.005447738329498212
-0.5 -0.25 26 27 55.86229103820699 0.02374326305933091
-0.5 -0.25 27 28 58.78338272284896 0.02195293114095892
-0.5 -0.25 28 29 60.86422628769594 0.02032392288361112
-0.5 -0.25 29 30 62.25842556775967 0.0188383838537931
-0.5 -0.25 30 31 63.09154830442219 0.02678256291401358
-0.5 -0.25 31 32 63.46667789941012 0.02498083088212782
-0.5 -0.25 32 33 63.46857967471578 0.02331962749336291
-0.5 -0.25 33 34 63.16721311646518 0.02178581685278998
-0.5 -0.25 34 35 62.6204343889197 0.02036773773982169
-0.5 -0.25 35 36 61.87618350566964 0.01905500728931026
-0.5 -0.25 36 37 60.97424724522631 0.01783835691347191
-0.5 -0.25 37 38 59.94768661929209 0.01670949018261143
-0.5 -0.25 38 39 58.82399763053974 0.01566096348299528
-0.5 -0.25 39 40 57.62605888950014 0.01468608277000177
-0.5 -0.25 40 41 56.37290821037868 0.01377881483580049
-0.5 -0.25 41 42 55.08038115882897 0.01293371040929385
-0.5 -0.25 42 43 53.76163790234477 0.01214583884675316
-0.5 -0.25 43 44 52.42759922099219 0.01141072892972511
-0.5 -0.25 44 45 51.08730835519532 0.01072432004382071
-0.5 -0.25 45 46 49.74701391626866 0.01028625928480085
-0.5 -0.25 46 47 48.41520859709397 0.01042147333272655
-0.5 -0.25 47 48 47.09540534144742 0.009221337607379721
-0.5 -0.25 48 49 45.79164397718714 0.006313841484786691
-0.5 -0.25 49 50 44.50712677771287 0.00309685975531413
-0.25 0 0 1 3192.358548751344 0.02517734650655875
-0.25 0 1 2 -6050.344465620596 0.05960203785346471
-0.25 0 2 3 -7434.85055118173 0.2367735364318989
-0.25 0 3 4 -5524.487182683692 0.1531065774149522
-0.25 0 4 5 -3955.342193709812 0.1086293566978253
-0.25 0 5 6 -2847.748663538151 0.08153682000480167
-0.25 0 6 7 -2076.387288546052 0.0635686965683941
-0.25 0 7 8 -1532.675294337458 0.05093324468023279
-0.25 0 8 9 -1142.618377477335 0.04165909467138096
-0.25 0 9 10 -857.7601798226847 0.03462302679151146
-0.25 0 10 11 -646.215504370361 0.02914623648616138
-0.25 0 11 12 -486.9095833658271 0.0247918816690814
-0.25 0 12 13 -365.4366471842955 0.02126925768153075
-0.25 0 13 14 -271.8408475736605 0.01837753164673668
-0.25 0 14 15 -199.09547114712 0.01597397212148689
-0.25 0 15 16 -142.1530470932562 0.01395463018955756
-0.25 0 16 17 -97.32904315939118 0.01224219161415309
-0.25 0 17 18 -61.89435667086764 0.01077808945523406
-0.25 0 18 19 -33.80081553549689 0.009517238732644458
-0.25 0 19 20 -11.49297584388864 0.008424435007418307
-0.25 0 20 21 6.223071669131514 0.007471837610675171
-0.25 0 21 22 20.27257553355048 0.006637176914474348
-0.25 0 22 23 31.37881448496523 0.005902455329731327
-0.25 0 23 24 40.11162069898842 0.005252991438254889
-0.25 0 24 25 46.92311501359461 0.004676706695559702
-0.25 0 25 26 52.1743197089437 0.004163586377714166
-0.25 0 26 27 56.15518264096238 0.00370526740679633
-0.25 0 27 28 59.09980420591171 0.02245856389342258
-0.25 0 28 29 61.19802463185817 0.02080885505552607
-0.25 0 29 30 62.60453295015418 0.0193038026280709
-0.25 0 30 31 63.44578073842194 0.02727452952132167
-0.25 0 31 32 63.82558589506823 0.02545177009670657
-0.25 0 32 33 63.82932488037829 0.02377068514358513
-0.25 0 33 34 63.52746677265304 0.02221806344402507
-0.25 0 34 35 62.97829328017377 0.02078217353166176
-0.25 0 35 36 62.23010021700799 0.01945256772394306
-0.25 0 36 37 61.32297214198331 0.01821991683957371
-0.25 0 37 38 60.29021946447824 0.01707586866955613
-0.25 0 38 39 59.15954715304809 0.01601292773900745
-0.25 0 39 40 57.95400892867349 0.0150243518347259
-0.25 0 40 41 56.69278931540441 0.01410406305409891
-0.25 0 41 42 55.39184672513608 0.01324657104839873
-0.25 0 42 43 54.06444408902763 0.01244690643597901
-0.25 0 43 44 52.72158802745946 0.01170056252743296
-0.25 0 44 45 51.37239334368127 0.01100344547577499
-0.25 0 45 46 50.02316117114225 0.01055659615104594
-0.25 0 46 47 48.68244796970436 0.01068726052796784
-0.25 0 47 48 47.35380103795296 0.009473210816587667
-0.25 0 48 49 46.04129340631667 0.006538913676043567
-0.25 0 49 50 44.74815432898623 0.00329114431232913
0 0.25 0 1 3191.827632583891 0.02517734488889705
0 0.25 1 2 -6051.327941237683 0.0596020381838181
0 0.25 2 3 -7435.476796243966 0.2367735369538605
0 0.25 3 4 -5524.652072306721 0.1531065770247494
0 0.25 4 5 -3955.254485097954 0.1086293553839636
0 0.25 5 6 -2847.56387646129 0.08153681840911377
0 0.25 6 7 -2076.18093217609 0.06356869502998858
0 0.25 7 8 -1532.480035793687 0.05093324442657558
0 0.25 8 9 -1142.445623997179 0.04165908483246471
0 0.25 9 10 -857.6116625853206 0.03462302676648397
0 0.25 10 11 -646.0897470736063 0.02914623566248616
0 0.25 11 12 -486.8028692266507 0.02479188097663433
0 0.25 12 13 -365.3454405235652 0.02126925710221771
0 0.25 13 14 -271.7620228944679 0.01837753116861295
0 0.25 14 15 -199.0264618671879 0.01597397173174704
0 0.25 15 16 -142.0918340104813 0.01395462987813268
0 0.25 16 17 -97.27407991180826 0.01224219137042525
0 0.25 17 18 -61.84447895326093 0.01077808927097583
0 0.25 18 19 -33.75515505434601 0.009517238599283872
0 0.25 19 20 -11.45088702854264 0.008424434916864194
0 0.25 20 21 6.262070456986066 0.007471837555882885
0 0.25 21 22 20.30884734955839 0.006637176888609047
0 0.25 22 23 31.41263780348572 0.005902455327578591
0 0.25 23 24 40.1432143386171 0.005252991455097158
0 0.25 24 25 46.95265605879706 0.004676706728308286
0 0.25 25 26 52.20195616931267 0.004163586422477413
0 0.25 26 27 56.1810422379034 0.003705267461343312
0 0.25 27 28 59.12400036172733 0.02245856390287483
0 0.25 28 29 61.22066047256703 0.02080885506483839
0 0.25 29 30 62.62570392265752 0.01930380263759343
0 0.25 30 31 63.46557627091761 0.02727583726206393
0 0.25 31 32 63.84409045317568 0.02545298142182914
0 0.25 32 33 63.84661856291825 0.02377180402294956
0 0.25 33 34 63.54362567718192 0.0222190944928744
0 0.25 34 35 62.99338970576309 0.0207831218495824
0 0.25 35 36 62.24420278022495 0.01945343860400358
0 0.25 36 37 61.33614585135314 0.01822071559729444
0 0.25 37 38 60.30252578204244 0.017076600508645
0 0.25 38 39 59.17104405856372 0.01601359777698546
0 0.25 39 40 57.96475099473543 0.01502496485105666
0 0.25 40 41 56.70282779806888 0.01410462367291402
0 0.25 41 42 55.40122966849526 0.01324708361485515
0 0.25 42 43 54.0732164444986 0.01244737479139557
0 0.25 43 44 52.72979178339267 0.01170099053227067
0 0.25 44 45 51.38006766359439 0.01100383651685197
0 0.25 45 46 50.0303425065627 0.01055695562513446
0 0.25 46 47 48.68917030050591 0.01068759710572979
0 0.25 47 48 47.36009588500639 0.009473511601193177
0 0.25 48 49 46.04719004911206 0.006539163080502158
0 0.25 49 50 44.753679941115 0.0032913434002279
0.25 0.5 0 1 3125.044192509444 0.0009955824153268346
0.25 0.5 1 2 -6093.796043714943 0.2291864817947022
0.25 0.5 2 3 -7418.24625314405 0.1137967536397897
0.25 0.5 3 4 -5503.135224291987 0.06942675343114879
0.25 0.5 4 5 -3936.858634763204 0.191125266187396
0.25 0.5 5 6 -2832.883676248329 0.1428419002616249
0.25 0.5 6 7 -2064.686894998479 0.1107584308047318
0.25 0.5 7 8 -1523.517794441457 0.08818578597434296
0.25 0.5 8 9 -1135.45449225185 0.07162322673300714
0.25 0.5 9 10 -852.1514426457038 0.05907261728288815
0.25 0.5 10 11 -641.8216473029747 0.04931703553627708
0.25 0.5 11 12 -483.4692687989682 0.04157536822025651
0.25 0.5 12 13 -362.7487997951898 0.0353260299435945
0.25 0.5 13 14 -269.7500623557271 0.03020839949856095
0.25 0.5 14 15 -197.4808905971386 0.02596601260398858
0.25 0.5 15 16 -140.9200434701661 0.02241201672042989
0.25 0.5 16 17 -96.40301995613549 0.01940741203816144
0.25 0.5 17 18 -61.21611883157721 0.01684690451905449
0.25 0.5 18 19 -33.32309408471724 0.01464945165603292
0.25 0.5 19 20 -11.17780265818465 0.01275179020117082
0.25 0.5 20 21 6.406360526286562 0.01110391000904883
0.25 0.5 21 22 20.3488691405405 0.00966582832619853
0.25 0.5 22 23 31.36840670613287 0.008405251497530115
0.25 0.5 23 24 40.03112641763403 0.007295853786433446
0.25 0.5 24 25 46.78618658000823 0.006315992799053162
0.25 0.5 25 26 51.99221082975623 0.005447738544824112
0.25 0.5 26 27 55.9372094481721 0.02374326309381993
0.25 0.5 27 28 58.85363960153052 0.02195293116710874
0.25 0.5 28 29 60.93008149645107 0.02032392290260236
0.25 0.5 29 30 62.32012453000516 0.01883838386738045
0.25 0.5 30 31 63.14932538064716 0.02678569831230257
0.25 0.5 31 32 63.52075820435334 0.02498359192835543
0.25 0.5 32 33 63.51917985822661 0.02332205951484887
0.25 0.5 33 34 63.21454160428459 0.02178795950796296
0.25 0.5 34 35 62.66469131025292 0.02036962544300643
0.25 0.5 35 36 61.91756049234556 0.01905667035227707
0.25 0.5 36 37 61.0129272123275 0.01783982146249374
0.25 0.5 37 38 59.98384358959373 0.01671077931908916
0.25 0.5 38 39 58.85779663471851 0.01566209757412583
0.25 0.5 39 40 57.65765595424466 0.01468707943479156
0.25 0.5 40 41 56.40245043386801 0.0137796896308177
0.25 0.5 41 42 55.10800686634383 0.01293447720822604
0.25 0.5 42 43 53.78747687128009 0.01214650959974873
0.25 0.5 43 44 52.45177296098859 0.01141131430856995
0.25 0.5 44 45 51.10993043329648 0.01072482955143739
0.25 0.5 45 46 49.76819025588964 0.01028670780562224
0.25 0.5 46 47 48.43503802350142 0.0104218853021631
0.25 0.5 47 48 47.11397968698955 0.009221674030320676
0.25 0.5 48 49 45.80904864590622 0.006314054215283115
0.25 0.5 49 50 44.52344111463012 0.003096946886639413
0.5 0.75 0 1 2994.654741412824 0.01290528095145965
0.5 0.75 1 2 -6173.122762670945 0.01026623540505554
0.5 0.75 2 3 -7379.193223871084 0.2330628174182382
0.5 0.75 3 4 -5454.898680366485 0.1488919873197235
0.5 0.75 4 5 -3894.173300545959 0.1037581411074218
0.5 0.75 5 6 -2797.455182430681 0.07625106486917949
0.5 0.75 6 7 -2035.705976653407 0.05806681536510468
0.5 0.75 7 8 -1499.823647296211 0.04534812189618318
0.5 0.75 8 9 -1116.002560393031 0.03607454495222474
0.5 0.75 9 10 -836.0918597571199 0.02909583250646334
0.5 0.75 10 11 -628.4833914585611 0.02370833825758375
0.5 0.75 11 12 -472.3289851195373 0.01946507214847723
0.5 0.75 12 13 -353.3958533674424 0.01606611766541762
0.5 0.75 13 14 -261.8607811289532 0.01330498136490441
0.5 0.75 14 15 -190.798294594465 0.01103515077212538
0.5 0.75 15 16 -135.2385317470321 0.009150142505181744
0.5 0.75 16 17 -91.5568453015951 0.007570946094327422
0.5 0.75 17 18 -57.0706885749089 0.006237868930873892
0.5 0.75 18 19 -29.76836466967188 0.005105092703673365
0.5 0.75 19 20 -8.123226693845254 0.004136951621292923
0.5 0.75 20 21 9.035730571652948 0.003305333418168783
0.5 0.75 21 22 22.6154096642183 0.002587830118822347
0.5 0.75 22 23 33.32429590929337 0.001966400442614188
0.5 0.75 23 24 41.72021756478216 0.001426389415351357
0.5 0.75 24 25 48.24549746253126 0.0009558072072484915
0.5 0.75 25 26 53.2531161303466 0.000544834307872011
0.5 0.75 26 27 57.02638692363053 0.000186069808488089
0.5 0.75 27 28 59.79389355172634 0.0001344558670865269
0.5 0.75 28 29 61.74094438177019 0.02040765455098058
0.5 0.75 29 30 63.01835156779157 0.01892423684800361
0.5 0.75 30 31 63.74938826010691 0.01756841033709074
0.5 0.75 31 32 64.03511532519781 0.01632679159836985
0.5 0.75 32 33 63.95864169645404 0.01518769679222258
0.5 0.75 33 34 63.58849221794151 0.01414088678459874
0.5 0.75 34 35 62.98129419959281 0.01317735626799465
0.5 0.75 35 36 62.18393170683765 0.01228915818626102
0.5 0.75 36 37 61.2352680671907 0.01868507064224277
0.5 0.75 37 38 60.16760536687582 0.01753649551856041
0.5 0.75 38 39 59.00774361869918 0.01646837596698818
0.5 0.75 39 40 57.77796929928672 0.01547409135919917
0.5 0.75 40 41 56.49680463173331 0.01454766702516479
0.5 0.75 41 42 55.17963525887285 0.0136837001546834
0.5 0.75 42 43 53.83922792441547 0.01287729562361992
0.5 0.75 43 44 52.48615872323381 0.01212400997704352
0.5 0.75 44 45 51.12916836428695 0.01141980289010406
0.5 0.75 45 46 49.77425042638708 0.01096120333788721
0.5 0.75 46 47 48.4296411123363 0.0110681209272454
0.5 0.75 47 48 47.0986571340253 0.009861832340158068
0.5 0.75 48 49 45.78515576996764 0.006979106801730621
0.5 0.75 49 50 44.4921770170522 0.003950068324692141
0.75 1 0 1 2799.516329171424 0.001138470476845587
0.75 1 1 2 -6300.036206060932 0.1291632511420702
0.75 1 2 3 -7330.105144817997 0.1519586300102561
0.75 1 3 4 -5390.753477734881 0.04926891443507387
0.75 1 4 5 -3836.696056929443 0.00608997508189537
0.75 1 5 6 -2749.203526669374 0.01495982607925078
0.75 1 6 7 -1995.74076478815 0.0260131305681763
0.75 1 7 8 -1466.690594890818 0.0319829547504458
0.75 1 8 9 -1088.381911031464 0.03515612200187696
0.75 1 9 10 -812.9077568303555 0.0367058683621304
0.75 1 10 11 -608.8831213754574 0.03727658993563697
0.75 1 11 12 -455.6461561881729 0.03724366640688551
0.75 1 12 13 -339.1051347687305 0.03683341348401822
0.75 1 13 14 -249.5460671794506 0.03618743465012435
0.75 1 14 15 -180.1274580249169 0.03539647654847073
0.75 1 15 16 -125.9443602919634 0.03451982684025981
0.75 1 16 17 -83.4226787032926 0.03359676758216277
0.75 1 17 18 -49.91955453832179 0.03265356200273183
0.75 1 18 19 -23.45470587489899 0.03170783693756911
0.75 1 19 20 -2.526550650682566 0.03077139832129999
0.75 1 20 21 14.01576650746733 0.02985207780867501
0.75 1 21 22 27.06283408172703 0.02895496584362188
0.75 1 22 23 37.30984093489633 0.02808324793357423
0.75 1 23 24 45.30371092315158 0.02723877947862319
0.75 1 24 25 51.47417234473244 0.003600151770465771
0.75 1 25 26 56.1740110922517 0.003535406235548294
0.75 1 26 27 59.67666010803919 0.003468836292405162
0.75 1 27 28 62.20551455849807 0.02138688683000754
0.75 1 28 29 63.94142204766104 0.02944877659111801
0.75 1 29 30 65.03159797390094 0.02734590529988501
0.75 1 30 31 65.59613424755412 0.0254169075150683
0.75 1 31 32 65.73342033331312 0.02364449937707157
0.75 1 32 33 65.52428311579399 0.02201346197346199
0.75 1 33 34 65.0352914397908 0.02051035090437529
0.75 1 34 35 64.32139072001667 0.01912325220571358
0.75 1 35 36 63.42801441111976 0.01784157715464416
0.75 1 36 37 62.39278443591485 0.01665588907174911
0.75 1 37 38 61.24688684483243 0.01555775585736339
0.75 1 38 39 60.01618944693377 0.01453962421842881
0.75 1 39 40 58.72215338710822 0.0135947125227768
0.75 1 40 41 57.38257950992516 0.0127169178906944
0.75 1 41 42 56.01222146250007 0.01190073737357245
0.75 1 42 43 54.62329105211677 0.0111411981114039
0.75 1 43 44 53.22587604551302 0.01043379820813022
0.75 1 44 45 51.82828654073728 0.009774454475998713
0.75 1 45 46 50.43615130397245 0.009355222089499219
0.75 1 46 47 49.0573409817641 0.009488296219270149
0.75 1 47 48 47.69489508653896 0.008335728513134268
0.75 1 48 49 46.35240596289475 0.005540822947376596
0.75 1 49 50 45.03267662191706 0.002723821904243442
1 1.25 0 1 2553.824541802843 0.01215485035118492
1 1.25 1 2 -6461.558114485774 0.02308187622511062
1 1.25 2 3 -7275.003102776531 0.1775460295817269
1 1.25 3 4 -5321.553156750611 0.1123413096019198
1 1.25 4 5 -3778.172918959621 0.07813362156039245
1 1.25 5 6 -2702.772737059671 0.05753010368569014
1 1.25 6 7 -1959.294635359175 0.0440047622255216
1 1.25 7 8 -1437.98518819782 0.03458437247897318
1 1.25 8 9 -1065.611898064849 0.02773498871989836
1 1.25 9 10 -794.707134435298 0.02258284910406613
1 1.25 10 11 -594.2242067830571 0.01860922775983007
1 1.25 11 12 -443.7652927789532 0.01547744750414277
1 1.25 12 13 -329.4219467053938 0.01296610536923153
1 1.25 13 14 -241.6160929499702 0.01092273501106765
1 1.25 14 15 -173.6065551533168 0.009239458331881636
1 1.25 15 16 -120.5633142811071 0.007838046988395244
1 1.25 16 17 -78.96891641425441 0.006660560763712161
1 1.25 17 18 -46.22381609070794 0.005663289081485534
1 1.25 18 19 -20.38120835517407 0.004812719237916953
1 1.25 19 20 0.03436055557631335 0.004082787142252691
1 1.25 20 21 16.15317183611228 0.003452961705789424
1 1.25 21 22 28.84948301008308 0.002906884289838122
1 1.25 22 23 38.80542594203598 0.002431385631958486
1 1.25 23 24 46.55741657019212 0.002015764441154654
1 1.25 24 25 52.53027642708912 0.001651250561498698
1 1.25 25 26 57.06260282564256 0.001330600349472448
1 1.25 26 27 60.42582844818378 0.001047788162986568
1 1.25 27 28 62.83869629362289 0.02084924246287452
1 1.25 28 29 64.47824335391306 0.01928708498430712
1 1.25 29 30 65.48845239490902 0.01786336896265234
1 1.25 30 31 65.98680331962282 0.01656311733853633
1 1.25 31 32 66.06948504807804 0.01537331498695041
1 1.25 32 33 65.81548509397726 0.01428260533237205
1 1.25 33 34 65.2898307767548 0.0132810409375236
1 1.25 34 35 64.54617249240505 0.01235987726323259
1 1.25 35 36 63.62885338126375 0.01151140102548049
1 1.25 36 37 62.57457345264265 0.01773565206703503
1 1.25 37 38 61.41374618181788 0.0166241827785915
1 1.25 38 39 60.17157873481426 0.0155915765308099
1 1.25 39 40 58.86897454244951 0.01463128150706579
1 1.25 40 41 57.52326113694227 0.01373739005316052
1 1.25 41 42 56.14879007549274 0.01290456398731043
1 1.25 42 43 54.75743130104587 0.01212797096113647
1 1.25 43 44 53.35898174358823 0.01140322790962566
1 1.25 44 45 51.96150397830917 0.01072635252159132
1 1.25 45 46 50.57044128230018 0.01028331830766513
1 1.25 46 47 49.19343582868183 0.01037656722498128
1 1.25 47 48 47.83340553887962 0.00922785099548799
1 1.25 48 49 46.4938147257046 0.00649686302026769
1 1.25 49 50 45.17735982410997 0.003496875347703116
1.25 1.5 0 1 2281.47918328995 0.02984715154513717
1.25 1.5 1 2 -6597.559319613062 0.05197885957635843
1.25 1.5 2 3 -7161.610270178488 0.2599083660780531
1.25 1.5 3 4 -5198.254057321634 0.1651967339162036
1.25 1.5 4 5 -3673.998615257762 0.1312463256187694
1.25 1.5 5 6 -2619.037016419237 0.1022301365771394
1.25 1.5 6 7 -1892.618061437348 0.08244171078727713
1.25 1.5 7 8 -1384.787716940806 0.06818676309801687
1.25 1.5 8 9 -1022.938585946035 0.0574946532771806
1.25 1.5 9 10 -760.2630394522662 0.04922205498135311
1.25 1.5 10 11 -566.2523958721472 0.04266040170082726
1.25 1.5 11 12 -420.9330635389547 0.03735110220103404
1.25 1.5 12 13 -310.7038579636776 0.03298264998940145
1.25 1.5 13 14 -226.2177709347611 0.02933740787784521
1.25 1.5 14 15 -160.9067091072695 0.02625884784564797
1.25 1.5 15 16 -110.0714391133606 0.02363169552350805
1.25 1.5 16 17 -70.29431551616904 0.02136930695033288
1.25 1.5 17 18 -39.05273297956683 0.01940538891760976
1.25 1.5 18 19 -14.45977977068787 0.01768841938558216
1.25 1.5 19 20 4.912943324066418 0.01617779713693326
1.25 1.5 20 21 20.158431602875 0.01484112843621546
1.25 1.5 21 22 32.12116293806355 0.01365227890556822
1.25 1.5 22 23 41.45931121192643 0.01258995121206812
1.25 1.5 23 24 48.68988893532389 0.01163663081180334
1.25 1.5 24 25 54.22190631964156 0.0107777937825718
1.25 1.5 25 26 58.3810036511918 0.01000130409509115
1.25 1.5 26 27 61.42794034821247 0.009296949796905546
1.25 1.5 27 28 63.57262229916012 0.02020122121776893
1.25 1.5 28 29 64.9847475558912 0.01867870532427815
1.25 1.5 29 30 65.80216474294582 0.01729158935104462
1.25 1.5 30 31 66.13720740041595 0.02460786678892853
1.25 1.5 31 32 66.08176096176703 0.02296434993745611
1.25 1.5 32 33 65.71115776170922 0.02144853324008985
1.25 1.5 33 34 65.08733924989269 0.0200485181071525
1.25 1.5 34 35 64.26133641703939 0.01875373881710687
1.25 1.5 35 36 63.27526293259967 0.01755478582425732
1.25 1.5 36 37 62.16391854174026 0.01644325605673124
1.25 1.5 37 38 60.95608484058863 0.01541162605152604
1.25 1.5 38 39 59.67557688973227 0.01445314361472956
1.25 1.5 39 40 58.34210003952143 0.0135617341629292
1.25 1.5 40 41 56.97195072688874 0.01273192125306694
1.25 1.5 41 42 55.57859154234404 0.01195875709422451
1.25 1.5 42 43 54.17312473055642 0.01123776272818295
1.25 1.5 43 44 52.76468323993163 0.01056487611843215
1.25 1.5 44 45 51.3607545658258 0.009936406276975597
1.25 1.5 45 46 49.96631143045764 0.009532936850838097
1.25 1.5 46 47 48.58850408269734 0.009647673596111966
1.25 1.5 47 48 47.22989608542906 0.008555866077066961
1.25 1.5 48 49 45.89362305051037 0.005927018810330656
1.25 1.5 49 50 44.58209323778817 0.003443564714260506
1.5 1.75 0 1 1946.650204307108 0.002171698698509799
1.5 1.75 1 2 -6806.174941954459 0.009197657159489949
1.5 1.75 2 3 -7066.904563911614 0.27830890586735
1.5 1.75 3 4 -5078.20961866802 0.1387105490443717
1.5 1.75 4 5 -3565.890137721153 0.07449643659608154
1.5 1.75 5 6 -2527.141073596189 0.0399032114592501
1.5 1.75 6 7 -1815.50285163823 0.01943133498602198
1.5 1.75 7 8 -1320.068861625572 0.006553518247916774
1.5 1.75 8 9 -968.3898079018791 0.001908967830318594
1.5 1.75 9 10 -714.0003391724981 0.007589836812886561
1.5 1.75 10 11 -526.7897365464164 0.01149829786452284
1.5 1.75 11 12 -387.0643182624196 0.01420729873265201
1.5 1.75 12 13 -281.4697466551261 0.01608539984772074
1.5 1.75 13 14 -200.8485319473859 0.01737536202414372
1.5 1.75 14 15 -138.7808910968697 0.01824133402673518
1.5 1.75 15 16 -90.68395965310765 0.01879712279516998
1.5 1.75 16 17 -53.23188476479822 0.01912332751486962
1.5 1.75 17 18 -23.9749396388529 0.0192780772075377
1.5 1.75 18 19 -1.084475943981033 0.01930395693718557
1.5 1.75 19 20 16.82100245596689 0.0192325895008145
1.5 1.75 20 21 30.7964781059527 0.01908773415504559
1.5 1.75 21 22 41.65542270020501 0.01888742393797119
1.5 1.75 22 23 50.03056475652852 0.01864546585862806
1.5 1.75 23 24 56.41791492490904 0.01837251058000512
1.5 1.75 24 25 61.20905542213279 0.01807682596723725
1.5 1.75 25 26 64.71509076996063 0.01776486369619442
1.5 1.75 26 27 67.18461439476459 0.02060506564373941
1.5 1.75 27 28 68.81722887451247 0.01899482323776494
1.5 1.75 28 29 69.77401447366776 0.01753253391639173
1.5 1.75 29 30 70.18544371813709 0.01635224751680999
1.5 1.75 30 31 70.15758905732821 0.01601869629208493
1.5 1.75 31 32 69.77680039468004 0.0142855691380449
1.5 1.75 32 33 69.11414395107806 0.01325718962656485
1.5 1.75 33 34 68.22743217839775 0.01231358912906782
1.5 1.75 34 35 67.16427611971307 0.01144640646495647
1.5 1.75 35 36 65.96381791582525 0.01750134532556142
1.5 1.75 36 37 64.65830306387272 0.0163964400858935
1.5 1.75 37 38 63.28814868092797 0.01612257001064195
1.5 1.75 38 39 61.84713389415475 0.01463377591090772
1.5 1.75 39 40 60.36744800733345 0.01328909666196375
1.5 1.75 40 41 58.86388292996452 0.01234376771546388
1.5 1.75 41 42 57.34857752172599 0.01158779749270584
1.5 1.75 42 43 55.83146672441961 0.01088330582736959
1.5 1.75 43 44 54.32065187514985 0.01022626761022754
1.5 1.75 44 45 52.82270685464118 0.009613025687051047
1.5 1.75 45 46 51.3418180550299 0.009214591600225384
1.5 1.75 46 47 49.88437246571181 0.009308606023627279
1.5 1.75 47 48 48.45233348277017 0.008262141475112283
1.5 1.75 48 49 47.04826729200158 0.005774676352117373
1.5 1.75 49 50 45.67407653557058 0.003158306761000251
1.75 2 0 1 1611.969398362698 0.0009791159630687283
1.75 2 1 2 -6979.018902218285 0.1065689846818202
1.75 2 2 3 -6944.401961236085 0.05021164985402319
1.75 2 3 4 -4955.721349152835 0.02958837900272079
1.75 2 4 5 -3471.518118480172 0.01936411941650376
1.75 2 5 6 -2457.279226882211 0.01346221967481245
1.75 2 6 7 -1763.917539348439 0.123224819297014
1.75 2 7 8 -1281.763396150345 0.08849419687755802
1.75 2 8 9 -939.7099786625108 0.06404458648385711
1.75 2 9 10 -692.3524185942824 0.04624922653230829
1.75 2 10 11 -510.4436480539803 0.03295769816426767
1.75 2 11 12 -374.6961209629505 0.02282531274022616
1.75 2 12 13 -272.1374952116664 0.01497353861624598
1.75 2 13 14 -193.8549716283474 0.008808094389050995
1.75 2 14 15 -133.6022535542495 0.003914899036051443
1.75 2 15 16 -86.92165891137756 2.244070958609707e-05
1.75 2 16 17 -50.57916272388047 0.003158290628333186
1.75 2 17 18 -22.1934168676969 0.00571472563063406
1.75 2 18 19 0.0126206505024129 0.007792664094761764
1.75 2 19 20 17.3810309208734 0.009485179578387895
1.75 2 20 21 30.93637465654285 0.0108645674544405
1.75 2 21 22 41.46842510238878 0.01198762690256153
1.75 2 22 23 49.59129959501342 0.01289944286209942
1.75 2 23 24 55.78628861285642 0.01363613519903337
1.75 2 24 25 60.43325906222287 0.01422688547437156
1.75 2 25 26 63.83394075081719 0.01469545045308155
1.75 2 26 27 66.22937418313484 0.0150613057258699
1.75 2 27 28 67.81310929289123 0.01534051920746533
1.75 2 28 29 68.74127854922199 0.01554642495024942
1.75 2 29 30 69.14034253853674 0.01613071610193219
1.75 2 30 31 69.11385428794273 0.02276736085765083
1.75 2 31 32 68.74419368737938 0.02117822824936786
1.75 2 32 33 68.10064072574363 0.01971622385228347
1.75 2 33 34 67.23939241260024 0.01836923800140975
1.75 2 34 35 66.20659791564611 0.01712654101228167
1.75 2 35 36 65.04021062583502 0.01597859749225591
1.75 2 36 37 63.77147560327182 0.01491691025903517
1.75 2 37 38 62.42612966321747 0.01393388752455714
1.75 2 38 39 61.02537372506714 0.01302272928199632
1.75 2 39 40 59.58666374792938 0.01217733077346009
1.75 2 40 41 58.12435656357957 0.0113921989008529
1.75 2 41 42 56.6502389566997 0.01066238063678746
1.75 2 42 43 55.17396256182315 0.009983401076206613
1.75 2 43 44 53.70340242074823 0.009351208906075612
1.75 2 44 45 52.2449533961169 0.008762130624417283
1.75 2 45 46 50.80270661172926 0.008380396347959397
1.75 2 46 47 49.38285179734984 0.008471607450219541
1.75 2 47 48 47.98731460547955 0.007463329089332334
1.75 2 48 49 46.61860201697934 0.005057398807218502
1.75 2 49 50 45.27856868268668 0.00240946142791994
2 2.25 0 1 1238.292046169029 0.001416154479401859
2 2.25 1 2 -7168.739246058956 0.08403326545237011
2 2.25 2 3 -6804.964646574854 0.2402108751561468
2 2.25 3 4 -4792.263717899537 0.1577609171174984
2 2.25 4 5 -3323.374526701226 0.1133725718199787
2 2.25 5 6 -2329.627058577652 0.08607679489789757
2 2.25 6 7 -1655.403481102165 0.06783107218723484
2 2.25 7 8 -1189.714901223174 0.05491201279468989
2 2.25 8 9 -861.4668604601106 0.04536884037523797
2 2.25 9 10 -625.5817659896584 0.03808790236084136
2 2.25 10 11 -453.2002525734074 0.03238825941040703
2 2.25 11 12 -325.3821916505569 0.02783270873680369
2 2.25 12 13 -229.4512573254087 0.02412827587650331
2 2.25 13 14 -156.7358212711968 0.02107193309935094
2 2.25 14 15 -101.183734069858 0.01851890414203883
2 2.25 15 16 -58.49287339955981 0.01636341708596271
2 2.25 16 17 -25.55388812493766 0.01452656529242349
2 2.25 17 18 -0.08564558479770312 0.01294840374917068
2 2.25 18 19 19.6079867749761 0.01158265913092599
2 2.25 19 20 34.80343338940429 0.01039310263680669
2 2.25 20 21 46.47168754614097 0.009351009287077711
2 2.25 21 22 55.35857982545656 0.008433344162513241
2 2.25 22 23 62.04198688612269 0.007621445338284061
2 2.25 23 24 66.97315519025665 0.006900052721986562
2 2.25 24 25 70.50692040407091 0.006256581934836302
2 2.25 25 26 72.92405801617531 0.00568057450469036
2 2.25 26 27 74.44798736126108 0.005163276684991493
2 2.25 27 28 75.25737602581273 0.004697313406367667
2 2.25 28 29 75.49574814038158 0.02461617603979741
2 2.25 29 30 75.27879821104239 0.02281716002365733
2 2.25 30 31 74.70016500189791 0.02116920489690591
2 2.25 31 32 73.83581506145765 0.0196571236276315
2 2.25 32 33 72.74753357346117 0.01826756214936041
2 2.25 33 34 71.48566685159739 0.01698873830217477
2 2.25 34 35 70.09129733825625 0.01581022401607994
2 2.25 35 36 68.59797755010288 0.01472276188930676
2 2.25 36 37 67.03311910466698 0.01371811067565856
2 2.25 37 38 65.4191104964878 0.01278891412161347
2 2.25 38 39 63.77422036214438 0.01192858964591109
2 2.25 39 40 62.11333023310169 0.01113123256499861
2 2.25 40 41 60.44853120374057 0.01039153456744875
2 2.25 41 42 58.78961133911514 0.009704713085616167
2 2.25 42 43 57.14445513661306 0.009066450621171489
2 2.25 43 44 55.5193718671421 0.008472841732087961
2 2.25 44 45 53.91936614894027 0.007920347234915276
2 2.25 45 46 52.34731581062144 0.007564860251258283
2 2.25 46 47 50.8082620305872 0.007658166938208376
2 2.25 47 48 49.30317264840426 0.006708563749718044
2 2.25 48 49 47.83367499857377 0.0044356504799457
2 2.25 49 50 46.40083701545197 0.001934301744514178
2.25 2.5 0 1 860.5457575987232 0.001255192983939768
2.25 2.5 1 2 -7316.629459608592 0.01335146616337594
2.25 2.5 2 3 -6599.858378760708 0.04846279025608709
2.25 2.5 3 4 -4582.815169410275 0.04911806617855449
2.25 2.5 4 5 -3150.635387244902 0.04518954724636633
2.25 2.5 5 6 -2193.017643026375 0.04085578249722125
2.25 2.5 6 7 -1548.084808450776 0.0369184364100737
2.25 2.5 7 8 -1105.082242116984 0.03349584266420149
2.25 2.5 8 9 -794.2530693916128 0.03054757018645979
2.25 2.5 9 10 -571.8000636539273 0.02800398479529716
2.25 2.5 10 11 -409.8686293557043 0.0257970819266397
2.25 2.5 11 12 -290.2616711889755 0.02386937660571381
2.25 2.5 12 13 -200.8467086166106 0.02217390609203055
2.25 2.5 13 14 -133.3496445770261 0.02067278912587968
2.25 2.5 14 15 -82.01146495435296 0.01933549478392241
2.25 2.5 15 16 -42.7485674869622 0.01813731502330519
2.25 2.5 16 17 -12.61641378560694 0.0170581278978495
2.25 2.5 17 18 10.54037693546024 0.01608142819618796
2.25 2.5 18 19 28.32092686583474 0.01519357645729711
2.25 2.5 19 20 41.92605120949906 0.01438321841426642
2.25 2.5 20 21 52.26725477053333 0.01364083492698425
2.25 2.5 21 22 60.04315677642421 0.01295839133749913
2.25 2.5 22 23 65.79386881063647 0.01232906251764493
2.25 2.5 23 24 69.94020982523921 0.01174701579306438
2.25 2.5 24 25 72.81233775153328 0.01120723834663749
2.25 2.5 25 26 74.67089243814007 0.01070539900582583
2.25 2.5 26 27 75.72277241408631 0.01023773682029934
2.25 2.5 27 28 76.13302108884068 0.009800970626394479
2.25 2.5 28 29 76.03386157977923 0.009392225171656747
2.25 2.5 29 30 75.53160720102096 0.0187374114311661
2.25 2.5 30 31 74.71208417898538 0.02030938731702598
2.25 2.5 31 32 73.64461709288082 0.01885127193173474
2.25 2.5 32 33 72.38547496953925 0.01751181221544003
2.25 2.5 33 34 70.98032686097423 0.0162795638176805
2.25 2.5 34 35 69.46629409006698 0.01514440037591316
2.25 2.5 35 36 67.87356502934824 0.01409733479542065
2.25 2.5 36 37 66.22668658431411 0.01313036835803823
2.25 2.5 37 38 64.54560178214564 0.01223636324690279
2.25 2.5 38 39 62.84648685056339 0.01140893385410708
2.25 2.5 39 40 61.14242913639521 0.0106423538463746
2.25 2.5 40 41 59.4439781730122 0.00993147611792442
2.25 2.5 41 42 57.75959504757537 0.00927166495448801
2.25 2.5 42 43 56.09602001583795 0.00873957709537241
2.25 2.5 43 44 54.45857410631979 0.008296319306227814
2.25 2.5 44 45 52.85140717807408 0.00788246932473295
2.25 2.5 45 46 51.2767016773206 0.007582855178854782
2.25 2.5 46 47 49.73876791576973 0.007536434517543441
2.25 2.5 47 48 48.23806514728838 0.006917192554301629
2.25 2.5 48 49 46.77573772141275 0.005697860313103906
2.25 2.5 49 50 45.3524322555084 0.004720886649808728
2.5 2.75 0 1 440.1457953676764 0.002710422090566863
2.5 2.75 1 2 -7489.665795056362 0.00399362627693703
2.5 2.75 2 3 -6403.33395739234 0.1914397759453705
2.5 2.75 3 4 -4378.406203341059 0.1222562791043106
2.5 2.75 4 5 -2977.73755426069 0.08588469466586653
2.5 2.75 5 6 -2051.847825027707 0.06390710044967111
2.5 2.75 6 7 -1433.309106979437 0.04942563515218374
2.5 2.75 7 8 -1011.355856819809 0.03929872603862954
2.5 2.75 8 9 -717.1826016670507 0.03190209856696746
2.5 2.75 9 10 -507.9497654721085 0.02631696739597423
2.5 2.75 10 11 -356.5899836408412 0.02198761416485117
2.5 2.75 11 12 -245.5071939856698 0.01855958710476357
2.5 2.75 12 13 -163.0236167047863 0.01579719087948099
2.5 2.75 13 14 -101.208262358429 0.01353815362005499
2.5 2.75 14 15 -54.56242027882399 0.01166746890271689
2.5 2.75 15 16 -19.20157628260858 0.01010159630656335
2.5 2.75 16 17 7.665144524593416 0.008778552320958616
2.5 2.75 17 18 28.07341032954696 0.007651491888770239
2.5 2.75 18 19 43.52823005472499 0.006684433166494684
2.5 2.75 19 20 55.15578942372827 0.005849339393817218
2.5 2.75 20 21 63.80793276099268 0.005124083593116176
2.5 2.75 21 22 70.13522427176042 0.004491001504204535
2.5 2.75 22 23 74.63879640201765 0.003935844879678056
2.5 2.75 23 24 77.7076446730091 0.003447012575705381
2.5 2.75 24 25 79.64578850810642 0.003014977708762568
2.5 2.75 25 26 80.69227790684113 0.002631855399204162
2.5 2.75 26 27 81.03608524042227 0.002291072775468879
2.5 2.75 27 28 80.82729693986562 0.001987114327069417
2.5 2.75 28 29 80.18559937760233 0.001715323453481806
2.5 2.75 29 30 79.20676402124576 0.01572754340993626
2.5 2.75 30 31 77.96765177276899 0.01460673555745109
2.5 2.75 31 32 76.53009290404441 0.01786740179109784
2.5 2.75 32 33 74.94385732386212 0.01658078598107846
2.5 2.75 33 34 73.24912525592049 0.01539797507306615
2.5 2.75 34 35 71.47829906109507 0.01430911332446654
2.5 2.75 35 36 69.65750974745538 0.01330545767219892
2.5 2.75 36 37 67.80780546548499 0.01237923064886108
2.5 2.75 37 38 65.94610375140144 0.01152349484220566
2.5 2.75 38 39 64.08595760937629 0.01073204694900367
2.5 2.75 39 40 62.23817414937923 0.009999326288512691
2.5 2.75 40 41 60.41131598008988 0.009320337433261749
2.5 2.75 41 42 58.61210881501049 0.008690582835565007
2.5 2.75 42 43 56.8457738586529 0.008106004808084738
2.5 2.75 43 44 55.11629960798541 0.007562935694202682
2.5 2.75 44 45 53.42666461722581 0.007058053933645931
2.5 2.75 45 46 51.77806086930272 0.006729654297723276
2.5 2.75 46 47 50.17380578965938 0.006800213273825022
2.5 2.75 47 48 48.61359586837048 0.005946604960491024
2.5 2.75 48 49 47.09786391158636 0.00392600440030858
2.5 2.75 49 50 45.62662379031937 0.001710480337792915
2.75 3 0 1 -10.43676578294287 0.002177284620639701
2.75 3 1 2 -7612.785618453887 0.1030217366301379
2.75 3 2 3 -6134.259035931038 0.01538485846255754
2.75 3 3 4 -4111.752743099923 0.009007974593482345
2.75 3 4 5 -2755.340400766548 0.01801410224242842
2.75 3 5 6 -1872.350261101512 0.02158500960215583
2.75 3 6 7 -1289.038312124982 0.02285578411946007
2.75 3 7 8 -894.8945722919057 0.02305096819276462
2.75 3 8 9 -622.5135228864565 0.02271602930454592
2.75 3 9 10 -430.4179970293894 0.02211751464946092
2.75 3 10 11 -292.6364994203357 0.02139288879371623
2.75 3 11 12 -192.406817222653 0.02061631223729714
2.75 3 12 13 -118.6753179486959 0.0198286456176854
2.75 3 13 14 -63.97767610060282 0.01905252563557451
2.75 3 14 15 -23.16602967581912 0.018300283372167
2.75 3 15 16 7.378124094993836 0.01757828634108472
2.75 3 16 17 30.24203259809246 0.01688940205702488
2.75 3 17 18 47.30395622545007 0.01623443441860891
2.75 3 18 19 59.94605623639166 0.01561297923077449
2.75 3 19 20 69.19776682219265 0.01502394191440685
2.75 3 20 21 75.83407998963389 0.01446585404570362
2.75 3 21 22 80.44402648179948 0.01393706778978215
2.75 3 22 23 83.47910536010761 0.01343587502593414
2.75 3 23 24 85.28800228698776 0.01296057948878089
2.75 3 24 25 86.14179029522404 0.01250953931181065
2.75 3 25 26 86.25243204455251 0.01208119087430505
2.75 3 26 27 85.7865071420868 0.01167406081118854
2.75 3 27 28 84.87549530403044 0.01128677061036562
2.75 3 28 29 83.62354810133434 0.01091803657463816
2.75 3 29 30 82.11341075415436 0.01056666701962538
2.75 3 30 31 80.4109684841971 0.01023155786736383
2.75 3 31 32 78.56874657386089 0.01631279873390424
2.75 3 32 33 76.62870444842912 0.0154086962268101
2.75 3 33 34 74.62428614898181 0.01457442850964978
2.75 3 34 35 72.57897948172359 0.01358922715495477
2.75 3 35 36 70.52047094478144 0.01262347049684767
2.75 3 36 37 68.46230487079129 0.01173280105779354
2.75 3 37 38 66.41776028262174 0.01091045812369927
2.75 3 38 39 64.39724510559603 0.01015039855494263
2.75 3 39 40 62.408840982648 0.009447207639917694
2.75 3 40 41 60.45874297571501 0.008796022806931123
2.75 3 41 42 58.55161544721793 0.00819246786322967
2.75 3 42 43 56.69088092289803 0.007632596229123639
2.75 3 43 44 54.87895516015857 0.007112841969531792
2.75 3 44 45 53.11743881305483 0.006629976971536415
2.75 3 45 46 51.40636440548934 0.006313261329139704
2.75 3 46 47 49.74788379463408 0.006370334534954765
2.75 3 47 48 48.14080402149537 0.005565398495338976
2.75 3 48 49 46.58473219143502 0.00367505554790028
2.75 3 49 50 45.07895064095871 0.002453256051263872
3 3.25 0 1 -471.4137858062551 0.01809388306642816
3 3.25 1 2 -7595.218091007402 0.02568635257574323
3 3.25 2 3 -5737.336807147633 0.1860816863532054
3 3.25 3 4 -3752.801494248438 0.1096114754198716
3 3.25 4 5 -2467.45549084548 0.07187797896837261
3 3.25 5 6 -1646.223600807934 0.05014904888731318
3 3.25 6 7 -1111.274114524206 0.03639775683051898
3 3.25 7 8 -754.1735794686938 0.0271205809947551
3 3.25 8 9 -510.1725425971429 0.02056359899045419
3 3.25 9 10 -339.9902287160282 0.01576561089419114
3 3.25 10 11 -219.2998411290268 0.01215666787928768
3 3.25 11 12 -132.5417692804058 0.009382269251987358
3 3.25 12 13 -69.53679044921137 0.007211172888756352
3 3.25 13 14 -23.46020396349104 0.005487104421035806
3 3.25 14 15 10.36342180938118 0.004101223214562913
3 3.25 15 16 35.19971334667139 0.002975766193333236
3 3.25 16 17 53.36928243190755 0.002053949183803394
3 3.25 17 18 66.54663827753666 0.001293533521078419
3 3.25 18 19 75.95657324063995 0.0006626908779548536
3 3.25 19 20 82.50575679808287 0.0001393863937622041
3 3.25 20 21 86.87252006885944 0.0003073841594445428
3 3.25 21 22 89.56913199217365 0.0006767597164677013
3 3.25 22 23 90.98564907516527 0.0009883190019253111
3 3.25 23 24 91.42121681056835 0.001251103781501189
3 3.25 24 25 91.10669513560009 0.001472831736386302
3 3.25 25 26 90.22120094907541 0.001659853647402491
3 3.25 26 27 88.90433062274758 0.001817406196995675
3 3.25 27 28 87.26527789326303 0.001949830566915726
3 3.25 28 29 85.38969611281749 0.002060745987875264
3 3.25 29 30 83.34490493132995 0.002153186262678622
3 3.25 30 31 81.1838704785323 0.002229707499278224
3 3.25 31 32 78.94826895029433 0.002292473626290011
3 3.25 32 33 76.67085964761071 0.002343324727826378
3 3.25 33 34 74.37733386009944 0.00238383199990489
3 3.25 34 35 72.08776311063059 0.002415342224673689
3 3.25 35 36 69.81773318929032 0.009568737389909775
3 3.25 36 37 67.57927015168067 0.00895575017028529
3 3.25 37 38 65.38152179079472 0.01024311204852999
3 3.25 38 39 63.23133899252988 0.009514667779894678
3 3.25 39 40 61.1337483336483 0.008841357622397971
3 3.25 40 41 59.09230206940393 0.008218432984453706
3 3.25 41 42 57.10937643793221 0.007641623009415312
3 3.25 42 43 55.18640884143281 0.007107078136333181
3 3.25 43 44 53.3240894586329 0.006611322344647082
3 3.25 44 45 51.52251625403406 0.006151210594264047
3 3.25 45 46 49.78047823799781 0.005846517821947523
3 3.25 46 47 48.09884360487983 0.005889569750694071
3 3.25 47 48 46.47547926812209 0.005137063566281659
3 3.25 48 49 44.90911499984983 0.00361319127481431
3 3.25 49 50 43.39826130812197 0.002622736607052777
3.25 3.5 0 1 -899.0735897367942 0.03716792429840023
3.25 3.5 1 2 -7306.411659536918 0.02379538805488039
3.25 3.5 2 3 -5146.24332869818 0.01343319664668756
3.25 3.5 3 4 -3266.945044872716 0.01833320070855678
3.25 3.5 4 5 -2095.948660175907 0.01806721908528796
3.25 3.5 5 6 -1364.402411369583 0.01671073696473574
3.25 3.5 6 7 -896.1461655382132 0.0152015794605151
3.25 3.5 7 8 -588.3806431567705 0.01378770328753594
3.25 3.5 8 9 -381.1738183059001 0.01252539421528093
3.25 3.5 9 10 -238.772165733491 0.01141753361954342
3.25 3.5 10 11 -139.324639705836 0.01044787053567426
3.25 3.5 11 12 -69.01134125518956 0.009597896956655845
3.25 3.5 12 13 -18.88063196924077 0.008850026912530763
3.25 3.5 13 14 17.01491433969818 0.008188946184603609
3.25 3.5 14 15 42.71516966247657 0.007601730192731305
3.25 3.5 15 16 61.01886756061219 0.007077603678189459
3.25 3.5 16 17 73.8989916697135 0.006607613978632255
3.25 3.5 17 18 82.76792807655625 0.006184315541101069
3.25 3.5 18 19 88.65048635115659 0.005801496176931548
3.25 3.5 19 20 92.29910391049623 0.005453949919098466
3.25 3.5 20 21 94.2719779644259 0.005137292401258796
3.25 3.5 21 22 94.98694833562865 0.004847812072212087
3.25 3.5 22 23 94.75922596829389 0.004582350620774361
3.25 3.5 23 24 93.82817765612492 0.004338206799604982
3.25 3.5 24 25 92.37658202990292 0.004113058862487917
3.25 3.5 25 26 90.54463258453831 0.003904901765023922
3.25 3.5 26 27 88.44022788352299 0.003711996103243442
3.25 3.5 27 28 86.14660602466472 0.00353282638605906
3.25 3.5 28 29 83.72805858914342 0.003366066775111976
3.25 3.5 29 30 81.23424154967819 0.003210552810967589
3.25 3.5 30 31 78.70345161042661 0.00306525797035601
3.25 3.5 31 32 76.16513302131841 0.002929274130757118
3.25 3.5 32 33 73.64180739971829 0.002801795220467839
3.25 3.5 33 34 71.15056769996102 0.00268210347095027
3.25 3.5 34 35 68.70424067580061 0.002569557804163244
3.25 3.5 35 36 66.31229557123163 0.002463583990501869
3.25 3.5 36 37 63.98155738737114 0.002363666261461614
3.25 3.5 37 38 61.71676884900597 0.002269340148609873
3.25 3.5 38 39 59.52103460809997 0.002180186335171239
3.25 3.5 39 40 57.39617335123495 0.002095825365504159
3.25 3.5 40 41 55.34299762011972 0.002015913075270521
3.25 3.5 41 42 53.36153658497994 0.001940136628576684
3.25 3.5 42 43 51.45121091265395 0.005632338268833037
3.25 3.5 43 44 49.61098593735332 0.005265366495026568
3.25 3.5 44 45 47.83947000827668 0.005715824529755937
3.25 3.5 45 46 46.13425825792831 0.005420022417528174
3.25 3.5 46 47 44.49490048096594 0.001615660861914987
3.25 3.5 47 48 42.91846517884778 0.004747146023513287
3.25 3.5 48 49 41.40279259459996 0.003157519082043547
3.25 3.5 49 50 39.94570339743647 0.001847974657975665
3.5 3.75 0 1 -1203.308542708642 0.04660426903951059
3.5 3.75 1 2 -6564.806731951713 0.04833323198655504
3.5 3.75 2 3 -4291.334831286239 0.0006622134001661273
3.5 3.75 3 4 -2628.419256246303 0.009026563405945862
3.5 3.75 4 5 -1634.549276566177 0.0114023505886294
3.5 3.75 5 6 -1029.528435309927 0.01169361424541002
3.5 3.75 6 7 -650.3259707252491 0.01129484934796926
3.5 3.75 7 8 -405.8574398133574 0.01066821213429283
3.5 3.75 8 9 -244.3605946577438 0.009991469610852705
3.5 3.75 9 10 -135.5254442501155 0.009327860959889094
3.5 3.75 10 11 -61.10842120227676 0.008705956629872781
3.5 3.75 11 12 -9.721362127750126 0.008133158875136262
3.5 3.75 12 13 25.92477410772005 0.007609857767371405
3.5 3.75 13 14 50.61940921045345 0.00713324893613188
3.5 3.75 14 15 67.58153591471591 0.006699356519414459
3.5 3.75 15 16 79.01823540355508 0.006303958527690278
3.5 3.75 16 17 86.46945165724628 0.005942999514585406
3.5 3.75 17 18 91.02613799800997 0.005612758793220565
3.5 3.75 18 19 93.47144674154777 0.005309901688568353
3.5 3.75 19 20 94.37401711904533 0.005031476019055786
3.5 3.75 20 21 94.15077813709399 0.004774884525622892
3.5 3.75 21 22 93.10995073194078 0.004537848467102
3.5 3.75 22 23 91.48094667481973 0.004318369824036713
3.5 3.75 23 24 89.43544730045699 0.004114695506662919
3.5 3.75 24 25 87.10245200471252 0.003925285008291096
3.5 3.75 25 26 84.57914488130012 0.003748781883593617
3.5 3.75 26 27 81.93882333661185 0.003583988962953821
3.5 3.75 27 28 79.23673772903419 0.003429846979111823
3.5 3.75 28 29 76.51442939314313 0.003285416236270326
3.5 3.75 29 30 73.80297826540493 0.003149860901037084
3.5 3.75 30 31 71.12545138524223 0.003022435557764648
3.5 3.75 31 32 68.498760684758 0.002902473693718516
3.5 3.75 32 33 65.93508066698715 0.002789377824677352
3.5 3.75 33 34 63.44293579203853 0.002682611007771945
3.5 3.75 34 35 61.02803832249433 0.002581689541496067
3.5 3.75 35 36 58.69393646380001 0.002486176662606193
3.5 3.75 36 37 56.44251746116103 0.002395677095353724
3.5 3.75 37 38 54.2743992402369 0.002309832329941525
3.5 3.75 38 39 52.18923597059887 0.00222831651136362
3.5 3.75 39 40 50.18595686040794 0.00215083286385041
3.5 3.75 40 41 48.26295299740475 0.002077110562847504
3.5 3.75 41 42 46.41822355873192 0.002006901999325191
3.5 3.75 42 43 44.64949017570558 0.001939980374639966
3.5 3.75 43 44 42.95428630424438 0.001876137586643774
3.5 3.75 44 45 41.33002685864919 0.001815182365010911
3.5 3.75 45 46 39.7734440107785 0.001769329534503002
3.5 3.75 46 47 38.28298757047217 0.001723172085504063
3.5 3.75 47 48 36.85518877315272 0.001680600115879342
3.5 3.75 48 49 35.48724097660517 0.002976612898450893
3.5 3.75 49 50 34.1765640745119 0.001958548074241769
3.75 4 0 1 -1294.013949558093 0.003260986805785487
3.75 4 1 2 -5274.313871317177 0.1877601412803316
3.75 4 2 3 -3172.950552001139 0.1203983904150887
3.75 4 3 4 -1853.445450303076 0.08381413869336507
3.75 4 4 5 -1102.123700533052 0.06210046148111443
3.75 4 5 6 -659.8940598796189 0.04801285912577371
3.75 4 6 7 -390.5142668237468 0.03826657396435436
3.75 4 7 8 -221.4740643410846 0.03119775132295579
3.75 4 8 9 -112.8302463403616 0.02588372143758157
3.75 4 9 10 -41.74179346033895 0.02177384235395853
3.75 4 10 11 5.275479322369733 0.01852309521467655
3.75 4 11 12 36.49069281379332 0.01590331440639342
3.75 4 12 13 57.11291314030598 0.01375895924265022
3.75 4 13 14 70.51342178637458 0.011980465410768
3.75 4 14 15 78.92499537620279 0.01048864452062573
3.75 4 15 16 83.85629642789223 0.009224974200449281
3.75 4 16 17 86.34445008978827 0.008145361807666335
3.75 4 17 18 87.11300504632459 0.007216020285981538
3.75 4 18 19 86.67306042169145 0.006410670301839995
3.75 4 19 20 85.38939143119802 0.005708598949832951
3.75 4 20 21 83.52451964954258 0.005093285634730202
3.75 4 21 22 81.26859143940703 0.004551411868050428
3.75 4 22 23 78.75994878046001 0.004072136205283664
3.75 4 23 24 76.09948922401077 0.003646555531038533
3.75 4 24 25 73.36081564970866 0.003267299509115133
3.75 4 25 26 70.59749089316281 0.002928221567984982
3.75 4 26 27 67.84827544584988 0.002624160835115014
3.75 4 27 28 65.14094320420062 0.002350756864453585
3.75 4 28 29 62.49508382741334 0.002104304082874117
3.75 4 29 30 59.92417563540127 0.001881636455024558
3.75 4 30 31 57.43712868390887 0.001680035351941448
3.75 4 31 32 55.03943980265576 0.0014971553945989
3.75 4 32 33 52.73406128276216 0.00133096435850253
3.75 4 33 34 50.52205679852592 0.001179694146363168
3.75 4 34 35 48.40309825170092 0.001041800548603691
3.75 4 35 36 46.37584300003444 0.000915930025509863
3.75 4 36 37 44.43822068423704 0.0008008921388703918
3.75 4 37 38 42.58765143620852 0.0006956365714577905
3.75 4 38 39 40.82121178251788 0.0005992338655989329
3.75 4 39 40 39.13576054056048 0.0005108592379954126
3.75 4 40 41 37.52803405439016 0.000429778960159885
3.75 4 41 42 35.99471784190996 0.0003553388921929701
3.75 4 42 43 34.5325000748111 0.0002869549997114269
3.75 4 43 44 33.13811108971601 0.0002241059116002158
3.75 4 44 45 31.80835209239401 0.000166328546955897
3.75 4 45 46 30.53966154822928 0.00040585055993876
3.75 4 46 47 29.32982952823778 0.0004234237636477345
3.75 4 47 48 28.17533489533638 0.000443122197798297
3.75 4 48 49 27.07325495886034 0.0004767492510083549
3.75 4 49 50 26.02088154251854 0.001455837478374924
4 5 0 1 -1803.021987749124 0.02379827301138363
4 5 1 2 -5325.279169627789 0.0986419390003998
4 5 2 3 -2759.823101730792 0.07888218778477932
4 5 3 4 -1447.846391483707 0.06079048944374948
4 5 4 5 -765.6802360032639 0.05550613309674024
4 5 5 6 -391.0046309701731 0.05909697359667766
4 5 6 7 -177.8126863431107 0.03864627337450194
4 5 7 8 -53.13324795351241 0.02734610526784673
4 5 8 9 21.2452031388226 0.02524312433630171
4 5 9 10 65.38169557065009 0.02349287223998715
4 5 10 11 91.47162248854499 0.03037445920202555
4 5 11 12 106.1985697154136 0.0229063437056096
4 5 12 13 113.6873953745122 0.02380979980238909
4 5 13 14 116.5363548491731 0.01684646427377172
4 5 14 15 116.4201005164359 0.01622185113737118
4 5 15 16 114.4036498617814 0.01560217923570868
4 5 16 17 111.1975346272816 0.01105075119453299
4 5 17 18 107.2680611703635 0.01101018879967022
4 5 18 19 102.9338742829109 0.01088331629791648
4 5 19 20 98.40774981152541 0.01069680227521954
4 5 20 21 93.82761678664619 0.006008233465832971
4 5 21 22 89.29874689507128 0.00593107311076505
4 5 22 23 84.87845032157688 0.005838341666826809
4 5 23 24 80.60645589839729 0.005734617430068238
4 5 24 25 76.50676157911465 0.005623364183628238
4 5 25 26 72.59245153076594 0.005507208290408717
4 5 26 27 68.86906278347715 0.005388143438728604
4 5 27 28 65.33695308134089 0.005267682806101541
4 5 28 29 61.99249691631356 0.003783808750740842
4 5 29 30 58.83117575755519 0.00364789758926939
4 5 30 31 55.84557254233744 0.003516791011947592
4 5 31 32 53.02785928385755 0.003390573143815997
4 5 32 33 50.36974832962356 0.003269246800990553
4 5 33 34 47.86278824942382 0.003152755984178919
4 5 34 35 45.49856913631339 0.003041002748613584
4 5 35 36 43.26886253897855 0.00293385992579852
4 5 36 37 41.16571421030578 0.00283118064308398
4 5 37 38 39.18015610315091 0.001428815336819666
4 5 38 39 37.30767523478015 0.001382754194817592
4 5 39 40 35.54000534089107 0.001338563473426902
4 5 40 41 33.87066520713699 0.001296165937303733
4 5 41 42 32.2935581503531 0.00125548478687454
4 5 42 43 30.80296202141606 0.001216444494446561
4 5 43 44 29.39351534682718 0.001178971363254754
4 5 44 45 28.06020101354622 0.001142993961958029
4 5 45 46 26.79791786813203 0.001108439266720318
4 5 46 47 25.60281179805955 0.001075252090294759
4 5 47 48 24.46997907769772 0.001043361233261088
4 5 48 49 23.39530704159424 0.001012719892134993
4 5 49 50 22.37502771242093 0.0009832585533584004
-5 5 0 50 -822634.5453217133 1.597032839069788
