#ylo yhi qTlo qThi PDF0  uncertainty
-5 -4 50 51 8.308372674654585 0.01460456302486368
-5 -4 51 52 7.803475568915299 0.01384548119869818
-5 -4 52 53 7.329008752109001 0.01345584755335649
-5 -4 53 54 6.882960855794728 0.01284072881012899
-5 -4 54 55 6.463574588307015 0.01192740286949088
-5 -4 55 56 6.069217976055576 0.01086703775318193
-5 -4 56 57 5.698294471718242 0.0100397593075963
-5 -4 57 58 5.34938206158238 0.009489803520303345
-5 -4 58 59 5.02113777237513 0.009020633815248737
-5 -4 59 60 4.712288175587707 0.008446346302144565
-5 -4 60 61 4.421667837636114 0.007881611782182661
-5 -4 61 62 4.148165978700813 0.007458400154927554
-5 -4 62 63 3.890745266978827 0.00702887937547577
-5 -4 63 64 3.648432692851951 0.006628655915006218
-5 -4 64 65 3.420307894601669 0.006261462210337308
-5 -4 65 66 3.205502165270509 0.005921696640551356
-5 -4 66 67 3.003185792825962 0.005604401798319211
-5 -4 67 68 2.812521644666119 0.005303257379706214
-5 -4 68 69 2.63256041764742 0.005019053683114477
-5 -4 69 70 2.462183471781522 0.004750095707844481
-5 -4 70 71 2.300513378593458 0.004495819392342252
-5 -4 71 72 2.147058107344539 0.004253209429156121
-5 -4 72 73 2.001483129542996 0.00402350624461024
-5 -4 73 74 1.86350613415845 0.003806773777106252
-5 -4 74 75 1.732864350522695 0.003595399852006909
-5 -4 75 76 1.607676581909049 0.001650068380701388
-5 -4 76 77 1.491038544554154 0.001558884486282894
-5 -4 77 78 1.380982042139649 0.001472218814257634
-5 -4 78 79 1.277263300342043 0.001388059562567195
-5 -4 79 80 1.18130736548691 0.001734733235622016
-5 -4 80 81 1.08925291015192 0.001280867080626737
-5 -4 81 82 1.001649601693312 0.001649342524480316
-5 -4 82 83 0.9208711305342256 0.001443544042628552
-5 -4 83 84 0.8452359244224095 0.001270096341160682
-5 -4 84 85 0.7745119415145423 0.001125485037843561
-5 -4 85 86 0.7084713621701597 0.001004519698121087
-5 -4 86 87 0.6486180582261678 0.001143554925347727
-5 -4 87 88 0.5895527190452341 0.00081939220388993
-5 -4 88 89 0.5362435059272159 0.0007479037531394377
-5 -4 89 90 0.4867548315126895 0.0006868703106288622
-5 -4 90 91 0.4408836587995064 0.0006396613736328996
-5 -4 91 92 0.3984328330248199 0.0005958323365344757
-5 -4 92 93 0.359211169584696 0.0005544648500310245
-5 -4 93 94 0.3227889152048418 0.0003147743324194599
-5 -4 94 95 0.2894932355605062 0.0002991736199090161
-5 -4 95 96 0.2588890235604965 0.0002836957039657427
-5 -4 96 97 0.2308100968044288 0.0002684037133803926
-5 -4 97 98 0.205096747482417 0.0002533547739972034
-5 -4 98 99 0.1815957836476727 0.0001816977040556645
-5 -4 99 100 0.1601605062297174 0.0001700586928543192
-4 -3.75 50 51 10.16736227843025 0.001384746893659479
-4 -3.75 51 52 9.628694357214549 0.00134279729987782
-4 -3.75 52 53 9.118951863510212 0.001281068305101156
-4 -3.75 53 54 8.636502519625559 0.001242159576379915
-4 -3.75 54 55 8.179863911654987 0.00120360486938815
-4 -3.75 55 56 7.747634378251547 0.001149913479297278
-4 -3.75 56 57 7.338590843719572 0.02026757892000192
-4 -3.75 57 58 6.951118919533947 0.02378454785298954
-4 -3.75 58 59 6.584266256184215 0.0220406014845793
-4 -3.75 59 60 6.236887822209088 0.02075498718230355
-4 -3.75 60 61 5.907895964445967 0.01955484598128793
-4 -3.75 61 62 5.596234196587304 0.01799583996689564
-4 -3.75 62 63 5.300981290903795 0.01613670648921782
-4 -3.75 63 64 5.021210895722646 0.01439836026068676
-4 -3.75 64 65 4.756051091340357 0.01304412494791924
-4 -3.75 65 66 4.504658092160202 0.01163944761726409
-4 -3.75 66 67 4.266198044227105 0.01033943090468019
-4 -3.75 67 68 4.039802883397041 0.009117050339980226
-4 -3.75 68 69 3.824391870679939 0.007986897913765884
-4 -3.75 69 70 3.613397840696223 0.006327458727821288
-4 -3.75 70 71 3.420882909015496 0.006465366529417311
-4 -3.75 71 72 3.231789787003132 0.006048377698665673
-4 -3.75 72 73 3.053620964198862 0.003699902907145093
-4 -3.75 73 74 2.879322662504874 0.005402364176406648
-4 -3.75 74 75 2.710380305504167 0.002918407818858295
-4 -3.75 75 76 2.55118428414027 0.002314536607544694
-4 -3.75 76 77 2.399073697673925 0.001866656924151914
-4 -3.75 77 78 2.25388675290191 0.001525603860583844
-4 -3.75 78 79 2.115444352396374 0.001198306551375913
-4 -3.75 79 80 1.966792896509896 0.003236829933998973
-4 -3.75 80 81 1.86990549223653 0.002227017858076878
-4 -3.75 81 82 1.738867855517314 0.0004934766421866372
-4 -3.75 82 83 1.625655951119274 0.0004468069647548703
-4 -3.75 83 84 1.518287287137017 0.0004489300066610596
-4 -3.75 84 85 1.416574144149625 0.0004556796040437866
-4 -3.75 85 86 1.320326673140223 0.0004914513090080024
-4 -3.75 86 87 1.229353496000325 0.0005481398327020439
-4 -3.75 87 88 1.143461336545344 0.0005775737812545103
-4 -3.75 88 89 1.062455329653322 0.000594795878616114
-4 -3.75 89 90 0.9861438725255121 0.0006031476528590106
-4 -3.75 90 91 0.9143367015512505 0.0006034729186186641
-4 -3.75 91 92 0.8468449416490285 0.0005945771313272785
-4 -3.75 92 93 0.7834819897536782 0.0005776885142531049
-4 -3.75 93 94 0.7240638267211712 0.0005546016465601053
-4 -3.75 94 95 0.6684093739281356 0.0005268942122464905
-4 -3.75 95 96 0.6163408773029009 0.0004959356645642452
-4 -3.75 96 97 0.5676842531609008 0.0004628992087596055
-4 -3.75 97 98 0.5222693968289396 0.0004303752745041259
-4 -3.75 98 99 0.4799304514520302 0.0004086836799467588
-4 -3.75 99 100 0.4405060596475459 0.0003868226319679488
-3.75 -3.5 50 51 13.43478912135252 0.04857552375194735
-3.75 -3.5 51 52 12.7593700896393 0.04757368194282086
-3.75 -3.5 52 53 12.11793372325404 0.04538774483257831
-3.75 -3.5 53 54 11.50884863313701 0.0422240931704834
-3.75 -3.5 54 55 10.93054182110173 0.03826945227976432
-3.75 -3.5 55 56 10.38146903729775 0.0339159031577746
-3.75 -3.5 56 57 9.860046882869668 0.03024025421045577
-3.75 -3.5 57 58 9.364878350954662 0.02742878935002447
-3.75 -3.5 58 59 8.894667577583611 0.02536822716695499
-3.75 -3.5 59 60 8.448171455944575 0.02394475048010429
-3.75 -3.5 60 61 8.024151799861777 0.02262877692640615
-3.75 -3.5 61 62 7.621392205105117 0.02078388327714473
-3.75 -3.5 62 63 7.238833673799089 0.01849013786326527
-3.75 -3.5 63 64 6.875396020067477 0.01636686833777271
-3.75 -3.5 64 65 6.530057491933036 0.01480289288778837
-3.75 -3.5 65 66 6.201818564492768 0.0131361629848764
-3.75 -3.5 66 67 5.8896790759078 0.01160736299110723
-3.75 -3.5 67 68 5.585086321194499 0.01222797908251625
-3.75 -3.5 68 69 5.308687129442749 0.01212828612173359
-3.75 -3.5 69 70 5.037255977852343 0.00717749996673144
-3.75 -3.5 70 71 4.776275451492946 0.01039227371356527
-3.75 -3.5 71 72 4.529077880919228 0.006503041111021218
-3.75 -3.5 72 73 4.286817691447915 0.009556972866586537
-3.75 -3.5 73 74 4.051235182707064 0.003845527694133339
-3.75 -3.5 74 75 3.828110252077872 0.002977454593605799
-3.75 -3.5 75 76 3.614014160938213 0.002275408272767438
-3.75 -3.5 76 77 3.408795778895195 0.0018143296896033
-3.75 -3.5 77 78 3.212296042482217 0.001507494021078236
-3.75 -3.5 78 79 3.024328009033548 0.001185481602353769
-3.75 -3.5 79 80 2.822247825782338 0.007633291891854426
-3.75 -3.5 80 81 2.673001043078589 0.005745102278158923
-3.75 -3.5 81 82 2.525737519091747 0.004919694616488259
-3.75 -3.5 82 83 2.353894987417469 0.004367357508275137
-3.75 -3.5 83 84 2.205786814259056 0.003761012899765726
-3.75 -3.5 84 85 2.065027102747129 0.003220925800299524
-3.75 -3.5 85 86 1.93139905667555 0.002730608738212227
-3.75 -3.5 86 87 1.804681309208235 0.002280869680037591
-3.75 -3.5 87 88 1.684647234118305 0.001869842907481737
-3.75 -3.5 88 89 1.571065124563281 0.00150321568882882
-3.75 -3.5 89 90 1.463706325041417 0.001183443772871375
-3.75 -3.5 90 91 1.362341843808159 0.0009144601270552998
-3.75 -3.5 91 92 1.266742350695193 0.0007246970463292854
-3.75 -3.5 92 93 1.176679592917805 0.0006933911912368812
-3.75 -3.5 93 94 1.091926839662681 0.0006717683268708004
-3.75 -3.5 94 95 1.012259419266712 0.0006473786507718695
-3.75 -3.5 95 96 0.9375789247485482 0.0006226223463326443
-3.75 -3.5 96 97 0.8672957394209009 0.0007955850389700983
-3.75 -3.5 97 98 0.8015655860518089 0.0008921189307441054
-3.75 -3.5 98 99 0.7365433006665598 0.0009869993818153746
-3.75 -3.5 99 100 0.6854783989548343 0.001138563187936645
-3.5 -3.25 50 51 15.85899530223172 0.05502988442713907
-3.5 -3.25 51 52 15.10185990886026 0.05380227449921002
-3.5 -3.25 52 53 14.3803161936155 0.05120547491992617
-3.5 -3.25 53 54 13.69288074113329 0.04747581260006589
-3.5 -3.25 54 55 13.03809407767835 0.04282749574590808
-3.5 -3.25 55 56 12.41449372642704 0.03772447881837584
-3.5 -3.25 56 57 11.8205444346625 0.03346205265049364
-3.5 -3.25 57 58 11.25488676614042 0.03026391971411342
-3.5 -3.25 58 59 10.71624867757879 0.02799205260252572
-3.5 -3.25 59 60 10.2033955550638 0.02650696914193292
-3.5 -3.25 60 61 9.715079365207266 0.02514315875331086
-3.5 -3.25 61 62 9.250056561715432 0.02309638570379188
-3.5 -3.25 62 63 8.80724893204772 0.02046494455343893
-3.5 -3.25 63 64 8.385536715559354 0.018045756395089
-3.5 -3.25 64 65 7.983854649103677 0.01634043732551047
-3.5 -3.25 65 66 7.6011477926466 0.01447967172300305
-3.5 -3.25 66 67 7.227040321331614 0.0181880506998016
-3.5 -3.25 67 68 6.887914497955983 0.0186675145514416
-3.5 -3.25 68 69 6.555183713055552 0.009491570252435997
-3.5 -3.25 69 70 6.235509354161028 0.00974295425543438
-3.5 -3.25 70 71 5.927255650471686 0.01533019855464929
-3.5 -3.25 71 72 5.633986157189003 0.009689909663083094
-3.5 -3.25 72 73 5.346229153673931 0.01309078992587672
-3.5 -3.25 73 74 5.065760013938394 0.004239516540788408
-3.5 -3.25 74 75 4.799120120099147 0.003243968381102741
-3.5 -3.25 75 76 4.542518233765747 0.002461108932274962
-3.5 -3.25 76 77 4.29583814636673 0.002000718637728687
-3.5 -3.25 77 78 4.058951549071619 0.001738915279123745
-3.5 -3.25 78 79 3.831692127397087 0.00142835135711756
-3.5 -3.25 79 80 3.613908325441443 0.001043356273778244
-3.5 -3.25 80 81 3.405438163723387 0.0007785172211530585
-3.5 -3.25 81 82 3.206102701210966 0.0006204072967730339
-3.5 -3.25 82 83 2.994419406882004 0.003397976918987326
-3.5 -3.25 83 84 2.813975150936555 0.001905824078174917
-3.5 -3.25 84 85 2.642122447120792 0.004869637742707712
-3.5 -3.25 85 86 2.478608786943081 0.005907096087055324
-3.5 -3.25 86 87 2.336970068910446 0.007547238263669347
-3.5 -3.25 87 88 2.188311416748451 0.006258818929403757
-3.5 -3.25 88 89 2.035614060185823 0.0008293591115685004
-3.5 -3.25 89 90 1.90298777831689 0.003053857315074199
-3.5 -3.25 90 91 1.787848699809437 0.0008098012323270486
-3.5 -3.25 91 92 1.667780537671031 0.0007953567937145897
-3.5 -3.25 92 93 1.554321877659905 0.0007764014358772283
-3.5 -3.25 93 94 1.44722442612156 0.0007542112707419017
-3.5 -3.25 94 95 1.346240330868389 0.0007298971404144034
-3.5 -3.25 95 96 1.251122980747234 0.0007043948459789471
-3.5 -3.25 96 97 1.161627746358142 0.0006784647383703635
-3.5 -3.25 97 98 1.077512662532037 0.0006526981023698439
-3.5 -3.25 98 99 0.9986770020048237 0.002956257038244357
-3.5 -3.25 99 100 0.9245629266311655 0.002349212996000249
-3.25 -3 50 51 17.34081419446711 0.05976723546047649
-3.25 -3 51 52 16.55120564406562 0.05840046981666755
-3.25 -3 52 53 15.79616206846249 0.05552041165994905
-3.25 -3 53 54 15.07449289096041 0.05138571028120669
-3.25 -3 54 55 14.38498929491247 0.04623117429230234
-3.25 -3 55 56 13.72640174653158 0.04057676055412931
-3.25 -3 56 57 13.09737187352725 0.03589054288959516
-3.25 -3 57 58 12.49669400219859 0.03242620596729277
-3.25 -3 58 59 11.92322777600158 0.03002645391681904
-3.25 -3 59 60 11.37584915087184 0.02853165790681389
-3.25 -3 60 61 10.85339964572394 0.02716504384260344
-3.25 -3 61 62 10.35470428180965 0.02498411799964109
-3.25 -3 62 63 9.878750434695647 0.02210193989108274
-3.25 -3 63 64 9.424463148673539 0.01946443543489628
-3.25 -3 64 65 8.990813012396458 0.01766833778375465
-3.25 -3 65 66 8.565430965964744 0.0314470058690046
-3.25 -3 66 67 8.17127674161754 0.01914967043657823
-3.25 -3 67 68 7.802886089538468 0.01942844397573704
-3.25 -3 68 69 7.44057693848351 0.009761650941275426
-3.25 -3 69 70 7.091671265923111 0.009970507286341858
-3.25 -3 70 71 6.754393194845086 0.01574354731105889
-3.25 -3 71 72 6.428064553886905 0.02189682210649145
-3.25 -3 72 73 6.116262297440656 0.01383797151559891
-3.25 -3 73 74 5.810504873781618 0.01610071792390749
-3.25 -3 74 75 5.512376822674966 0.00363216631221136
-3.25 -3 75 76 5.228113603981715 0.002782048304013151
-3.25 -3 76 77 4.954179578925281 0.002325757851268455
-3.25 -3 77 78 4.690490104789603 0.002107068558046524
-3.25 -3 78 79 4.436914201863843 0.001807871396321422
-3.25 -3 79 80 4.193336887918001 0.001394045925950891
-3.25 -3 80 81 3.959629443069659 0.0009500438267284818
-3.25 -3 81 82 3.735641655264555 0.0007600887129851425
-3.25 -3 82 83 3.521187998425567 0.0007844445727154127
-3.25 -3 83 84 3.316084238344921 0.0008059899280989739
-3.25 -3 84 85 3.120139955288218 0.0008240402740481133
-3.25 -3 85 86 2.933152485337519 0.0008538191980555678
-3.25 -3 86 87 2.754907878507961 0.0008709805964926695
-3.25 -3 87 88 2.585179663466203 0.0008634259822730881
-3.25 -3 88 89 2.423728510008432 0.000857757767802675
-3.25 -3 89 90 2.270316080154165 0.000858394543933545
-3.25 -3 90 91 2.124699039200109 0.0008556911983316748
-3.25 -3 91 92 1.98662893300275 0.0008503444332227405
-3.25 -3 92 93 1.855854482218707 0.0008422876839961396
-3.25 -3 93 94 1.732122224521515 0.0008317411547917576
-3.25 -3 94 95 1.61535395213696 0.004989339931954315
-3.25 -3 95 96 1.504789742130158 0.005651302631707507
-3.25 -3 96 97 1.40063762088118 0.004443109879112998
-3.25 -3 97 98 1.302511178858891 0.003362529237646168
-3.25 -3 98 99 1.210159041166261 0.002404518536096528
-3.25 -3 99 100 1.123332693429543 0.001565923630156078
-3 -2.75 50 51 18.04747629058188 0.06354439751828427
-3 -2.75 51 52 17.25941635014625 0.06209469547902314
-3 -2.75 52 53 16.50340356926294 0.05901245517313536
-3 -2.75 53 54 15.77859792493703 0.0545740212979552
-3 -2.75 54 55 15.08409843600336 0.04903061075094944
-3 -2.75 55 56 14.41892563339981 0.04294753531260249
-3 -2.75 56 57 13.78195672355822 0.03793372858725769
-3 -2.75 57 58 13.17219391079719 0.03426786088451472
-3 -2.75 58 59 12.58868001680601 0.03177749140200888
-3 -2.75 59 60 12.03045162235868 0.03028703237739063
-3 -2.75 60 61 11.4964904907433 0.02892851354642631
-3 -2.75 61 62 10.98574064292364 0.02664551078132263
-3 -2.75 62 63 10.49729927471569 0.02356300471124911
-3 -2.75 63 64 10.03018249443911 0.0207502707405947
-3 -2.75 64 65 9.583440971276346 0.01888328731491971
-3 -2.75 65 66 9.1440226561879 0.03521215119856511
-3 -2.75 66 67 8.736497661606961 0.02217724108786967
-3 -2.75 67 68 8.355289323775899 0.0216558837319118
-3 -2.75 68 69 7.979299530080446 0.01040748227814048
-3 -2.75 69 70 7.616510447133209 0.008435593889460316
-3 -2.75 70 71 7.265087578552389 0.01417574029745484
-3 -2.75 71 72 6.924368275122021 0.02069315884598794
-3 -2.75 72 73 6.59409862211642 0.02592700304399411
-3 -2.75 73 74 6.274229208042541 0.02876664168518528
-3 -2.75 74 75 5.967488493761643 0.01704330465058451
-3 -2.75 75 76 5.667678370445 0.01748963533085406
-3 -2.75 76 77 5.376423006955235 0.002688626641157174
-3 -2.75 77 78 5.097833635533711 0.002503153955698521
-3 -2.75 78 79 4.829428119543614 0.002210481249447888
-3 -2.75 79 80 4.571130279597057 0.001769371498816147
-3 -2.75 80 81 4.322847487342486 0.001203180542985972
-3 -2.75 81 82 4.084462145138382 0.0008179524573392708
-3 -2.75 82 83 3.855816110199612 0.0007904925141423165
-3 -2.75 83 84 3.636751504746169 0.0008200966560962564
-3 -2.75 84 85 3.427102174152456 0.0008459457366337183
-3 -2.75 85 86 3.226687082915944 0.000867768153071735
-3 -2.75 86 87 3.035311294251116 0.0008851783305438841
-3 -2.75 87 88 2.852764593742739 0.000895584067381509
-3 -2.75 88 89 2.6788208931647 0.000905390109189895
-3 -2.75 89 90 2.513253922155995 0.0009113050417240752
-3 -2.75 90 91 2.355830407685851 0.0009131874648853941
-3 -2.75 91 92 2.206508021831892 0.007581895635974263
-3 -2.75 92 93 2.064516451784561 0.008628836385955669
-3 -2.75 93 94 1.930041463257654 0.006917730042638255
-3 -2.75 94 95 1.802725284166584 0.005358822115973412
-3 -2.75 95 96 1.68231416698597 0.00395031387428278
-3 -2.75 96 97 1.568553431902432 0.002690263214926351
-3 -2.75 97 98 1.461188410174064 0.001584571650425178
-3 -2.75 98 99 1.359965290087104 0.001054744416419854
-3 -2.75 99 100 1.264632060132113 0.0008040276332328502
-2.75 -2.5 50 51 18.27275753302385 0.08112257450489574
-2.75 -2.5 51 52 17.50266105437613 0.07795012845291589
-2.75 -2.5 52 53 16.76166388927831 0.07411099778248327
-2.75 -2.5 53 54 16.04926677112672 0.06973393008015058
-2.75 -2.5 54 55 15.36487083063126 0.06497388855987241
-2.75 -2.5 55 56 14.7077644796987 0.0601568467713397
-2.75 -2.5 56 57 14.07706170852933 0.05602343840977501
-2.75 -2.5 57 58 13.47197556032704 0.05262507232985449
-2.75 -2.5 58 59 12.89173665023482 0.04983008104806148
-2.75 -2.5 59 60 12.33554839997906 0.04753566233248644
-2.75 -2.5 60 61 11.80254134137455 0.04538428282106677
-2.75 -2.5 61 62 11.29178890800439 0.04294120975059035
-2.75 -2.5 62 63 10.80250696479538 0.04028353149814484
-2.75 -2.5 63 64 10.33381446634519 0.03784586391398499
-2.75 -2.5 64 65 9.884854218224049 0.03584047661310899
-2.75 -2.5 65 66 9.441871265379106 0.04960668365012708
-2.75 -2.5 66 67 9.031129579984679 0.03836013266723004
-2.75 -2.5 67 68 8.646820519128852 0.03110451477961516
-2.75 -2.5 68 69 8.266694291792355 0.02739288058848456
-2.75 -2.5 69 70 7.899340544203376 0.02658632971868005
-2.75 -2.5 70 71 7.542916319574793 0.02735465111552266
-2.75 -2.5 71 72 7.196788316227554 0.02902110913342569
-2.75 -2.5 72 73 6.860740391831818 0.03066546149699628
-2.75 -2.5 73 74 6.534769189572131 0.03126986095901471
-2.75 -2.5 74 75 6.218938689998531 0.03079210285403017
-2.75 -2.5 75 76 5.91317291270591 0.02994811882549082
-2.75 -2.5 76 77 5.617473164890256 0.0290469113022547
-2.75 -2.5 77 78 5.333761429537343 0.01769293012139939
-2.75 -2.5 78 79 5.058025822798317 0.01742967612195572
-2.75 -2.5 79 80 4.79062808278 0.01589174385763524
-2.75 -2.5 80 81 4.53507934426738 0.01503194415518288
-2.75 -2.5 81 82 4.289395679737986 0.01422118842261166
-2.75 -2.5 82 83 4.053444517070297 0.0134608002692172
-2.75 -2.5 83 84 3.827092495098555 0.01273194156805667
-2.75 -2.5 84 85 3.610196216584391 0.01203389541242297
-2.75 -2.5 85 86 3.402595452987214 0.01136594928079996
-2.75 -2.5 86 87 3.204114127939143 0.01072734020770281
-2.75 -2.5 87 88 3.01455893325781 0.01011700373520382
-2.75 -2.5 88 89 2.833718522115783 0.009534771332661778
-2.75 -2.5 89 90 2.661696263347498 0.01003366170704376
-2.75 -2.5 90 91 2.49751498548498 0.01150398222965462
-2.75 -2.5 91 92 2.34148259889613 0.009395879871879136
-2.75 -2.5 92 93 2.19326667874795 0.007447057682909025
-2.75 -2.5 93 94 2.052626303133982 0.005660598855077352
-2.75 -2.5 94 95 1.919316271244281 0.004037365712471152
-2.75 -2.5 95 96 1.793088256035663 0.002578577481503868
-2.75 -2.5 96 97 1.673691889275821 0.001469631926120593
-2.75 -2.5 97 98 1.560875778931383 0.0009670052512922495
-2.75 -2.5 98 99 1.45438842274546 0.001098412704768102
-2.75 -2.5 99 100 1.353979241386845 0.001963230893223188
-2.5 -2.25 50 51 18.22580816642204 0.06986427362484884
-2.5 -2.25 51 52 17.47921253177698 0.0683425069670438
-2.5 -2.25 52 53 16.75891731714074 0.06498031397846031
-2.5 -2.25 53 54 16.06472260559752 0.06008359067135682
-2.5 -2.25 54 55 15.39629597547422 0.05393105692412209
-2.5 -2.25 55 56 14.7531628242138 0.04716316424170634
-2.5 -2.25 56 57 14.13464674633671 0.04260312579220712
-2.5 -2.25 57 58 13.54014912796734 0.03952321390582884
-2.5 -2.25 58 59 12.96906942180439 0.03722413613216342
-2.5 -2.25 59 60 12.42076178147394 0.0355722856917357
-2.5 -2.25 60 61 11.8944919400947 0.03404066527803019
-2.5 -2.25 61 62 11.38945172380529 0.03198036921222411
-2.5 -2.25 62 63 10.90496601298466 0.02949751443619775
-2.5 -2.25 63 64 10.44024961484131 0.02725296958341282
-2.5 -2.25 64 65 9.994531901302494 0.02559654661136389
-2.5 -2.25 65 66 9.553404495138771 0.04624011078996657
-2.5 -2.25 66 67 9.144719769488574 0.03249488677882729
-2.5 -2.25 67 68 8.762515828828327 0.027807026518662
-2.5 -2.25 68 69 8.383366379213548 0.01749175059446051
-2.5 -2.25 69 70 8.016527439689959 0.01701175083365537
-2.5 -2.25 70 71 7.660177953092308 0.01923798394182788
-2.5 -2.25 71 72 7.31371908732261 0.02258299191890232
-2.5 -2.25 72 73 6.976967939873568 0.02559920346834722
-2.5 -2.25 73 74 6.64995789459379 0.02786406412840165
-2.5 -2.25 74 75 6.33278708223331 0.02874339539359795
-2.5 -2.25 75 76 6.025408983145944 0.02882681572760615
-2.5 -2.25 76 77 5.72785521524338 0.02872670608865497
-2.5 -2.25 77 78 5.440172752478716 0.02852268328797143
-2.5 -2.25 78 79 5.164296325592417 0.01724779447547099
-2.5 -2.25 79 80 4.896026574043272 0.01729173678453673
-2.5 -2.25 80 81 4.636157433060077 0.009567627203365356
-2.5 -2.25 81 82 4.387802813686037 0.009031449838844876
-2.5 -2.25 82 83 4.149084252276253 0.008560135834467263
-2.5 -2.25 83 84 3.919887126645868 0.0081084764551843
-2.5 -2.25 84 85 3.700085663985423 0.007675950471795274
-2.5 -2.25 85 86 3.489535938033164 0.007262074144015519
-2.5 -2.25 86 87 3.288076845059109 0.006866302073485805
-2.5 -2.25 87 88 3.095528670816307 0.006487600575753289
-2.5 -2.25 88 89 2.911692092250082 0.006126596287986417
-2.5 -2.25 89 90 2.736517344883655 0.01431584220205035
-2.5 -2.25 90 91 2.569466607608954 0.01195306322877306
-2.5 -2.25 91 92 2.410496513374142 0.009720094780146913
-2.5 -2.25 92 93 2.259379079457926 0.007653827965984929
-2.5 -2.25 93 94 2.115880907655837 0.006319706321130398
-2.5 -2.25 94 95 1.979763461323053 0.005247170223129008
-2.5 -2.25 95 96 1.850784267972214 0.004393099185960897
-2.5 -2.25 96 97 1.728698053025001 0.003786951033976726
-2.5 -2.25 97 98 1.613257804620183 0.003556800430921584
-2.5 -2.25 98 99 1.504215729042148 0.003338598942959699
-2.5 -2.25 99 100 1.401324346759143 0.003370833205098566
-2.25 -2 50 51 18.47138172979655 0.0731638656211286
-2.25 -2 51 52 17.72847775616489 0.07161880667662844
-2.25 -2 52 53 17.0104657216196 0.06813514360225563
-2.25 -2 53 54 16.31733762469882 0.06303243318063778
-2.25 -2 54 55 15.64892943690393 0.05660209992610848
-2.25 -2 55 56 15.00491388057051 0.04951873068214031
-2.25 -2 56 57 14.38474200273642 0.04372900635404935
-2.25 -2 57 58 13.78792855214321 0.03957380024604824
-2.25 -2 58 59 13.21397312232483 0.03684704982559275
-2.25 -2 59 60 12.66231752566077 0.03533729596275204
-2.25 -2 60 61 12.13230436672404 0.03396567534560064
-2.25 -2 61 62 11.62319025350935 0.03141052968839015
-2.25 -2 62 63 11.13435993576591 0.02782408436189546
-2.25 -2 63 64 10.66507768010561 0.0245599708902688
-2.25 -2 64 65 10.21461641925625 0.02247876062362544
-2.25 -2 65 66 9.782198883017458 0.02005594427784364
-2.25 -2 66 67 9.365681637373598 0.0525827171271009
-2.25 -2 67 68 8.966811236064466 0.03401537160996702
-2.25 -2 68 69 8.5824943324317 0.01838934935528367
-2.25 -2 69 70 8.210357118627243 0.009165444768985771
-2.25 -2 70 71 7.84856252446459 0.009733748116387395
-2.25 -2 71 72 7.496529187909907 0.01381530717240921
-2.25 -2 72 73 7.154098623198564 0.02065353999792572
-2.25 -2 73 74 6.821332703160571 0.02437329175887305
-2.25 -2 74 75 6.498355820340784 0.02554802660807111
-2.25 -2 75 76 6.185146570945285 0.02585874500787104
-2.25 -2 76 77 5.881759746179206 0.02597053034677852
-2.25 -2 77 78 5.588262432193495 0.025968792476003
-2.25 -2 78 79 5.304690789426601 0.02592471493000467
-2.25 -2 79 80 5.031049556257457 0.02589870007366809
-2.25 -2 80 81 4.767314117981524 0.02594076198988532
-2.25 -2 81 82 4.512683135366313 0.01930119824803031
-2.25 -2 82 83 4.268989625928125 0.01891914032595355
-2.25 -2 83 84 4.0347574303823 0.01815766283427947
-2.25 -2 84 85 3.8098873478136 0.01708947244374533
-2.25 -2 85 86 3.594260485972377 0.01578033757545951
-2.25 -2 86 87 3.387738926043102 0.01428800462441164
-2.25 -2 87 88 3.190197284599712 0.01266293809031082
-2.25 -2 88 89 3.001423448973185 0.01531085554098032
-2.25 -2 89 90 2.821495849547418 0.0129290430868833
-2.25 -2 90 91 2.650020919362024 0.01053223281039125
-2.25 -2 91 92 2.486777202527723 0.008272671030006539
-2.25 -2 92 93 2.331538068131556 0.006194907203539522
-2.25 -2 93 94 2.184070819790191 0.004313712508140072
-2.25 -2 94 95 2.044136986848939 0.002695994867945927
-2.25 -2 95 96 1.911493580577265 0.002197871449483745
-2.25 -2 96 97 1.785894279567525 0.002198768468049773
-2.25 -2 97 98 1.667090544067316 0.002745759466573084
-2.25 -2 98 99 1.554832614729953 0.003360637027901408
-2.25 -2 99 100 1.448870671363306 0.004117222664374393
-2 -1.75 50 51 18.39917342694781 0.07480881600745826
-2 -1.75 51 52 17.68035418806127 0.07330379747806549
-2 -1.75 52 53 16.98369761076984 0.06975916330145698
-2 -1.75 53 54 16.30947983691038 0.0645083763989554
-2 -1.75 54 55 15.6577903704441 0.05785585032517391
-2 -1.75 55 56 15.02852738263991 0.05050987936481604
-2 -1.75 56 57 14.42133998671956 0.04451916908995186
-2 -1.75 57 58 13.83592362884866 0.04024371364521759
-2 -1.75 58 59 13.27194101645273 0.037467789605645
-2 -1.75 59 60 12.72897998547207 0.03596983059925675
-2 -1.75 60 61 12.20651650997881 0.03461212614400418
-2 -1.75 61 62 11.70392572448235 0.0319998057310873
-2 -1.75 62 63 11.22069861826309 0.02829268274776258
-2 -1.75 63 64 10.75619688991026 0.02492128765978943
-2 -1.75 64 65 10.30978180491141 0.02279593309012189
-2 -1.75 65 66 9.880755040097739 0.02030365229310402
-2 -1.75 66 67 9.467667132840731 0.05263933447964288
-2 -1.75 67 68 9.071066287225534 0.03348759677842295
-2 -1.75 68 69 8.688550194859886 0.0176204693507131
-2 -1.75 69 70 8.31777286740013 0.01045842992679141
-2 -1.75 70 71 7.956907959746829 0.01323729193676737
-2 -1.75 71 72 7.605394737507048 0.01801964579048629
-2 -1.75 72 73 7.263097069421889 0.02411057244987498
-2 -1.75 73 74 6.930106284538766 0.027798666794919
-2 -1.75 74 75 6.606577139287637 0.02884079736894495
-2 -1.75 75 76 6.29251060821214 0.02899863835159059
-2 -1.75 76 77 5.987988304935001 0.02897195734419586
-2 -1.75 77 78 5.693105031354847 0.02884803059539072
-2 -1.75 78 79 5.407923300094026 0.02869960556765528
-2 -1.75 79 80 5.132472718121079 0.02858851651204042
-2 -1.75 80 81 4.866752105445109 0.02856595959542134
-2 -1.75 81 82 4.611301023154528 0.01816742856039516
-2 -1.75 82 83 4.364040011433946 0.004664651800960302
-2 -1.75 83 84 4.127077956949734 0.004369896653348143
-2 -1.75 84 85 3.899530737182086 0.004093065866505381
-2 -1.75 85 86 3.681279596881915 0.003833392924744576
-2 -1.75 86 87 3.472186255672096 0.003589988217783318
-2 -1.75 87 88 3.272266604066687 0.01945456585570867
-2 -1.75 88 89 3.080956836635892 0.01698870708793317
-2 -1.75 89 90 2.898285337630682 0.01442625857730091
-2 -1.75 90 91 2.724055151611118 0.01184342292830708
-2 -1.75 91 92 2.558055764311025 0.009399996905887961
-2 -1.75 92 93 2.400070477815703 0.007138577587383611
-2 -1.75 93 94 2.249875618045277 0.005062680688209992
-2 -1.75 94 95 2.107240892713204 0.003172198947388712
-2 -1.75 95 96 1.971930686773792 0.002007144348318193
-2 -1.75 96 97 1.843705286725896 0.001885970736002424
-2 -1.75 97 98 1.722322033427867 0.001808945606706206
-2 -1.75 98 99 1.607536354852597 0.00263503732740606
-2 -1.75 99 100 1.499102979269786 0.003687311186836631
-1.75 -1.5 50 51 18.48048639072255 0.07546044993346238
-1.75 -1.5 51 52 17.75764178199867 0.0740184915178578
-1.75 -1.5 52 53 17.05678477185006 0.07045016384176842
-1.75 -1.5 53 54 16.37825441657469 0.06510067114896763
-1.75 -1.5 54 55 15.72219291968409 0.05828567661066637
-1.75 -1.5 55 56 15.08854092562495 0.05074420937908621
-1.75 -1.5 56 57 14.47697746534408 0.04461836640989523
-1.75 -1.5 57 58 13.8872268671811 0.04028453418669816
-1.75 -1.5 58 59 13.31897719387784 0.03751705892185342
-1.75 -1.5 59 60 12.77183657751361 0.03608453462980057
-1.75 -1.5 60 61 12.24529400454662 0.03479226765217483
-1.75 -1.5 61 62 11.73873078531024 0.03217473518901458
-1.75 -1.5 62 63 11.25164911857422 0.02839891912277646
-1.75 -1.5 63 64 10.78341467215624 0.02496896985069666
-1.75 -1.5 64 65 10.33339150849491 0.02284231451495089
-1.75 -1.5 65 66 9.900881698198134 0.02032354578458495
-1.75 -1.5 66 67 9.485732287493008 0.05462140488342347
-1.75 -1.5 67 68 9.085801250122444 0.03459716554343813
-1.75 -1.5 68 69 8.700075732069394 0.01798731356429389
-1.75 -1.5 69 70 8.32621301235973 0.006351649069823812
-1.75 -1.5 70 71 7.962398625337947 0.01103043266310259
-1.75 -1.5 71 72 7.608086399537598 0.01836551089273449
-1.75 -1.5 72 73 7.263148745066005 0.02558235355976807
-1.75 -1.5 73 74 6.927683622866589 0.02945954214099337
-1.75 -1.5 74 75 6.6018473303562 0.03055382592950679
-1.75 -1.5 75 76 6.285644573708048 0.03072092969702379
-1.75 -1.5 76 77 5.979157513930119 0.03069757428878602
-1.75 -1.5 77 78 5.682478296129524 0.03057535424499437
-1.75 -1.5 78 79 5.395666093401552 0.03043054710990103
-1.75 -1.5 79 80 5.118746460520782 0.03032796659062525
-1.75 -1.5 80 81 4.851713541410696 0.03032127357905646
-1.75 -1.5 81 82 4.594805798061515 0.01910633296651924
-1.75 -1.5 82 83 4.34647212981077 0.003032762585934392
-1.75 -1.5 83 84 4.108666840032811 0.002886817200110238
-1.75 -1.5 84 85 3.880408255373403 0.002750906985061165
-1.75 -1.5 85 86 3.661571061587939 0.002624232990385955
-1.75 -1.5 86 87 3.452010230339877 0.002505831916627151
-1.75 -1.5 87 88 3.251964824201391 0.02084680434939217
-1.75 -1.5 88 89 3.060385423933099 0.01825939537218815
-1.75 -1.5 89 90 2.877543889637668 0.01556750172630536
-1.75 -1.5 90 91 2.703236219393805 0.01285144131442987
-1.75 -1.5 91 92 2.537244934624699 0.01027999099933469
-1.75 -1.5 92 93 2.379346467505318 0.00789830625467481
-1.75 -1.5 93 94 2.229310412872472 0.005710336766321658
-1.75 -1.5 94 95 2.086899918956091 0.003716338254232476
-1.75 -1.5 95 96 1.951873007530976 0.00199810312033321
-1.75 -1.5 96 97 1.82398381954626 0.001634148107359705
-1.75 -1.5 97 98 1.70298378597786 0.001568573641965741
-1.75 -1.5 98 99 1.588622671815594 0.002432652157434705
-1.75 -1.5 99 100 1.480649816872194 0.003549188801864074
-1.5 -1.25 50 51 18.31837329223291 0.07909756816355606
-1.5 -1.25 51 52 17.61309825757672 0.07760878809178817
-1.5 -1.25 52 53 16.9280022686288 0.07390880147711162
-1.5 -1.25 53 54 16.26361458551492 0.06835475016374667
-1.5 -1.25 54 55 15.6202466853137 0.06127317176402539
-1.5 -1.25 55 56 14.99798987439962 0.0534312149694245
-1.5 -1.25 56 57 14.39665707627562 0.04839617398665762
-1.5 -1.25 57 58 13.81609283079243 0.04510889953076008
-1.5 -1.25 58 59 13.25609273181844 0.04272632366401281
-1.5 -1.25 59 60 12.71636080542334 0.04108813745694089
-1.5 -1.25 60 61 12.19647398240181 0.03956548880467446
-1.5 -1.25 61 62 11.69589135446604 0.03738267408817079
-1.5 -1.25 62 63 11.21418418467724 0.0346717396362572
-1.5 -1.25 63 64 10.75078041864813 0.03222980462963262
-1.5 -1.25 64 65 10.30510046591827 0.03047156375867017
-1.5 -1.25 65 66 9.876496082877509 0.02859063880889803
-1.5 -1.25 66 67 9.463735648878639 0.06065841434678632
-1.5 -1.25 67 68 9.067043190649301 0.03941457794988596
-1.5 -1.25 68 69 8.684240031586498 0.0252556340362397
-1.5 -1.25 69 70 8.313020705223977 0.02064732990725187
-1.5 -1.25 70 71 7.95159867247208 0.02052953882031644
-1.5 -1.25 71 72 7.599450656560975 0.02316019425387707
-1.5 -1.25 72 73 7.256465616377703 0.02642013859116978
-1.5 -1.25 73 74 6.922758947934874 0.02829629775166783
-1.5 -1.25 74 75 6.598501785535184 0.02943262186373217
-1.5 -1.25 75 76 6.28371085852698 0.02982238723003357
-1.5 -1.25 76 77 5.978481345752598 0.0300029235886496
-1.5 -1.25 77 78 5.682917743260788 0.03007064403061806
-1.5 -1.25 78 79 5.397090846026813 0.03010577685125656
-1.5 -1.25 79 80 5.121037024940634 0.03017646391770188
-1.5 -1.25 80 81 4.854760485755428 0.03033915531517683
-1.5 -1.25 81 82 4.598229231106892 0.03054885271393975
-1.5 -1.25 82 83 4.351318195182266 0.01955114152123771
-1.5 -1.25 83 84 4.113641456307498 0.01098834435375399
-1.5 -1.25 84 85 3.885756074512319 0.01045334261685229
-1.5 -1.25 85 86 3.667224302881319 0.009937373531270216
-1.5 -1.25 86 87 3.457602415673012 0.015479399696286
-1.5 -1.25 87 88 3.257916404889457 0.02133181136342295
-1.5 -1.25 88 89 3.066494113864273 0.01871351199615454
-1.5 -1.25 89 90 2.883763002184367 0.01597684381516524
-1.5 -1.25 90 91 2.709523918118546 0.01320637441315285
-1.5 -1.25 91 92 2.543563816445676 0.01078699510390215
-1.5 -1.25 92 93 2.385663273835981 0.009193346186409698
-1.5 -1.25 93 94 2.235595723792379 0.007827844228412187
-1.5 -1.25 94 95 2.093127849767747 0.006714603584820956
-1.5 -1.25 95 96 1.958020924485862 0.005876202304259643
-1.5 -1.25 96 97 1.830032073541709 0.005433363221152624
-1.5 -1.25 97 98 1.708915463329278 0.005121296864956747
-1.5 -1.25 98 99 1.594423357581086 0.004989152234553276
-1.5 -1.25 99 100 1.486307388008498 0.005094718971868212
-1.25 -1 50 51 18.59182971352931 0.08196341396108259
-1.25 -1 51 52 17.88051797872475 0.08043846974375353
-1.25 -1 52 53 17.1890349647681 0.07662844885604951
-1.25 -1 53 54 16.51799550735282 0.07090080505429708
-1.25 -1 54 55 15.8677843196653 0.06359165225093426
-1.25 -1 55 56 15.23855484769405 0.05549344491174323
-1.25 -1 56 57 14.63017139640179 0.04891262282263968
-1.25 -1 57 58 14.0425234266053 0.04517042945910907
-1.25 -1 58 59 13.47544506936457 0.04258195815436779
-1.25 -1 59 60 12.92867262897779 0.0408123154207582
-1.25 -1 60 61 12.40180918707912 0.03917440018679939
-1.25 -1 61 62 11.89433329947427 0.03680466624432212
-1.25 -1 62 63 11.40583556841075 0.03383299313327484
-1.25 -1 63 64 10.93575705680978 0.03114440410044482
-1.25 -1 64 65 10.48352894517937 0.02922258427382409
-1.25 -1 65 66 10.04851006205517 0.02714824529138145
-1.25 -1 66 67 9.62882210511691 0.06381240256725668
-1.25 -1 67 68 9.22602480657001 0.04181046847279425
-1.25 -1 68 69 8.837238730465543 0.02462898711308462
-1.25 -1 69 70 8.460130183850254 0.01839025385166458
-1.25 -1 70 71 8.092890959781954 0.0174434218145218
-1.25 -1 71 72 7.734998579032769 0.02012171792558495
-1.25 -1 72 73 7.386348169351884 0.02375533502721897
-1.25 -1 73 74 7.047065916963987 0.02790276907787911
-1.25 -1 74 75 6.717333550884888 0.029361260748178
-1.25 -1 75 76 6.397175496932341 0.02979669397923646
-1.25 -1 76 77 6.086695525357214 0.03001916344916563
-1.25 -1 77 78 5.786005931343425 0.03012825777474691
-1.25 -1 78 79 5.495184305119011 0.03020679406876065
-1.25 -1 79 80 5.21427276012723 0.03032505639628744
-1.25 -1 80 81 4.943280256149201 0.03054122817159646
-1.25 -1 81 82 4.682178692141662 0.03080802388609966
-1.25 -1 82 83 4.430865281363637 0.03054658433749253
-1.25 -1 83 84 4.189363675655031 0.02364049847011384
-1.25 -1 84 85 3.957582107376201 0.02241974929489713
-1.25 -1 85 86 3.735147273636844 0.02091053879907658
-1.25 -1 86 87 3.521576963531452 0.02401194513356344
-1.25 -1 87 88 3.317618998150877 0.02151903921536312
-1.25 -1 88 89 3.122689347427549 0.01884146569411031
-1.25 -1 89 90 2.93660115073752 0.01603873335846867
-1.25 -1 90 91 2.759153335667065 0.01319857402228121
-1.25 -1 91 92 2.590130578173223 0.01050536349678674
-1.25 -1 92 93 2.429310785559458 0.00800892335322618
-1.25 -1 93 94 2.276464399300906 0.006147595567045938
-1.25 -1 94 95 2.131354839814119 0.004970082532893809
-1.25 -1 95 96 1.993739882658977 0.004137053613815536
-1.25 -1 96 97 1.863372957014121 0.003882330356348055
-1.25 -1 97 98 1.740004366379361 0.003646446409083205
-1.25 -1 98 99 1.623382372742052 0.003882638531582933
-1.25 -1 99 100 1.513254509494592 0.004270156751743684
-1 -0.75 50 51 18.60373011255081 0.08458708876932756
-1 -0.75 51 52 17.89176703738363 0.08301370909049255
-1 -0.75 52 53 17.19938105738007 0.07909286502262078
-1 -0.75 53 54 16.52723982360672 0.07320090182798439
-1 -0.75 54 55 15.87577315243379 0.0656822043467853
-1 -0.75 55 56 15.2451719086645 0.05735079237042273
-1 -0.75 56 57 14.63532870408355 0.05057873883246562
-1 -0.75 57 58 14.04616028841873 0.04578689129215777
-1 -0.75 58 59 13.47752508974868 0.04272899178181837
-1 -0.75 59 60 12.92917971286697 0.04115084298263919
-1 -0.75 60 61 12.40074391900329 0.03972224530894227
-1 -0.75 61 62 11.89170864041564 0.03680578918525287
-1 -0.75 62 63 11.40167696361858 0.03258577901870917
-1 -0.75 63 64 10.93009947238016 0.02902547931049233
-1 -0.75 64 65 10.4764155410717 0.02717850044203701
-1 -0.75 65 66 10.03999017734957 0.02513235779936272
-1 -0.75 66 67 9.618517273691651 0.06491163326198648
-1 -0.75 67 68 9.214459134777812 0.04230141166944377
-1 -0.75 68 69 8.82447246785496 0.02318854392238845
-1 -0.75 69 70 8.446230786440722 0.01583437303137855
-1 -0.75 70 71 8.077933442793949 0.01547476423659796
-1 -0.75 71 72 7.719065039595122 0.01919815236438847
-1 -0.75 72 73 7.369523792678798 0.02476784467833135
-1 -0.75 73 74 7.029438657078551 0.02942673030187216
-1 -0.75 74 75 6.698991444298919 0.03091715139157547
-1 -0.75 75 76 6.378206987442738 0.03135480612297299
-1 -0.75 76 77 6.067188516204425 0.03157474783482326
-1 -0.75 77 78 5.766046348592951 0.03167932033375583
-1 -0.75 78 79 5.474855727039198 0.03175366037319713
-1 -0.75 79 80 5.193656019190932 0.03187007219161288
-1 -0.75 80 81 4.922453098273706 0.03208845700247397
-1 -0.75 81 82 4.661215597789408 0.03235988252984679
-1 -0.75 82 83 4.409837441227701 0.03208634318490022
-1 -0.75 83 84 4.16818346035852 0.00798165711788488
-1 -0.75 84 85 3.936222763375923 0.007591367615273221
-1 -0.75 85 86 3.713829988641177 0.00721682180326593
-1 -0.75 86 87 3.50092593881045 0.02532037587538047
-1 -0.75 87 88 3.297200553178929 0.02273918387030735
-1 -0.75 88 89 3.102550497497699 0.01996603430300198
-1 -0.75 89 90 2.91678477004027 0.01706232462826937
-1 -0.75 90 91 2.739698219359425 0.01411863014983475
-1 -0.75 91 92 2.571071534428366 0.01132539823488815
-1 -0.75 92 93 2.41067872001403 0.008734196289659959
-1 -0.75 93 94 2.258286427635383 0.00658719915383311
-1 -0.75 94 95 2.11365441994591 0.005319097554089047
-1 -0.75 95 96 1.976536959503829 0.004382283030699629
-1 -0.75 96 97 1.846684117606957 0.004016546667512378
-1 -0.75 97 98 1.723843003433378 0.003796429668338723
-1 -0.75 98 99 1.60775885213701 0.003881675052274783
-1 -0.75 99 100 1.498176353276762 0.004246482758006933
-0.75 -0.5 50 51 18.5041239209707 0.08579416913201016
-0.75 -0.5 51 52 17.80016932787441 0.08423339273518145
-0.75 -0.5 52 53 17.11498471909414 0.0802767822300465
-0.75 -0.5 53 54 16.44932565306081 0.07430737167327064
-0.75 -0.5 54 55 15.80369980302473 0.06688726744154867
-0.75 -0.5 55 56 15.17836686514758 0.06101825736613366
-0.75 -0.5 56 57 14.57327988256861 0.05616687713270591
-0.75 -0.5 57 58 13.98841002492495 0.05246880601006249
-0.75 -0.5 58 59 13.42366431433024 0.04972289006521644
-0.75 -0.5 59 60 12.87884243568905 0.0477657380444446
-0.75 -0.5 60 61 12.3536031930458 0.04594085379889493
-0.75 -0.5 61 62 11.84747150640906 0.04343020328155418
-0.75 -0.5 62 63 11.36008119962504 0.04036770824613456
-0.75 -0.5 63 64 10.89091032890086 0.03759247165283414
-0.75 -0.5 64 65 10.43942315038746 0.03554551148075512
-0.75 -0.5 65 66 10.00500677269321 0.03337222355987885
-0.75 -0.5 66 67 9.585393781404051 0.06770035244014927
-0.75 -0.5 67 68 9.183024218562267 0.04451606372152796
-0.75 -0.5 68 69 8.794598622130991 0.03062634588870713
-0.75 -0.5 69 70 8.417812075619196 0.02458589653257734
-0.75 -0.5 70 71 8.050879713548881 0.02324430417243875
-0.75 -0.5 71 72 7.69329709572726 0.02512180949583842
-0.75 -0.5 72 73 7.344969232822002 0.02815446630988885
-0.75 -0.5 73 74 7.006031986441087 0.03001988494889716
-0.75 -0.5 74 75 6.676672409261904 0.03075209671369581
-0.75 -0.5 75 76 6.356920108088609 0.03126192352150653
-0.75 -0.5 76 77 6.046882896962686 0.03154756448555716
-0.75 -0.5 77 78 5.746674888728712 0.03171363958927135
-0.75 -0.5 78 79 5.456374802390251 0.03184720383308141
-0.75 -0.5 79 80 5.176025127712393 0.03202221106770513
-0.75 -0.5 80 81 4.905634537864259 0.03229995540748486
-0.75 -0.5 81 82 4.645174188422715 0.03263023992789857
-0.75 -0.5 82 83 4.394540032876563 0.03240012022209638
-0.75 -0.5 83 84 4.153482976465696 0.02081769465666285
-0.75 -0.5 84 85 3.92232226453492 0.01175404181337389
-0.75 -0.5 85 86 3.700148785039708 0.01855421647702215
-0.75 -0.5 86 87 3.488310500350206 0.02564265102275664
-0.75 -0.5 87 88 3.285189772211968 0.02303453890048675
-0.75 -0.5 88 89 3.0911205835048 0.02022676724436435
-0.75 -0.5 89 90 2.905912982650118 0.01728225865405703
-0.75 -0.5 90 91 2.729362762374379 0.01429388425215778
-0.75 -0.5 91 92 2.561251456982834 0.01167309403953231
-0.75 -0.5 92 93 2.401353848082266 0.009967544920515803
-0.75 -0.5 93 94 2.249437299301256 0.008507140881698034
-0.75 -0.5 94 95 2.10526222695017 0.007317960182747657
-0.75 -0.5 95 96 1.968583497198871 0.006423767477469347
-0.75 -0.5 96 97 1.839151742488742 0.005957895026946259
-0.75 -0.5 97 98 1.716714597348176 0.005604996546119606
-0.75 -0.5 98 99 1.601017790341137 0.005478343643980216
-0.75 -0.5 99 100 1.491806486238639 0.0055899351340046
-0.5 -0.25 50 51 18.55613804620205 0.08773560430184417
-0.5 -0.25 51 52 17.85289177611384 0.08526511861541039
-0.5 -0.25 52 53 17.16807098078669 0.08126020466633456
-0.5 -0.25 53 54 16.50248133175913 0.0763375243321196
-0.5 -0.25 54 55 15.85667424758989 0.07064455333656355
-0.5 -0.25 55 56 15.23094743542671 0.06468927136520136
-0.5 -0.25 56 57 14.62528646271929 0.05973994016903498
-0.5 -0.25 57 58 14.0396914545907 0.05591873340981189
-0.5 -0.25 58 59 13.47409490669341 0.05302619130708023
-0.5 -0.25 59 60 12.92831862774172 0.05090324779263031
-0.5 -0.25 60 61 12.40204087312036 0.04891979778686569
-0.5 -0.25 61 62 11.89480279107498 0.04628953218712579
-0.5 -0.25 62 63 11.40625302244278 0.04314256592655692
-0.5 -0.25 63 64 10.93588201465568 0.04028427776813163
-0.5 -0.25 64 65 10.48316492919905 0.03813253761986789
-0.5 -0.25 65 66 10.04749778378721 0.03587098416243197
-0.5 -0.25 66 67 9.626792661516092 0.06830774242059448
-0.5 -0.25 67 68 9.223146338174388 0.04481658400975933
-0.5 -0.25 68 69 8.833437231403963 0.03257057663721952
-0.5 -0.25 69 70 8.455357463579944 0.02675113386782231
-0.5 -0.25 70 71 8.087119928293887 0.02542458881920084
-0.5 -0.25 71 72 7.728223733570715 0.02714100479117341
-0.5 -0.25 72 73 7.378578096158151 0.02998596088632037
-0.5 -0.25 73 74 7.038324401645625 0.03171495225277291
-0.5 -0.25 74 75 6.707654684807551 0.03190000172546904
-0.5 -0.25 75 76 6.38660245213471 0.03196045518958738
-0.5 -0.25 76 77 6.075279696044035 0.03224126552449478
-0.5 -0.25 77 78 5.773804313015113 0.03240294172705122
-0.5 -0.25 78 79 5.482258414511101 0.03253362085480393
-0.5 -0.25 79 80 5.200687467514115 0.03270818374683158
-0.5 -0.25 80 81 4.929102733210236 0.03298869684162702
-0.5 -0.25 81 82 4.667477582041144 0.03332391847027565
-0.5 -0.25 82 83 4.415709582328397 0.03309037711017057
-0.5 -0.25 83 84 4.17347138632676 0.02117217771060008
-0.5 -0.25 84 85 3.941230102220473 0.01274923750671458
-0.5 -0.25 85 86 3.718037293828171 0.01887716140131939
-0.5 -0.25 86 87 3.505281786736639 0.02622512990022981
-0.5 -0.25 87 88 3.301200400017628 0.02357441078168748
-0.5 -0.25 88 89 3.106207150405471 0.02072027840007844
-0.5 -0.25 89 90 2.920112244976028 0.01772662888156773
-0.5 -0.25 90 91 2.742711459131613 0.01468784100020648
-0.5 -0.25 91 92 2.573786151306315 0.01232522980691146
-0.5 -0.25 92 93 2.413110783856357 0.01058338707845685
-0.5 -0.25 93 94 2.260452272763828 0.009086073705584521
-0.5 -0.25 94 95 2.115570472660167 0.007856285385994677
-0.5 -0.25 95 96 1.978219587579712 0.006914134956062598
-0.5 -0.25 96 97 1.848149500151559 0.006374960545891948
-0.5 -0.25 97 98 1.725107019413942 0.005991319390761978
-0.5 -0.25 98 99 1.608836982601886 0.005780898928264148
-0.5 -0.25 99 100 1.499083613734411 0.00583357318086018
-0.25 0 50 51 18.62688886203622 0.08726635561322135
-0.25 0 51 52 17.92109260881492 0.08561404965246187
-0.25 0 52 53 17.23373761401757 0.08159421272534267
-0.25 0 53 54 16.56564129998469 0.07601469931409595
-0.25 0 54 55 15.91736471987389 0.07032451824194784
-0.25 0 55 56 15.28921319892217 0.06436083286923999
-0.25 0 56 57 14.68117766687834 0.05941497800765933
-0.25 0 57 58 14.09326308143423 0.05561257765945045
-0.25 0 58 59 13.52540592549849 0.05275107679711678
-0.25 0 59 60 12.97743097662557 0.05066843321952839
-0.25 0 60 61 12.44901834297316 0.04872275986872372
-0.25 0 61 62 11.9397098321075 0.04611403927864454
-0.25 0 62 63 11.44915515944032 0.0429753232485089
-0.25 0 63 64 10.9768446872322 0.04012683383814405
-0.25 0 64 65 10.52225321951256 0.03799433893451217
-0.25 0 65 66 10.08477580507193 0.03574699185498974
-0.25 0 66 67 9.662181713589916 0.06864671871994621
-0.25 0 67 68 9.256855084628867 0.04500052487142564
-0.25 0 68 69 8.865521034538162 0.03258970754401294
-0.25 0 69 70 8.485864576213856 0.02670878247568828
-0.25 0 70 71 8.116093317784689 0.02538809885004631
-0.25 0 71 72 7.755705754005987 0.02715536427483217
-0.25 0 72 73 7.40461141645433 0.03006089478675084
-0.25 0 73 74 7.062952956301636 0.03183219147346463
-0.25 0 74 75 6.730923568845462 0.03204043921837053
-0.25 0 75 76 6.408557328024578 0.03227659333796286
-0.25 0 76 77 6.095966973700016 0.03255784636491708
-0.25 0 77 78 5.79327095644998 0.03272032057600895
-0.25 0 78 79 5.500551731137037 0.03285265161403973
-0.25 0 79 80 5.217854889181297 0.03303014370194782
-0.25 0 80 81 4.945191614775013 0.03331521213365059
-0.25 0 81 82 4.682535034292314 0.0336560387580598
-0.25 0 82 83 4.429782296753736 0.03342377308429247
-0.25 0 83 84 4.186594621182614 0.02145948990778973
-0.25 0 84 85 3.953521883244072 0.01288222162197324
-0.25 0 85 86 3.729415833832192 0.01914392964939334
-0.25 0 86 87 3.515869404187555 0.02651478766993537
-0.25 0 87 88 3.311025780558253 0.02384489160675994
-0.25 0 88 89 3.115311799566783 0.02096954333903224
-0.25 0 89 90 2.928536477672036 0.01795312095837477
-0.25 0 90 91 2.750494342129208 0.01489074708141698
-0.25 0 91 92 2.580965459267514 0.01250784573078575
-0.25 0 92 93 2.419722956595056 0.0107610875438842
-0.25 0 93 94 2.26653238492128 0.009260162944399773
-0.25 0 94 95 2.121152213671682 0.0080273500169987
-0.25 0 95 96 1.983335249704893 0.007081518616086627
-0.25 0 96 97 1.852829973939638 0.006533038743574113
-0.25 0 97 98 1.729381796052063 0.006146441028267618
-0.25 0 98 99 1.612734161719249 0.005922467435341504
-0.25 0 99 100 1.502629919905132 0.005962918317470058
0 0.25 50 51 18.58641405266863 0.08725595323949722
0 0.25 51 52 17.88310837450297 0.0856038311788698
0 0.25 52 53 17.19808539715865 0.08158449811606876
0 0.25 53 54 16.53217363418111 0.07600579893345062
0 0.25 54 55 15.88594433852015 0.07031680819197604
0 0.25 55 56 15.25971231290879 0.06435444413879399
0 0.25 56 57 14.65347749518725 0.05940962904878519
0 0.25 57 58 14.06725285047455 0.05560793204044088
0 0.25 58 59 13.50098215796994 0.05274685620925963
0 0.25 59 60 12.95449695607756 0.05066441265567435
0 0.25 60 61 12.42748377306063 0.04871891825232517
0 0.25 61 62 11.91949042633196 0.04611059670945863
0 0.25 62 63 11.43017198384514 0.04297245622499375
0 0.25 63 64 10.95902395124533 0.04012447189670611
0 0.25 64 65 10.50552591090597 0.03799227786119952
0 0.25 65 66 10.06907741115555 0.035745277330958
0 0.25 66 67 9.647455003434118 0.06863100663785464
0 0.25 67 68 9.243040780790608 0.04498861956735452
0 0.25 68 69 8.852568130662277 0.03258309232705985
0 0.25 69 70 8.473727763946414 0.02670704664420078
0 0.25 70 71 8.104731765649646 0.02538898150777564
0 0.25 71 72 7.745081081896018 0.02715671309491266
0 0.25 72 73 7.394686891578317 0.03006140758074289
0 0.25 73 74 7.053693158074317 0.03183169163848061
0 0.25 74 75 6.722294209705119 0.03203916514686751
0 0.25 75 76 6.400525393657851 0.03227474215689304
0 0.25 76 77 6.088500585849872 0.0325555436120098
0 0.25 77 78 5.786339302873969 0.03271766175071807
0 0.25 78 79 5.494125069470428 0.03284971591598383
0 0.25 79 80 5.211904548726821 0.03302699620641925
0 0.25 80 81 4.939689995678137 0.03331190580464428
0 0.25 81 82 4.677455611757438 0.03365262183645246
0 0.25 82 83 4.42509965621749 0.03342032129861888
0 0.25 83 84 4.182284755816148 0.02145947276543999
0 0.25 84 85 3.949561159825684 0.01288219046611761
0 0.25 85 86 3.725781922695273 0.01914390728342326
0 0.25 86 87 3.51254057610485 0.02651178754238072
0 0.25 87 88 3.307982122054206 0.02384208731514547
0 0.25 88 89 3.112533962317805 0.0209669485874503
0 0.25 89 90 2.926006064117004 0.01795074240170057
0 0.25 90 91 2.74819388529292 0.01488858399708011
0 0.25 91 92 2.578878402204435 0.01250596955322515
0 0.25 92 93 2.417833626208747 0.01075956230396089
0 0.25 93 94 2.264825966586365 0.009258993063559427
0 0.25 94 95 2.119614725616007 0.00802653932396289
0 0.25 95 96 1.981953516545971 0.007081063105290173
0 0.25 96 97 1.851591599580392 0.006532979398952547
0 0.25 97 98 1.728275135957153 0.006146381334149535
0 0.25 98 99 1.61174829482716 0.005922837047704362
0 0.25 99 100 1.501754620243593 0.005963423716216457
0.25 0.5 50 51 18.43556044949983 0.08770452043394822
0.25 0.5 51 52 17.73974978745284 0.08523431642107317
0.25 0.5 52 53 17.06189053842195 0.08123091959773149
0.25 0.5 53 54 16.40282157694912 0.07631089525796099
0.25 0.5 54 55 15.76312485293687 0.07062145289827876
0.25 0.5 55 56 15.14312643746393 0.06467008723940398
0.25 0.5 56 57 14.54283884528726 0.05972383481029701
0.25 0.5 57 58 13.96228616239938 0.05590470607874563
0.25 0.5 58 59 13.40142271879853 0.05301341317400856
0.25 0.5 59 60 12.86009055323818 0.05089104743842399
0.25 0.5 60 61 12.33798712548025 0.04890811214952625
0.25 0.5 61 62 11.83467155748941 0.04627902050859126
0.25 0.5 62 63 11.34980850257938 0.04313376010843307
0.25 0.5 63 64 10.88290379031116 0.04027697009254506
0.25 0.5 64 65 10.43344687144936 0.0381261154647707
0.25 0.5 65 66 10.00084721886086 0.03586559089503633
0.25 0.5 66 67 9.583039349904681 0.06826172777436161
0.25 0.5 67 68 9.1821126149881 0.04478150820996664
0.25 0.5 68 69 8.794970775282152 0.03255094724136053
0.25 0.5 69 70 8.419322932767599 0.02674591934284663
0.25 0.5 70 71 8.053395315136797 0.02542739649994239
0.25 0.5 71 72 7.69669434404733 0.02714567885444033
0.25 0.5 72 73 7.349134162616501 0.02998862034787729
0.25 0.5 73 74 7.010860088013324 0.03171494833262268
0.25 0.5 74 75 6.682067555107288 0.03189794446499046
0.25 0.5 75 76 6.362793886322635 0.03195683188495696
0.25 0.5 76 77 6.053154481106986 0.03223642278955734
0.25 0.5 77 78 5.753270433799315 0.03239714171924348
0.25 0.5 78 79 5.463227064461485 0.03252707903023018
0.25 0.5 79 80 5.183073053136397 0.03270107541232282
0.25 0.5 80 81 4.912822870749416 0.03298116308953487
0.25 0.5 81 82 4.652453108963485 0.03331608814494502
0.25 0.5 82 83 4.401864660281788 0.0330824621006039
0.25 0.5 83 84 4.160733521467627 0.02117212584553998
0.25 0.5 84 85 3.929529669546746 0.01274914362656831
0.25 0.5 85 86 3.707307695644289 0.01887709381602702
0.25 0.5 86 87 3.495459063517856 0.02621852612769462
0.25 0.5 87 88 3.292224330645194 0.02356836036969407
0.25 0.5 88 89 3.098020057801076 0.02071481590651073
0.25 0.5 89 90 2.912659296591467 0.01772176890360588
0.25 0.5 90 91 2.735940606078213 0.01468357714395836
0.25 0.5 91 92 2.567648066360444 0.0123216833912446
0.25 0.5 92 93 2.407558782711366 0.0105806381923861
0.25 0.5 93 94 2.255442237559308 0.009084078669858707
0.25 0.5 94 95 2.111060774998826 0.007854989968761782
0.25 0.5 95 96 1.97417100901858 0.006913462734894823
0.25 0.5 96 97 1.844525150667197 0.006374780303920079
0.25 0.5 97 98 1.721872254241902 0.005991137964580396
0.25 0.5 98 99 1.605959317882318 0.005781313526367619
0.25 0.5 99 100 1.496532641328132 0.005834063745958937
0.5 0.75 50 51 18.30688539971237 0.08574147821039975
0.5 0.75 51 52 17.61516636507406 0.08418176581352788
0.5 0.75 52 53 16.94143429282389 0.08022769827520426
0.5 0.75 53 54 16.28649974431607 0.07426202470137649
0.5 0.75 54 55 15.65092096038742 0.06684672588561645
0.5 0.75 55 56 15.03500459529528 0.06098433093113954
0.5 0.75 56 57 14.43874826110081 0.0561381916641891
0.5 0.75 57 58 13.86216278355198 0.052443696455809
0.5 0.75 58 59 13.30519132752509 0.04969996347983877
0.5 0.75 59 60 12.76766705801739 0.04774386032570557
0.5 0.75 60 61 12.249280537556 0.04591991728213933
0.5 0.75 61 62 11.7495863957469 0.04341131755923718
0.5 0.75 62 63 11.26824494317717 0.04035177623007031
0.5 0.75 63 64 10.8047596565912 0.03757914950702525
0.5 0.75 64 65 10.35861840094411 0.03553375432572855
0.5 0.75 65 66 9.929230504326753 0.03336228130204864
0.5 0.75 66 67 9.51436637125498 0.06761986780689209
0.5 0.75 67 68 9.116452139046956 0.04445350243139282
0.5 0.75 68 69 8.732230861978209 0.03058809067157625
0.5 0.75 69 70 8.359425419569789 0.02457469067241657
0.5 0.75 70 71 7.996272799125364 0.02325002836097506
0.5 0.75 71 72 7.642280622622906 0.02513302024153904
0.5 0.75 72 73 7.297362075165111 0.02816333051148003
0.5 0.75 73 74 6.961659567881 0.03002463133178244
0.5 0.75 74 75 6.63536583347588 0.03075343288463345
0.5 0.75 75 76 6.318516830027598 0.03126059256906647
0.5 0.75 76 77 6.011226052194715 0.03154407605276996
0.5 0.75 77 78 5.713612949153827 0.03170841474462663
0.5 0.75 78 79 5.425761589514387 0.03184058906852086
0.5 0.75 79 80 5.147719815803988 0.03201448905202821
0.5 0.75 80 81 4.879501644179122 0.03229135469946523
0.5 0.75 81 82 4.621083587447487 0.03262097080174788
0.5 0.75 82 83 4.372367118193431 0.03239052926437742
0.5 0.75 83 84 4.13310819841589 0.02081760750719892
0.5 0.75 84 85 3.903631850579124 0.011753873983734
0.5 0.75 85 86 3.683033470204307 0.01855410338249987
0.5 0.75 86 87 3.472665823645581 0.02563448831105931
0.5 0.75 87 88 3.270916584046763 0.023027110671296
0.5 0.75 88 89 3.078124400473659 0.02022013507355594
0.5 0.75 89 90 2.894104029675038 0.01727645227214131
0.5 0.75 90 91 2.718655869263742 0.01428889992883045
0.5 0.75 91 92 2.551565953094606 0.01166895899822078
0.5 0.75 92 93 2.392613429918736 0.009964440141312871
0.5 0.75 93 94 2.241569901991966 0.008504981287701236
0.5 0.75 94 95 2.098199894792018 0.007316641026436936
0.5 0.75 95 96 1.962262250258732 0.006423149905004831
0.5 0.75 96 97 1.83351143998223 0.005957582310239971
0.5 0.75 97 98 1.711698798487177 0.005604682419270874
0.5 0.75 98 99 1.596573613341707 0.005478652267517163
0.5 0.75 99 100 1.487884466115968 0.005590205033295222
0.75 1 50 51 18.33683510243006 0.08451602891101309
0.75 1 51 52 17.64163917505638 0.08294402563230337
0.75 1 52 53 16.96493953813109 0.07902656922158983
0.75 1 53 54 16.30748012509778 0.07313961368326957
0.75 1 54 55 15.6697608665996 0.06562719525689745
0.75 1 55 56 15.0520377052826 0.05730264248697792
0.75 1 56 57 14.45426495256459 0.05053619174307591
0.75 1 57 58 13.87641428973637 0.04574841453577527
0.75 1 58 59 13.31839421467522 0.04269328693102611
0.75 1 59 60 12.78000769947312 0.0411168469535211
0.75 1 60 61 12.26091844227811 0.03968982199570584
0.75 1 61 62 11.7606584502216 0.03677591918016962
0.75 1 62 63 11.27886746283811 0.03255926869801386
0.75 1 63 64 10.81503118943787 0.02900224825960223
0.75 1 64 65 10.368621613649 0.02715776685303067
0.75 1 65 66 9.93903440543555 0.02511451423948666
0.75 1 66 67 9.524015578045635 0.06479558924986661
0.75 1 67 68 9.126008235523571 0.04221076731881547
0.75 1 68 69 8.741727271169992 0.0231204709440389
0.75 1 69 70 8.368883835700629 0.01581483562196422
0.75 1 70 71 8.005706901833435 0.01549290756821295
0.75 1 71 72 7.651697632780085 0.01922484233703942
0.75 1 72 73 7.30676561618256 0.02478756464690175
0.75 1 73 74 6.971049005242413 0.02943845802959658
0.75 1 74 75 6.644737645765439 0.03092350111222762
0.75 1 75 76 6.327865278294688 0.03135705151827342
0.75 1 76 77 6.020543138436288 0.03157364053225555
0.75 1 77 78 5.722889083998908 0.03167548269364168
0.75 1 78 79 5.434985903689203 0.03174760674180716
0.75 1 79 80 5.156880503845308 0.03186222516299195
0.75 1 80 81 4.888586271134976 0.03207916171320471
0.75 1 81 82 4.630079358181597 0.03234945511300612
0.75 1 82 83 4.381261406162125 0.03207527472928702
0.75 1 83 84 4.142003918001535 0.007981341136672628
0.75 1 84 85 3.912284895519122 0.007591007912281006
0.75 1 85 86 3.691984872663649 0.007216420805615572
0.75 1 86 87 3.481031724297917 0.0253105642888041
0.75 1 87 88 3.279122026614395 0.022730225918916
0.75 1 88 89 3.086159326842836 0.01995802280819546
0.75 1 89 90 2.901959167423968 0.01705530869504998
0.75 1 90 91 2.726322789153478 0.01411261350063031
0.75 1 91 92 2.559037118607662 0.01132032199811663
0.75 1 92 93 2.399882208115045 0.008729982307035863
0.75 1 93 94 2.248630571986457 0.006583888375509948
0.75 1 94 95 2.105047649741113 0.005316948471550998
0.75 1 95 96 1.968893189820882 0.004381214912359022
0.75 1 96 97 1.839922554444545 0.004015924323032387
0.75 1 97 98 1.717887945678372 0.003795808785780059
0.75 1 98 99 1.602539491422895 0.003882190884804633
0.75 1 99 100 1.493626572584381 0.004246905660386911
1 1.25 50 51 18.26190919601868 0.08187057135639723
1 1.25 51 52 17.57165411978372 0.08034768638093549
1 1.25 52 53 16.89985864719529 0.07654223326211695
1 1.25 53 54 16.24723475856601 0.07082117050352743
1 1.25 54 55 15.61425643732991 0.06352017151687507
1 1.25 55 56 15.00115995376555 0.05543082363880791
1 1.25 56 57 14.40788807118535 0.04885727126424566
1 1.25 57 58 13.83440012588986 0.04512142726123778
1 1.25 58 59 13.28059393868787 0.04253705325583977
1 1.25 59 60 12.74626477568594 0.04076950013952663
1 1.25 60 61 12.23107153285031 0.03913347501201017
1 1.25 61 62 11.7345449094354 0.03676756465108529
1 1.25 62 63 11.25632207510365 0.03380131155717214
1 1.25 63 64 10.79588865105467 0.03111756931105308
1 1.25 64 65 10.3527171657106 0.02919873833792011
1 1.25 65 66 9.926205287290912 0.02712785176759425
1 1.25 66 67 9.514541336220859 0.06367884558267221
1 1.25 67 68 9.119259110227489 0.04170737736767201
1 1.25 68 69 8.7375530691493 0.02455686597337345
1 1.25 69 70 8.367136072772524 0.01836950676857392
1 1.25 70 71 8.006236564969768 0.01745729245657357
1 1.25 71 72 7.654352873113595 0.02014445653468224
1 1.25 72 73 7.311394641585501 0.02377188838098804
1 1.25 73 74 6.977499938623453 0.02791047159012365
1 1.25 74 75 6.652860965530266 0.02936291614607142
1 1.25 75 76 6.337513634141317 0.02979382845526373
1 1.25 76 77 6.031572106647182 0.03001268714875876
1 1.25 77 78 5.735158500097938 0.03011892054881759
1 1.25 78 79 5.448360217095903 0.0301952120348443
1 1.25 79 80 5.17122915601486 0.030311732354891
1 1.25 80 81 4.903784011804184 0.03052656960080273
1 1.25 81 82 4.646006403280779 0.03079240051149449
1 1.25 82 83 4.39780346933545 0.03053056609481757
1 1.25 83 84 4.15920836629018 0.02362062127997133
1 1.25 84 85 3.930138539784178 0.02240055904331482
1 1.25 85 86 3.710229762296986 0.02089248104576434
1 1.25 86 87 3.499008744278338 0.02399868725960597
1 1.25 87 88 3.297232057727694 0.02150705555196525
1 1.25 88 89 3.104324237918512 0.01883084272285952
1 1.25 89 90 2.92010679023252 0.01602950591006138
1 1.25 90 91 2.744386801397596 0.0131907242862541
1 1.25 91 92 2.57695689563873 0.01049880240936523
1 1.25 92 93 2.417602677134781 0.008003541586973991
1 1.25 93 94 2.26610203875569 0.00614358644264259
1 1.25 94 95 2.122225605408488 0.004967642417126263
1 1.25 95 96 1.985738104487501 0.004136273610548746
1 1.25 96 97 1.856399659945223 0.003881543958320717
1 1.25 97 98 1.733967009771741 0.003647032524543374
1 1.25 98 99 1.618194588133001 0.003883256753516517
1 1.25 99 100 1.508835837372411 0.004270536779981141
1.25 1.5 50 51 17.93001660286748 0.07898507674569041
1.25 1.5 51 52 17.24986701690105 0.07749911572543554
1.25 1.5 52 53 16.5882500839183 0.07380484855164736
1.25 1.5 53 54 15.94581249947908 0.06825883139443842
1.25 1.5 54 55 15.32297362782418 0.06118708284008084
1.25 1.5 55 56 14.71992481166598 0.05335573807706489
1.25 1.5 56 57 14.13657360307423 0.04833126513960681
1.25 1.5 57 58 13.57284889628755 0.04505200612472567
1.25 1.5 58 59 13.02862318751548 0.04267450154253254
1.25 1.5 59 60 12.50367167202465 0.0410389832062772
1.25 1.5 60 61 11.99763857618477 0.03951874234479699
1.25 1.5 61 62 11.5100458163389 0.03734058395772717
1.25 1.5 62 63 11.04052081268526 0.03463613407139392
1.25 1.5 63 64 10.58854516765848 0.03219995173795975
1.25 1.5 64 65 10.15358905969792 0.0304452599250871
1.25 1.5 65 66 9.735050951286951 0.02856837536238587
1.25 1.5 66 67 9.33178007929439 0.06050686174040663
1.25 1.5 67 68 8.94396744937157 0.03929856915814901
1.25 1.5 68 69 8.569523487914608 0.02518470895721555
1.25 1.5 69 70 8.206197606307171 0.02063485667363264
1.25 1.5 70 71 7.852246508446775 0.02055057735118924
1.25 1.5 71 72 7.507171788482857 0.02318959023548458
1.25 1.5 72 73 7.170879978135929 0.02644374128852553
1.25 1.5 73 74 6.843500984420174 0.02831161936447672
1.25 1.5 74 75 6.52521881276072 0.02944103807161851
1.25 1.5 75 76 6.216064190601557 0.02982557052234641
1.25 1.5 76 77 5.916145024357085 0.03000192309957244
1.25 1.5 77 78 5.625577870593006 0.03006631571315065
1.25 1.5 78 79 5.344445555212531 0.03009881871990802
1.25 1.5 79 80 5.072796428735245 0.0301674425059
1.25 1.5 80 81 4.81064659881546 0.03032852830087507
1.25 1.5 81 82 4.55797592836452 0.0305370347418618
1.25 1.5 82 83 4.314668512382568 0.01955096185795276
1.25 1.5 83 84 4.080356492067036 0.01098799308105405
1.25 1.5 84 85 3.855604324390864 0.01045294687021919
1.25 1.5 85 86 3.639985329545279 0.009936936207838466
1.25 1.5 86 87 3.43306664505446 0.01547910978119321
1.25 1.5 87 88 3.235886016937219 0.02132317036040892
1.25 1.5 88 89 3.046779466149751 0.01870618928602793
1.25 1.5 89 90 2.866185760091621 0.01597086367297
1.25 1.5 90 91 2.693915603201148 0.01320170430930319
1.25 1.5 91 92 2.52976553813291 0.01078359501775088
1.25 1.5 92 93 2.373525418077143 0.009191228843881254
1.25 1.5 93 94 2.22497764754506 0.007826756817223125
1.25 1.5 94 95 2.083897573605945 0.006714248969278947
1.25 1.5 95 96 1.950054818952864 0.005876237630539365
1.25 1.5 96 97 1.823214540837736 0.005432715728798334
1.25 1.5 97 98 1.703138615721988 0.005120652388498574
1.25 1.5 98 99 1.589586694093253 0.004988486872993079
1.25 1.5 99 100 1.482317470563444 0.005093564206173609
1.5 1.75 50 51 18.04772924209874 0.07532108299245087
1.5 1.75 51 52 17.35344179653404 0.07388296745978368
1.5 1.75 52 53 16.67925098341053 0.07032174388493287
1.5 1.75 53 54 16.02563161351048 0.06498194568832565
1.5 1.75 54 55 15.39285057055875 0.0581786476097003
1.5 1.75 55 56 14.78096402905391 0.05064974290436335
1.5 1.75 56 57 14.18976013020239 0.04453432093714547
1.5 1.75 57 58 13.61906056099912 0.04020831610058771
1.5 1.75 58 59 13.06864216096251 0.03744646222105023
1.5 1.75 59 60 12.53819518836022 0.03601775372893826
1.5 1.75 60 61 12.02728615965579 0.03472902037969505
1.5 1.75 61 62 11.53536869147614 0.03211655488829957
1.5 1.75 62 63 11.06200972032617 0.02834704714969685
1.5 1.75 63 64 10.60663663517273 0.02492284480353716
1.5 1.75 64 65 10.16867071680838 0.02280028936419549
1.5 1.75 65 66 9.747467668654622 0.02028595629178039
1.5 1.75 66 67 9.342974276523421 0.05443885028746047
1.5 1.75 67 68 8.952995788302943 0.03446110864871782
1.5 1.75 68 69 8.57662821511272 0.01790272641256796
1.5 1.75 69 70 8.211590046571573 0.006390714509373455
1.5 1.75 70 71 7.856115142497991 0.01112491416495751
1.5 1.75 71 72 7.50968569462983 0.01843883248716056
1.5 1.75 72 73 7.172194537785501 0.02563276450292331
1.5 1.75 73 74 6.843756706312952 0.02949503597841887
1.5 1.75 74 75 6.524543772813345 0.0305793014804069
1.5 1.75 75 76 6.214576892336453 0.03073873102903098
1.5 1.75 76 77 5.913953263414534 0.03070910482267353
1.5 1.75 77 78 5.622779318048956 0.0305817643202582
1.5 1.75 78 79 5.341128452095575 0.03043278251951778
1.5 1.75 79 80 5.06904035400342 0.03032680478840273
1.5 1.75 80 81 4.80652318236293 0.03031735361037117
1.5 1.75 81 82 4.553822675103994 0.01910614153847757
1.5 1.75 82 83 4.309416404395762 0.003031409765017156
1.5 1.75 83 84 4.075263995364296 0.002885268515991664
1.5 1.75 84 85 3.850396932489364 0.00274917730319888
1.5 1.75 85 86 3.634702820862305 0.002622339690765707
1.5 1.75 86 87 3.428049291401535 0.002503795301379597
1.5 1.75 87 88 3.230690370432029 0.02084052541827986
1.5 1.75 88 89 3.041583404921433 0.01825411976221747
1.5 1.75 89 90 2.861014807697874 0.01556328886085898
1.5 1.75 90 91 2.688791984319362 0.0128482858686258
1.5 1.75 91 92 2.524708532454191 0.01027780712994474
1.5 1.75 92 93 2.368551584977684 0.007896985126827101
1.5 1.75 93 94 2.220101068228349 0.005709766329029353
1.5 1.75 94 95 2.079130090864918 0.0037164094586827
1.5 1.75 95 96 1.945406257992358 0.001998697291376868
1.5 1.75 96 97 1.818692912438339 0.001631793986481964
1.5 1.75 97 98 1.698750303007541 0.001566280881453437
1.5 1.75 98 99 1.585336627482519 0.002431205852044001
1.5 1.75 99 100 1.478209273938109 0.003547586034845115
1.75 2 50 51 17.93134260540162 0.07467971395082182
1.75 2 51 52 17.24412422337485 0.07317792299262381
1.75 2 52 53 16.57695054417727 0.06964006930991427
1.75 2 53 54 15.93025087148976 0.06439886906853755
1.75 2 54 55 15.30425533466062 0.0577580763048789
1.75 2 55 56 14.69899233460241 0.05042473825931829
1.75 2 56 57 14.11423382460364 0.04444434212050101
1.75 2 57 58 13.54978492096409 0.04017643420184339
1.75 2 58 59 13.0054083348054 0.03740573561143259
1.75 2 59 60 12.48078437484222 0.03591112034148654
1.75 2 60 61 11.97547621160604 0.03455648536135895
1.75 2 61 62 11.4889402341442 0.03194885078727505
1.75 2 62 63 11.02074023161164 0.02824770751001457
1.75 2 63 64 10.57030718861796 0.02488171471730907
1.75 2 64 65 10.13706656155283 0.02276009260663058
1.75 2 65 66 9.720380110252961 0.02027187614594576
1.75 2 66 67 9.318894150436407 0.0524620813015072
1.75 2 67 68 8.933130297145453 0.0333574440097486
1.75 2 68 69 8.560789901531024 0.01754125959209267
1.75 2 69 70 8.199593226676498 0.01047899743930535
1.75 2 70 71 7.847766237300938 0.01330621319136507
1.75 2 71 72 7.50477958056603 0.01808356224563447
1.75 2 72 73 7.170520199358776 0.02415488154390598
1.75 2 73 74 6.845098996481362 0.02782862602845929
1.75 2 74 75 6.528688426633835 0.02886135531555402
1.75 2 75 76 6.221308275258963 0.02901217495592694
1.75 2 76 77 5.923057495766848 0.02897989686666068
1.75 2 77 78 5.634047436998969 0.02885152555713944
1.75 2 78 79 5.354357050242513 0.02869959081032239
1.75 2 79 80 5.084032244557093 0.02858574965965684
1.75 2 80 81 4.823087972238049 0.02856105440188891
1.75 2 81 82 4.572075862038027 0.01816719940953315
1.75 2 82 83 4.328941338103377 0.004663660000855809
1.75 2 83 84 4.095803610995151 0.004368751792868834
1.75 2 84 85 3.871793596127091 0.004091773466282476
1.75 2 85 86 3.656807275872701 0.003831960275647564
1.75 2 86 87 3.450720783841703 0.003588425003746684
1.75 2 87 88 3.253565442498939 0.01945028621366894
1.75 2 88 89 3.064788433899547 0.01698562492640164
1.75 2 89 90 2.884432846602891 0.01442437814986691
1.75 2 90 91 2.712314620989925 0.01184268757949869
1.75 2 91 92 2.548235737519128 0.009400277732683333
1.75 2 92 93 2.391991550765947 0.007139727510126478
1.75 2 93 94 2.243370002638661 0.005064551162073439
1.75 2 94 95 2.102151978341304 0.003174639913525807
1.75 2 95 96 1.96811259636819 0.002004983790254936
1.75 2 96 97 1.841022429282649 0.001883816490678211
1.75 2 97 98 1.720648654956024 0.001806089663588697
1.75 2 98 99 1.606756089547909 0.002631360931154173
1.75 2 99 100 1.499108402561596 0.003683624061556137
2 2.25 50 51 17.97780439726489 0.073022757195763
2 2.25 51 52 17.268961823296 0.07148159556114299
2 2.25 52 53 16.58270372979797 0.06800560956830273
2 2.25 53 54 15.91919003805599 0.06291353753391246
2 2.25 54 55 15.27841085965794 0.0564960829527319
2 2.25 55 56 14.66018157754026 0.0494265013829053
2 2.25 56 57 14.06408760947706 0.04364809358089728
2 2.25 57 58 13.48976377150137 0.03950127716046384
2 2.25 58 59 12.93681916131051 0.03678046945178875
2 2.25 59 60 12.40479681139709 0.03527468263700206
2 2.25 60 61 11.89313461341483 0.03390671111409989
2 2.25 61 62 11.40117787823633 0.03135682228631476
2 2.25 62 63 10.92839096432547 0.02777689618999187
2 2.25 63 64 10.47411372676959 0.02451865995072261
2 2.25 64 65 10.03768909059183 0.02244159367277597
2 2.25 65 66 9.618405217228442 0.0200232114219705
2 2.25 66 67 9.214219346133063 0.05240730586940805
2 2.25 67 68 8.826855707226265 0.03388298115247228
2 2.25 68 69 8.453329165445176 0.01829530357260852
2 2.25 69 70 8.091335939006491 0.009138355234108428
2 2.25 70 71 7.739094409307171 0.009772650026313898
2 2.25 71 72 7.396057211753288 0.01385642840812888
2 2.25 72 73 7.062091316818716 0.02067631104895414
2 2.25 73 74 6.737280422087871 0.02438416775558543
2 2.25 74 75 6.42176879195118 0.02555126205947748
2 2.25 75 76 6.115555962113135 0.02585647047757398
2 2.25 76 77 5.818716114949588 0.02596402862381499
2 2.25 77 78 5.531334880569702 0.0259590902617341
2 2.25 78 79 5.253466808514411 0.02591263321442605
2 2.25 79 80 4.985134840495036 0.02588489244950441
2 2.25 80 81 4.726332343910002 0.02592574717263029
2 2.25 81 82 4.476275767140603 0.01927994511189906
2 2.25 82 83 4.236815938004867 0.01889763488090883
2 2.25 83 84 4.00649382407245 0.01813674523957604
2 2.25 84 85 3.785226830118958 0.01706975706575324
2 2.25 85 86 3.572912314787153 0.01576224816363485
2 2.25 86 87 3.3694282310224 0.0142718076666508
2 2.25 87 88 3.174664664414433 0.01264877260386737
2 2.25 88 89 2.988424547297367 0.01530220779567642
2 2.25 89 90 2.810800912282982 0.01292189456972994
2 2.25 90 91 2.641414338968389 0.01052649501223804
2 2.25 91 92 2.480057051612915 0.008268201992347441
2 2.25 92 93 2.326515598488175 0.006191569069216861
2 2.25 93 94 2.180569965667775 0.004311411699176154
2 2.25 94 95 2.041993865869618 0.002694231939276059
2 2.25 95 96 1.910555990007376 0.002195840676410891
2 2.25 96 97 1.786021190097253 0.002199895297153569
2 2.25 97 98 1.668151593152794 0.002746968450009222
2 2.25 98 99 1.55670760149221 0.003361720956580669
2 2.25 99 100 1.451449054836214 0.004118157660725082
2.25 2.5 50 51 17.71855510640299 0.06971296947025066
2.25 2.5 51 52 17.00786930610337 0.06819575800515355
2.25 2.5 52 53 16.32102053313079 0.06484202709403558
2.25 2.5 53 54 15.6579895025086 0.05995680162930409
2.25 2.5 54 55 15.01860954037902 0.05381803675771449
2.25 2.5 55 56 14.40255934087577 0.04706479710429577
2.25 2.5 56 57 13.80930666201887 0.0425188053472704
2.25 2.5 57 58 13.23838180972021 0.03944961438610044
2.25 2.5 58 59 12.6893018260208 0.03715754029624809
2.25 2.5 59 60 12.16152950886143 0.03550970612553775
2.25 2.5 60 61 11.65443271507363 0.03398173394210357
2.25 2.5 61 62 11.1672982434503 0.03192769030640776
2.25 2.5 62 63 10.69953631312347 0.0294531291639982
2.25 2.5 63 64 10.25044259507946 0.02721590299844765
2.25 2.5 64 65 9.81932129120294 0.02556414925952199
2.25 2.5 65 66 9.39188176709402 0.04591757223411354
2.25 2.5 66 67 8.995940868912662 0.03226257003662111
2.25 2.5 67 68 8.625654510175529 0.02769313473138648
2.25 2.5 68 69 8.257663477859772 0.01745485537568919
2.25 2.5 69 70 7.90129594760419 0.01705022169888248
2.25 2.5 70 71 7.554788043243661 0.01929816408760447
2.25 2.5 71 72 7.217576825179961 0.022639269917624
2.25 2.5 72 73 6.889506813944422 0.02564312537915235
2.25 2.5 73 74 6.57063521834425 0.02789533062525395
2.25 2.5 74 75 6.261082059188226 0.02876542120745307
2.25 2.5 75 76 5.960823610180455 0.02884211167676859
2.25 2.5 76 77 5.669912755687292 0.02873679976815751
2.25 2.5 77 78 5.388416885864451 0.02852879416925335
2.25 2.5 78 79 5.118283591227708 0.01724697936235456
2.25 2.5 79 80 4.855349258567035 0.01729117173570675
2.25 2.5 80 81 4.600419104147264 0.009567049090481896
2.25 2.5 81 82 4.356626390372607 0.009030887294948062
2.25 2.5 82 83 4.122111794137876 0.008559492089023251
2.25 2.5 83 84 3.896779291156172 0.008107755875663617
2.25 2.5 84 85 3.680521225783444 0.007675158843273716
2.25 2.5 85 86 3.473211366556363 0.007261217828642052
2.25 2.5 86 87 3.274705856876754 0.006865388308124745
2.25 2.5 87 88 3.08484177460587 0.006486640766408765
2.25 2.5 88 89 2.903436103796452 0.006125592677438964
2.25 2.5 89 90 2.730456421184488 0.01431990563390659
2.25 2.5 90 91 2.56537684607186 0.01195805985010399
2.25 2.5 91 92 2.408170386681014 0.0097258639533355
2.25 2.5 92 93 2.258623192507789 0.007660208925787847
2.25 2.5 93 94 2.116515441177766 0.006325946159165153
2.25 2.5 94 95 1.981621613094394 0.005252705759723645
2.25 2.5 95 96 1.853711690640878 0.004397334813173087
2.25 2.5 96 97 1.732552290872761 0.003785859443875329
2.25 2.5 97 98 1.61790773145205 0.003555727521890468
2.25 2.5 98 99 1.509540989234093 0.00333755003782519
2.25 2.5 99 100 1.407214801518441 0.003366978018384043
2.5 2.75 50 51 17.76811428059155 0.08099522684810181
2.5 2.75 51 52 17.03480982061872 0.07782474571446611
2.5 2.75 52 53 16.32804593972905 0.07399315758690445
2.5 2.75 53 54 15.64751245886335 0.06962803065565114
2.5 2.75 54 55 14.99278396073424 0.06488316393716614
2.5 2.75 55 56 14.36330917636074 0.06008243325591707
2.5 2.75 56 57 13.75835264359392 0.05596175208835159
2.5 2.75 57 58 13.17726212620555 0.05257211944865663
2.5 2.75 58 59 12.61939112816633 0.04978268778455949
2.5 2.75 59 60 12.0840565618299 0.04749135289030704
2.5 2.75 60 61 11.57049547428785 0.04534275476391047
2.5 2.75 61 62 11.07788025340047 0.04290457706819598
2.5 2.75 62 63 10.60551579531544 0.04025334662299414
2.5 2.75 63 64 10.15260522766898 0.03782122360495162
2.5 2.75 64 65 9.718369196617765 0.03581928726659737
2.5 2.75 65 66 9.289171300595804 0.04934940497650164
2.5 2.75 66 67 8.891246075485746 0.03819671506649765
2.5 2.75 67 68 8.518902807350351 0.03102428529015527
2.5 2.75 68 69 8.149959820280181 0.02737852034746377
2.5 2.75 69 70 7.793078704900054 0.02661001182742187
2.5 2.75 70 71 7.446473618919136 0.02739014587798357
2.5 2.75 71 72 7.109548137084573 0.02905494740928481
2.5 2.75 72 73 6.782114940327865 0.0306912834532335
2.5 2.75 73 74 6.464196058622377 0.03128723286076619
2.5 2.75 74 75 6.155879008271171 0.03080293326543945
2.5 2.75 75 76 5.857112043572428 0.02995393845163752
2.5 2.75 76 77 5.56791923623517 0.02904882064227378
2.5 2.75 77 78 5.290237451930349 0.01769217352991162
2.5 2.75 78 79 5.020091497095368 0.01742907886978974
2.5 2.75 79 80 4.75785652870751 0.01589130148898725
2.5 2.75 80 81 4.507064648323023 0.01503169007133555
2.5 2.75 81 82 4.265752547487931 0.01422080785926371
2.5 2.75 82 83 4.033807968979268 0.01346036999497703
2.5 2.75 83 84 3.811117286069219 0.01273146457889622
2.5 2.75 84 85 3.597556309152765 0.01203337553177358
2.5 2.75 85 86 3.392983533847381 0.01136539064850499
2.5 2.75 86 87 3.19724109938976 0.01072674745791144
2.5 2.75 87 88 3.010153390827966 0.01011638395860531
2.5 2.75 88 89 2.831526201083898 0.009534126110093438
2.5 2.75 89 90 2.661480716302512 0.01003637395027292
2.5 2.75 90 91 2.499053092470325 0.01150677494968278
2.5 2.75 91 92 2.344567946603952 0.009399282238516627
2.5 2.75 92 93 2.197707607989164 0.00745086774093444
2.5 2.75 93 94 2.058245301045298 0.005664615661324194
2.5 2.75 94 95 1.92594936080912 0.004041375183379643
2.5 2.75 95 96 1.800584383927808 0.002582294655112583
2.5 2.75 96 97 1.681912314438755 0.001466936803024779
2.5 2.75 97 98 1.569693464119306 0.0009632408329024747
2.5 2.75 98 99 1.463687431207402 0.001093420526962299
2.5 2.75 99 100 1.363654140683502 0.001959074500971465
2.75 3 50 51 17.56404945600599 0.06338837771795722
2.75 3 51 52 16.81249672346833 0.06194408569258544
2.75 3 52 53 16.09041194368176 0.05887118905906737
2.75 3 53 54 15.39714739143601 0.0544450926533924
2.75 3 54 55 14.73197841351103 0.0489161937360143
2.75 3 55 56 14.09408840183517 0.04284839323393067
2.75 3 56 57 13.48250726201614 0.03784721187067184
2.75 3 57 58 12.89637392364423 0.03419090933577378
2.75 3 58 59 12.33485592582062 0.03170757451820624
2.75 3 59 60 11.79710497090689 0.030222131085154
2.75 3 60 61 11.28221068858214 0.02886822483161077
2.75 3 61 62 10.78921719477464 0.02659123617745567
2.75 3 62 63 10.31731186245871 0.02351577625619327
2.75 3 63 64 9.86559584781066 0.02070935702558637
2.75 3 64 65 9.433198410708897 0.01884699178924145
2.75 3 65 66 9.007184461297236 0.03491429009796768
2.75 3 66 67 8.6120993830692 0.02195892902882179
2.75 3 67 68 8.242482179644895 0.02158077724017574
2.75 3 68 69 7.877301642210277 0.01041630824305262
2.75 3 69 70 7.524609069255767 0.008538125705276083
2.75 3 70 71 7.182624952593912 0.01425120746948703
2.75 3 71 72 6.85072334345957 0.02074166742194892
2.75 3 72 73 6.528679751266431 0.02595731973739593
2.75 3 73 74 6.220050251268979 0.01612984888765426
2.75 3 74 75 5.916840371136836 0.01704171497054765
2.75 3 75 76 5.623636464286704 0.01748868151815509
2.75 3 76 77 5.338494763871207 0.002684175297178465
2.75 3 77 78 5.065549673746514 0.002499246683313376
2.75 3 78 79 4.802341989026164 0.002207150912356414
2.75 3 79 80 4.548817764621546 0.001766666502120724
2.75 3 80 81 4.304906157528098 0.001201151664934915
2.75 3 81 82 4.070510940466541 0.0008110881727210606
2.75 3 82 83 3.845494932595336 0.0007830028732189071
2.75 3 83 84 3.629720618008363 0.0008126252416999917
2.75 3 84 85 3.423041643950434 0.0008385678745353739
2.75 3 85 86 3.225296238335872 0.0008605412370400264
2.75 3 86 87 3.036308165366437 0.0008781466449728611
2.75 3 87 88 2.855885327514574 0.000888783561323874
2.75 3 88 89 2.683819137980535 0.000898841396413901
2.75 3 89 90 2.519900196808722 0.0009050274041759197
2.75 3 90 91 2.363911472707276 0.0009071949339833811
2.75 3 91 92 2.215827498741982 0.007591373793204254
2.75 3 92 93 2.074890346302949 0.008635773590350984
2.75 3 93 94 1.941301398384773 0.006924562715680706
2.75 3 94 95 1.814716540939676 0.005365367308742913
2.75 3 95 96 1.694895035288026 0.003956382220417433
2.75 3 96 97 1.581594564167776 0.002695614334957206
2.75 3 97 98 1.474572180133336 0.001586349318433524
2.75 3 98 99 1.373585158793803 0.001051916847894517
2.75 3 99 100 1.278391951228966 0.0008006847552729686
3 3.25 50 51 16.90194395556834 0.05961440950309389
3 3.25 51 52 16.14698002772695 0.0582532927960913
3 3.25 52 53 15.424086957428 0.05538266731491753
3 3.25 53 54 14.73226206737904 0.05126023993153471
3 3.25 54 55 14.07046875171113 0.04612000047010013
3 3.25 55 56 13.43761640648154 0.04048054575480628
3 3.25 56 57 12.83249542628285 0.03580674964561133
3 3.25 57 58 12.25403340015971 0.0323519346484006
3 3.25 58 59 11.701211519654 0.02995932112700028
3 3.25 59 60 11.17301787177769 0.02846977339266696
3 3.25 60 61 10.66839884521016 0.02710798834086867
3 3.25 61 62 10.18627664837845 0.02493307677622491
3 3.25 62 63 9.725726338542223 0.02205774403534084
3 3.25 63 64 9.285755425258515 0.01942636457059271
3 3.25 64 65 8.86541063504351 0.01763484949043765
3 3.25 65 66 8.452433572336254 0.03117427017811436
3 3.25 66 67 8.069764693003584 0.01895466698211074
3 3.25 67 68 7.712048488554252 0.01937522186516922
3 3.25 68 69 7.359665600636546 0.00979817459603544
3 3.25 69 70 7.020001026562703 0.01006473348249904
3 3.25 70 71 6.691329136759883 0.01581030335453225
3 3.25 71 72 6.373006713627738 0.02193999601948405
3 3.25 72 73 6.068627199511727 0.01383451479352011
3 3.25 73 74 5.769762172668582 0.0160986631586387
3 3.25 74 75 5.478006458165773 0.003626718491398455
3 3.25 75 76 5.199620040614906 0.002777799485578786
3 3.25 76 77 4.931091052140879 0.002322289948199922
3 3.25 77 78 4.672358139858229 0.002104123341815841
3 3.25 78 79 4.423313250472358 0.001805440517347066
3 3.25 79 80 4.183863689974231 0.00139213483365727
3 3.25 80 81 3.95390254666221 0.000944478702770332
3 3.25 81 82 3.73330094142182 0.0007528357095865723
3 3.25 82 83 3.521894169834162 0.0007771659846591563
3 3.25 83 84 3.31951822203143 0.000798766239582735
3 3.25 84 85 3.126002327684294 0.0008169357154210973
3 3.25 85 86 2.941162892930937 0.000847009428654768
3 3.25 86 87 2.76480443681174 0.0008644240993511511
3 3.25 87 88 2.596718326303669 0.0008570117620984259
3 3.25 88 89 2.43668240872759 0.0008515291157719822
3 3.25 89 90 2.284474886870745 0.000852441437072886
3 3.25 90 91 2.13986831319008 0.0008500261916046315
3 3.25 91 92 2.002629454648449 0.0008449755755471781
3 3.25 92 93 1.872521588107009 0.0008372196764107751
3 3.25 93 94 1.749305139589698 0.0008269757457470477
3 3.25 94 95 1.632916293064698 0.005002318984475429
3 3.25 95 96 1.522605247350211 0.005659857673177148
3 3.25 96 97 1.418593171906888 0.004450839231143515
3 3.25 97 98 1.320504901232156 0.003369325468954262
3 3.25 98 99 1.228099661981704 0.002410256653223395
3 3.25 99 100 1.141138910175802 0.001570389146660698
3.25 3.5 50 51 15.49115242451649 0.05488634724390665
3.25 3.5 51 52 14.76483902643545 0.05366433776140325
3.25 3.5 52 53 14.07184527958447 0.05107662216334537
3.25 3.5 53 54 13.4108611315808 0.04735861607612608
3.25 3.5 54 55 12.78058589677018 0.04272373934160101
3.25 3.5 55 56 12.17970349945153 0.03763469708404646
3.25 3.5 56 57 11.60681546618788 0.03338395429766542
3.25 3.5 57 58 11.06068492234937 0.03019491978280454
3.25 3.5 58 59 10.54015159161951 0.02793004358990586
3.25 3.5 59 60 10.04408389644612 0.02645029334423218
3.25 3.5 60 61 9.571329956726082 0.02509139773269395
3.25 3.5 61 62 9.120735195107223 0.02305042587533928
3.25 3.5 62 63 8.691301798550462 0.02042535091863676
3.25 3.5 63 64 8.281985372307574 0.01801185261705378
3.25 3.5 64 65 7.891790163149878 0.01631092388485953
3.25 3.5 65 66 7.519725633774613 0.01445445713466266
3.25 3.5 66 67 7.15550538099582 0.01800831010398148
3.25 3.5 67 68 6.825504621942578 0.01861930457845733
3.25 3.5 68 69 6.501226189026454 0.009525448849362792
3.25 3.5 69 70 6.189384617065713 0.009829471136284898
3.25 3.5 70 71 5.888386656426867 0.01539287690407618
3.25 3.5 71 72 5.601815281399624 0.009684753567636074
3.25 3.5 72 73 5.320251385435768 0.01308819027293456
3.25 3.5 73 74 5.045480826883633 0.004234139462028084
3.25 3.5 74 75 4.784068921448672 0.003239825357781643
3.25 3.5 75 76 4.532247752497515 0.002457925357634445
3.25 3.5 76 77 4.289923805214062 0.001998211444911807
3.25 3.5 77 78 4.056990979407303 0.001736901567536617
3.25 3.5 78 79 3.833304690804837 0.001426773460558292
3.25 3.5 79 80 3.618734571860383 0.001042169922114546
3.25 3.5 80 81 3.413139341646085 0.0007722771130204267
3.25 3.5 81 82 3.216360241103439 0.0006123947160833779
3.25 3.5 82 83 3.006920736434445 0.003205435195027901
3.25 3.5 83 84 2.828452073721872 0.002084430889600069
3.25 3.5 84 85 2.658313620201382 0.00503917243202176
3.25 3.5 85 86 2.496270802671827 0.006067770757371138
3.25 3.5 86 87 2.355876817909646 0.007655787503347173
3.25 3.5 87 88 2.208253440780634 0.006339920650404208
3.25 3.5 88 89 2.056397897260403 0.0008775073090626806
3.25 3.5 89 90 1.924435302173354 0.002933474994456373
3.25 3.5 90 91 1.809817055778353 0.000805028649274718
3.25 3.5 91 92 1.690098894634271 0.0007908270508175794
3.25 3.5 92 93 1.576853736748766 0.0007721064731785466
3.25 3.5 93 94 1.469845990423192 0.000750147484672922
3.25 3.5 94 95 1.36883985276468 0.0007260640987064688
3.25 3.5 95 96 1.273600114786424 0.0007007941726037088
3.25 3.5 96 97 1.183892909755839 0.0006750991177199812
3.25 3.5 97 98 1.099486405286166 0.0006495703767490853
3.25 3.5 98 99 1.020290349680517 0.002968867475735027
3.25 3.5 99 100 0.9457537411300594 0.002360290353686762
3.5 3.75 50 51 13.16322295560287 0.04845005184946257
3.5 3.75 51 52 12.51268054273844 0.04745335660239051
3.5 3.75 52 53 11.89422717469053 0.04527556389280765
3.5 3.75 53 54 11.306378379742 0.04212222007806721
3.5 3.75 54 55 10.74769561099821 0.03817933241041598
3.5 3.75 55 56 10.21675842730693 0.03383791534839106
3.5 3.75 56 57 9.712098823393092 0.03017250564504195
3.5 3.75 57 58 9.232423212503555 0.02736918126551764
3.5 3.75 58 59 8.776530015043093 0.02531506864210071
3.5 3.75 59 60 8.343262967499491 0.02389672769296385
3.5 3.75 60 61 7.931464698518283 0.02258549753083688
3.5 3.75 61 62 7.539993426995061 0.02074586631415754
3.5 3.75 62 63 7.167857734543031 0.01845763356697278
3.5 3.75 63 64 6.814040512926276 0.01633928301021599
3.5 3.75 64 65 6.477578107313938 0.01477925388760061
3.5 3.75 65 66 6.157524653228201 0.01311625704956843
3.5 3.75 66 67 5.852929668613545 0.01159072993381821
3.5 3.75 67 68 5.555305273953138 0.0121077929105131
3.5 3.75 68 69 5.285301031545785 0.0121118599503439
3.5 3.75 69 70 5.019753537013202 0.007238450192206883
3.5 3.75 70 71 4.764177277357781 0.01045958150651889
3.5 3.75 71 72 4.521922036605829 0.006498220594285592
3.5 3.75 72 73 4.284182744538008 0.009554824768512851
3.5 3.75 73 74 4.05271143942289 0.0038421109355757
3.5 3.75 74 75 3.833309106323254 0.002974857006165417
3.5 3.75 75 76 3.622567533419742 0.002273438719003154
3.5 3.75 76 77 3.420355654412436 0.001812856780846259
3.5 3.75 77 78 3.226534012711575 0.001506425706171869
3.5 3.75 78 79 3.0409347135614 0.001184712553559797
3.5 3.75 79 80 2.8409065433374 0.007551037022682075
3.5 3.75 80 81 2.693491204671673 0.005744430552695839
3.5 3.75 81 82 2.547778212916951 0.004918910507437508
3.5 3.75 82 83 2.377248303173106 0.004366479184753642
3.5 3.75 83 84 2.230231351198221 0.003760009791726561
3.5 3.75 84 85 2.090357455489858 0.003221290812428445
3.5 3.75 85 86 1.957425245655394 0.002731114722232056
3.5 3.75 86 87 1.831228198251881 0.002281507131942482
3.5 3.75 87 88 1.711553909237416 0.001870603620721021
3.5 3.75 88 89 1.598184251548007 0.00150413467186414
3.5 3.75 89 90 1.49090360229915 0.001184579698988336
3.5 3.75 90 91 1.389495405159034 0.0009158878238529857
3.5 3.75 91 92 1.29374215500794 0.0007264102779919359
3.5 3.75 92 93 1.203426827137602 0.000690229759989466
3.5 3.75 93 94 1.118333322305953 0.0006688098756459652
3.5 3.75 94 95 1.038247007977314 0.0006446154743859207
3.5 3.75 95 96 0.96307893159962 0.0006200553460958477
3.5 3.75 96 97 0.892248355759063 0.0007938051861608983
3.5 3.75 97 98 0.8259193184727227 0.0008907228171286422
3.5 3.75 98 99 0.7602359626356434 0.0009876065757073805
3.5 3.75 99 100 0.7085104011791259 0.00113773779973172
3.75 4 50 51 10.00657222231708 0.001370597865912305
3.75 4 51 52 9.485100076511074 0.00132902243241645
3.75 4 52 53 8.991179354245944 0.001267905535687151
3.75 4 53 54 8.52328856780408 0.001229380728414605
3.75 4 54 55 8.080045062646459 0.001191231111178596
3.75 4 55 56 7.660138287890977 0.001138086963485642
3.75 4 56 57 7.262430392743006 0.02020082846707089
3.75 4 57 58 6.88538077773309 0.0237392013603382
3.75 4 58 59 6.528108613521724 0.02200062395742103
3.75 4 59 60 6.189532842879739 0.02071950867852728
3.75 4 60 61 5.868625104302101 0.01952353800129178
3.75 4 61 62 5.564383497441224 0.01796883440296496
3.75 4 62 63 5.275936394657467 0.01611393700436963
3.75 4 63 64 5.002403454547871 0.01437935636690394
3.75 4 64 65 4.742955054207624 0.01302829517205065
3.75 4 65 66 4.496786303039839 0.01162648509735602
3.75 4 66 67 4.263099073669151 0.01032896427813517
3.75 4 67 68 4.04105789528804 0.009108739934105535
3.75 4 68 69 3.829611008519592 0.007980417200543198
3.75 4 69 70 3.622221878043613 0.006267183908612463
3.75 4 70 71 3.432957291480506 0.006479080209643272
3.75 4 71 72 3.246786446007171 0.006109279697110815
3.75 4 72 73 3.07122644365516 0.003697697890471868
3.75 4 73 74 2.899246320838579 0.005401509679064799
3.75 4 74 75 2.732344352223928 0.002917478383274372
3.75 4 75 76 2.574926967206533 0.002313841572768824
3.75 4 76 77 2.424349017967343 0.001866195017461823
3.75 4 77 78 2.280464074840122 0.001525363268365137
3.75 4 78 79 2.143107839624563 0.0011981615083934
3.75 4 79 80 1.995292551807467 0.003373842361519509
3.75 4 80 81 1.899151485625698 0.002225920982742123
3.75 4 81 82 1.768637946992095 0.0004886203943135133
3.75 4 82 83 1.655789628531339 0.0004415979245837777
3.75 4 83 84 1.548636683950936 0.0004439473622476222
3.75 4 84 85 1.44700361192423 0.0004510041700878451
3.75 4 85 86 1.350712290303806 0.0004937015636691831
3.75 4 86 87 1.259582569797539 0.0005504782662113044
3.75 4 87 88 1.173431871988137 0.0005799471723948254
3.75 4 88 89 1.092075485457076 0.00059720162989045
3.75 4 89 90 1.015331516259832 0.0006055877581684603
3.75 4 90 91 0.9430189153805739 0.0006059435889058364
3.75 4 91 92 0.8749575186372187 0.0005970566783802093
3.75 4 92 93 0.8109689454762625 0.0005801513463228515
3.75 4 93 94 0.7508769137038365 0.0005570233990741615
3.75 4 94 95 0.6945076020049656 0.000529252319336782
3.75 4 95 96 0.6416900430209156 0.000498209769543346
3.75 4 96 97 0.5922564794457215 0.0004650714510370972
3.75 4 97 98 0.5460426840459471 0.0004308309559151647
3.75 4 98 99 0.5028882408934769 0.0004075345624546964
3.75 4 99 100 0.4626368103378886 0.0003858051673686323
4 5 50 51 8.252436603771642 0.01425808703556579
4 5 51 52 7.760037180640008 0.01351375014052646
4 5 52 53 7.296918880830042 0.01313809458625657
4 5 53 54 6.861167951600954 0.01253631811684846
4 5 54 55 6.451115086075223 0.01163550160297864
4 5 55 56 6.065208483784389 0.0105868172577793
4 5 56 57 5.701924897516523 0.009770786559970199
4 5 57 58 5.359909056621078 0.009231775482180116
4 5 58 59 5.037879021306829 0.00877302536956096
4 5 59 60 4.7346171844951 0.008208571857661254
4 5 60 61 4.449009251485771 0.007653130546099239
4 5 61 62 4.179991258419395 0.007238888352632524
4 5 62 63 3.926568783571321 0.006817864262862826
4 5 63 64 3.687808103338316 0.006425775905990545
4 5 64 65 3.462824718231433 0.00606637555305653
4 5 65 66 3.250782462414032 0.00573409451354391
4 5 66 67 3.050880770500385 0.005424063492234455
4 5 67 68 2.862308048697764 0.00513004710527342
4 5 68 69 2.684134408740317 0.004852845358015411
4 5 69 70 2.515251956592548 0.004590758775059594
4 5 70 71 2.35479312450999 0.004343223565618119
4 5 71 72 2.202280382869343 0.004107208248220275
4 5 72 73 2.057395633151192 0.003883963007648184
4 5 73 74 1.919873307905871 0.003673557636269945
4 5 74 75 1.789467195204866 0.003468315325467809
4 5 75 76 1.66593994163219 0.003279281510559197
4 5 76 77 1.549057649022745 0.003097240203229911
4 5 77 78 1.437190716525497 0.001419822595550605
4 5 78 79 1.332986304597005 0.001338207662605926
4 5 79 80 1.23640186325811 0.001699285726479563
4 5 80 81 1.143589678722317 0.001237693712320031
4 5 81 82 1.055112459226248 0.001619670867375121
4 5 82 83 0.9733563556085674 0.001413328025530726
4 5 83 84 0.8966516743535773 0.001239549358657602
4 5 84 85 0.824777666563437 0.001094872639164155
4 5 85 86 0.7575172194166968 0.0009741318863851542
4 5 86 87 0.6946572686292807 0.0008738115180043007
4 5 87 88 0.6359892433016341 0.0007903355441298475
4 5 88 89 0.5813090940523999 0.000719883493887161
4 5 89 90 0.5304167141137277 0.0006600754434347504
4 5 90 91 0.4831169318896258 0.0006144585390298516
4 5 91 92 0.4392199211381576 0.0005721815436824655
4 5 92 93 0.3985413005765337 0.0005322939268965617
4 5 93 94 0.3609022124626732 0.0004947032495407218
4 5 94 95 0.3259116644331049 0.000297692958549581
4 5 95 96 0.293853271644188 0.0002824268291388385
4 5 96 97 0.2643316267037931 0.0002673352993724527
4 5 97 98 0.2371913996992083 0.0002524752991354252
4 5 98 99 0.212283338389187 0.0002391050471769987
4 5 99 100 0.18946428558002 0.0001636247919178963
-5 5 50 100 11312.92843287192 1.2694329637905
