#ylo yhi qTlo qThi PDF0  uncertainty
-5 -4 50 51 12.92204473603178 0.0119540799821306
-5 -4 51 52 12.25118406561075 0.0113891370441135
-5 -4 52 53 11.617420188687 0.01100734009965224
-5 -4 53 54 11.01859326287912 0.01051583155392241
-5 -4 54 55 10.45253213536515 0.0100096482035544
-5 -4 55 56 9.917197442860035 0.009633050579871292
-5 -4 56 57 9.410838339931811 0.009211080013892708
-5 -4 57 58 8.931703216407417 0.008819361489926283
-5 -4 58 59 8.478197190481685 0.008462210060289542
-5 -4 59 60 8.048847154844491 0.008099929712344236
-5 -4 60 61 7.642240150260374 0.007766873729820817
-5 -4 61 62 7.257073761049266 0.00744508875543539
-5 -4 62 63 6.892112922688148 0.007135900469747574
-5 -4 63 64 6.546193778302598 0.006841749237518324
-5 -4 64 65 6.218215167552043 0.006560301725384124
-5 -4 65 66 5.907127165501318 0.006290959469643561
-5 -4 66 67 5.611907946378004 0.006030898781575833
-5 -4 67 68 5.331463969628762 0.005776911161172854
-5 -4 68 69 5.064424877423706 0.005528715561081828
-5 -4 69 70 4.809030158679069 0.005286477860013499
-5 -4 70 71 4.561526925912668 0.002443003066638552
-5 -4 71 72 4.326175905347323 0.002334114210598429
-5 -4 72 73 4.100122109082154 0.002228138360158879
-5 -4 73 74 3.883110531784485 0.002125056507885793
-5 -4 74 75 3.674919995912962 0.002024991540947937
-5 -4 75 76 3.475342481898356 0.001927989375909541
-5 -4 76 77 3.284174362926976 0.001833910914155545
-5 -4 77 78 3.101211884743592 0.001742896820044851
-5 -4 78 79 2.926250654097936 0.001654925715823955
-5 -4 79 80 2.759744935011536 0.001577075226827506
-5 -4 80 81 2.600021767462382 0.001485350095191602
-5 -4 81 82 2.447268167759094 0.001447059187225915
-5 -4 82 83 2.302217145808988 0.001348996066054918
-5 -4 83 84 2.164107985531063 0.001262478275245163
-5 -4 84 85 2.033111263702228 0.0011707751910376
-5 -4 85 86 1.908214341889561 0.001104794342334072
-5 -4 86 87 1.789607147562817 0.001041580232817303
-5 -4 87 88 1.677079151832644 0.0009790734192939084
-5 -4 88 89 1.577666215059615 0.0006455588643715605
-5 -4 89 90 1.469785843529848 0.0004364904462817643
-5 -4 90 91 1.374038297182703 0.0004190425188628147
-5 -4 91 92 1.283616781455996 0.0003957369278543066
-5 -4 92 93 1.198194154449484 0.0003614697893394453
-5 -4 93 94 1.11758603197528 0.0003570629553722674
-5 -4 94 95 1.036938148817313 0.0004294681061269203
-5 -4 95 96 0.9698571973662236 0.0003139152287866097
-5 -4 96 97 0.9024655547181415 0.0002929357911487996
-5 -4 97 98 0.8389613741239275 0.0002618085546078723
-5 -4 98 99 0.779423963891375 0.0001506437698780845
-5 -4 99 100 0.7235343084848198 0.000139996138574484
-4 -3.75 50 51 14.87631351233988 0.00116687321171996
-4 -3.75 51 52 14.17517893868917 0.001139928782741492
-4 -3.75 52 53 13.50927066533129 0.001088640614061582
-4 -3.75 53 54 12.87663194497563 0.001086235479572472
-4 -3.75 54 55 12.27551126267662 0.001036319815270373
-4 -3.75 55 56 11.70425521828923 0.0009914100126529228
-4 -3.75 56 57 11.16138864334469 0.02036531335574453
-4 -3.75 57 58 10.64502560493971 0.02238583775204762
-4 -3.75 58 59 10.15403848597024 0.020696194404738
-4 -3.75 59 60 9.687074113858205 0.01944138191168027
-4 -3.75 60 61 9.242832728155673 0.0182720673433397
-4 -3.75 61 62 8.820044359252925 0.01677283771132863
-4 -3.75 62 63 8.417626528727766 0.01500003638483814
-4 -3.75 63 64 8.03446712015799 0.0133469411511499
-4 -3.75 64 65 7.669515331226815 0.01205797196663659
-4 -3.75 65 66 7.321745923000892 0.01072696351801631
-4 -3.75 66 67 6.990126242009266 0.009499484716116585
-4 -3.75 67 68 6.673534422985128 0.008348068167997949
-4 -3.75 68 69 6.370471639944254 0.007287496511939284
-4 -3.75 69 70 6.073660275250333 0.005514660492765947
-4 -3.75 70 71 5.795784320702186 0.003309180596461206
-4 -3.75 71 72 5.523651971401458 0.005784961151089665
-4 -3.75 72 73 5.263699023408805 0.004349025001550668
-4 -3.75 73 74 5.006996117443748 0.003243276934856509
-4 -3.75 74 75 4.761198575949782 0.002581509721023488
-4 -3.75 75 76 4.524013386811966 0.002028273890692752
-4 -3.75 76 77 4.295345409036117 0.001620261109212524
-4 -3.75 77 78 4.075093218663039 0.001311745918394791
-4 -3.75 78 79 3.863125287535835 0.001016299479503889
-4 -3.75 79 80 3.642581319819329 0.002855259862138688
-4 -3.75 80 81 3.472512598649251 0.001980296813037255
-4 -3.75 81 82 3.292988947511452 0.000872187462970793
-4 -3.75 82 83 3.095610976506648 0.0004230286983014612
-4 -3.75 83 84 2.923094819916029 0.0004328475675160331
-4 -3.75 84 85 2.758006890744172 0.0004510534164615135
-4 -3.75 85 86 2.600179343617855 0.0004676549918919122
-4 -3.75 86 87 2.44943761491741 0.0005091519838585736
-4 -3.75 87 88 2.305599285420806 0.0005319338631782731
-4 -3.75 88 89 2.168474438785218 0.0005435860670610492
-4 -3.75 89 90 2.037873760194174 0.0005473230026206927
-4 -3.75 90 91 1.913605071186828 0.0005440286893432253
-4 -3.75 91 92 1.795473203630255 0.0005327324278295237
-4 -3.75 92 93 1.683281395216478 0.0005146048215818819
-4 -3.75 93 94 1.576831717428082 0.0004912935172713194
-4 -3.75 94 95 1.475925610686714 0.0004642302344590259
-4 -3.75 95 96 1.380364500030561 0.0004346440906861812
-4 -3.75 96 97 1.289950374585744 0.00040357638708048
-4 -3.75 97 98 1.204486330483533 0.00037405610049841
-4 -3.75 98 99 1.123777077551023 0.0003565364617644596
-4 -3.75 99 100 1.047629406701768 0.0003391021288627563
-3.75 -3.5 50 51 19.36461817825735 0.04623671226634146
-3.75 -3.5 51 52 18.48955746822748 0.04519578841131043
-3.75 -3.5 52 53 17.65583915639407 0.04303616685186087
-3.75 -3.5 53 54 16.86153849544371 0.0399572780186607
-3.75 -3.5 54 55 16.10480160886799 0.03613912474612539
-3.75 -3.5 55 56 15.38379717239292 0.03195517194407845
-3.75 -3.5 56 57 14.69660650886212 0.02842443671766313
-3.75 -3.5 57 58 14.04157525689569 0.02572068790358376
-3.75 -3.5 58 59 13.41718470447019 0.02373432313062157
-3.75 -3.5 59 60 12.82197767771693 0.02235535731024791
-3.75 -3.5 60 61 12.2544748575685 0.02108297692091678
-3.75 -3.5 61 62 11.71321557617394 0.01931622210850114
-3.75 -3.5 62 63 11.19695606148138 0.01713227882242679
-3.75 -3.5 63 64 10.70440044742628 0.01511587109100527
-3.75 -3.5 64 65 10.23431822788768 0.01363228539752706
-3.75 -3.5 65 66 9.785495935605784 0.01205596625879405
-3.75 -3.5 66 67 9.356153607216083 0.01474060963218035
-3.75 -3.5 67 68 8.938608988447953 0.01427343542139314
-3.75 -3.5 68 69 8.551076320196909 0.009315880836433707
-3.75 -3.5 69 70 8.172092467857222 0.009562632409698056
-3.75 -3.5 70 71 7.805180970836108 0.01259461350158672
-3.75 -3.5 71 72 7.453433918392895 0.007447953723786141
-3.75 -3.5 72 73 7.105573597506703 0.005667902585883926
-3.75 -3.5 73 74 6.771543605883023 0.004569879879461799
-3.75 -3.5 74 75 6.448266722858191 0.003489695376680578
-3.75 -3.5 75 76 6.135649214850719 0.00254107724956929
-3.75 -3.5 76 77 5.833626445497549 0.001762579742203804
-3.75 -3.5 77 78 5.542122746048019 0.001252355930580319
-3.75 -3.5 78 79 5.26101718578045 0.0009657555984825374
-3.75 -3.5 79 80 4.96809606885946 0.003688782585916095
-3.75 -3.5 80 81 4.743030356055542 0.005109362191369126
-3.75 -3.5 81 82 4.491978999013222 0.002985460334107414
-3.75 -3.5 82 83 4.238327811047774 0.001860625221415501
-3.75 -3.5 83 84 4.007359293589029 0.002195855914483933
-3.75 -3.5 84 85 3.821290709600357 0.002277446617676395
-3.75 -3.5 85 86 3.57388060629544 0.002778940383955188
-3.75 -3.5 86 87 3.370992256097384 0.002998624413583179
-3.75 -3.5 87 88 3.177279803422904 0.0007871126296690571
-3.75 -3.5 88 89 2.992080792311935 0.0007610579473656329
-3.75 -3.5 89 90 2.815400261888099 0.0007340105623583476
-3.75 -3.5 90 91 2.647010931454912 0.0007054146642298153
-3.75 -3.5 91 92 2.486679299902576 0.0006700434287444482
-3.75 -3.5 92 93 2.334167826131281 0.0006337715246519605
-3.75 -3.5 93 94 2.189235487769958 0.0006145718120592855
-3.75 -3.5 94 95 2.051638533795641 0.0005936930535293684
-3.75 -3.5 95 96 1.906413525323552 0.002660529759045268
-3.75 -3.5 96 97 1.797467500065391 0.000549195480114944
-3.75 -3.5 97 98 1.680400160294844 0.0005264552448639823
-3.75 -3.5 98 99 1.568496315200165 0.0004844526035200533
-3.75 -3.5 99 100 1.465071948440857 0.00048148571704392
-3.5 -3.25 50 51 22.48870925917151 0.05252220595551189
-3.5 -3.25 51 52 21.5129745201326 0.05126393040257874
-3.5 -3.25 52 53 20.58053605990642 0.04870442142981373
-3.5 -3.25 53 54 19.68963508783657 0.04507272326361252
-3.5 -3.25 54 55 18.83854502335636 0.0405759992240417
-3.5 -3.25 55 56 18.02552584588968 0.03565839085972896
-3.5 -3.25 56 57 17.2487113145775 0.03155331973352758
-3.5 -3.25 57 58 16.50648865573882 0.02847116907278388
-3.5 -3.25 58 59 15.79736566778203 0.02627796742106328
-3.5 -3.25 59 60 15.11989445384855 0.02483848266559241
-3.5 -3.25 60 61 14.47258252288396 0.02351916865037803
-3.5 -3.25 61 62 13.85393657200859 0.02155530644448857
-3.5 -3.25 62 63 13.26269050427797 0.01904198860090536
-3.5 -3.25 63 64 12.69750130694147 0.01673687459847691
-3.5 -3.25 64 65 12.15708645851945 0.01511498760409343
-3.5 -3.25 65 66 11.6401661416467 0.01334922974424427
-3.5 -3.25 66 67 11.13626513357922 0.01667094261204104
-3.5 -3.25 67 68 10.66983678413349 0.01258316622031784
-3.5 -3.25 68 69 10.21456422715003 0.005624119643272809
-3.5 -3.25 69 70 9.774773172950603 0.01019459358689768
-3.5 -3.25 70 71 9.348114724012959 0.01638093007765224
-3.5 -3.25 71 72 8.937841882610662 0.01048175996689017
-3.5 -3.25 72 73 8.534674456249192 0.01306494488601317
-3.5 -3.25 73 74 8.14097691203812 0.003747293382548767
-3.5 -3.25 74 75 7.762048860100588 0.002824023282852275
-3.5 -3.25 75 76 7.39490579313431 0.002102712059369795
-3.5 -3.25 76 77 7.039535071458342 0.001687076466132528
-3.5 -3.25 77 78 6.695908283787704 0.001459503082554239
-3.5 -3.25 78 79 6.363938557580905 0.001184913234010403
-3.5 -3.25 79 80 6.043562983483218 0.0008390049585647582
-3.5 -3.25 80 81 5.734702920035724 0.0006721436769391284
-3.5 -3.25 81 82 5.437252325055679 0.0006250196431405616
-3.5 -3.25 82 83 5.129797922539192 0.003398749055741593
-3.5 -3.25 83 84 4.855957252786082 0.001838522191167802
-3.5 -3.25 84 85 4.593140348997229 0.00475303257463361
-3.5 -3.25 85 86 4.341137266596398 0.005762058723948159
-3.5 -3.25 86 87 4.099728086700463 0.005198363892215209
-3.5 -3.25 87 88 3.868694131633561 0.003364535277686982
-3.5 -3.25 88 89 3.647819188105306 0.0007864360824567635
-3.5 -3.25 89 90 3.436856689767851 0.003153319634952227
-3.5 -3.25 90 91 3.245934378027832 0.0007663629600357943
-3.5 -3.25 91 92 3.052665428724557 0.0007532179328096283
-3.5 -3.25 92 93 2.868563809002548 0.0007368990649306205
-3.5 -3.25 93 94 2.693367820984177 0.0007183458329180229
-3.5 -3.25 94 95 2.526810607466148 0.0006983385585712053
-3.5 -3.25 95 96 2.36862129933051 0.000677501480005113
-3.5 -3.25 96 97 2.218526107714978 0.0006563128526855253
-3.5 -3.25 97 98 2.076249359773267 0.0006351198524387422
-3.5 -3.25 98 99 1.941658334026124 0.002970085332754135
-3.5 -3.25 99 100 1.814094882507472 0.002932788301080922
-3.25 -3 50 51 24.27840285936519 0.05719867061678219
-3.25 -3 51 52 23.26440213014432 0.05580834473510891
-3.25 -3 52 53 22.2925074935949 0.05297376515955241
-3.25 -3 53 54 21.36129424070018 0.04894611975227453
-3.25 -3 54 55 20.46932219754109 0.04395299891291808
-3.25 -3 55 56 19.61509537366956 0.03849385847020722
-3.25 -3 56 57 18.79695168657531 0.03397252087050448
-3.25 -3 57 58 18.01345521515173 0.03062889763723974
-3.25 -3 58 59 17.26326519712838 0.02830999066665707
-3.25 -3 59 60 16.54506129146922 0.02686069152528721
-3.25 -3 60 61 15.85745443868112 0.02553815161257354
-3.25 -3 61 62 15.19903143389068 0.02344190476279468
-3.25 -3 62 63 14.56860231071523 0.02068162738221509
-3.25 -3 63 64 13.964876429813 0.01816114840206566
-3.25 -3 64 65 13.38661314911712 0.01644875203224565
-3.25 -3 65 66 12.82140778942274 0.03006238981211076
-3.25 -3 66 67 12.29983761812632 0.02694470216445145
-3.25 -3 67 68 11.79030806277225 0.01391095722552292
-3.25 -3 68 69 11.29988501863197 0.006128294539848019
-3.25 -3 69 70 10.82531117896202 0.01024162026191886
-3.25 -3 70 71 10.36406464304295 0.01657369800282786
-3.25 -3 71 72 9.915247301366691 0.02242708716137009
-3.25 -3 72 73 9.482336222211629 0.0136965349372068
-3.25 -3 73 74 9.057126178660763 0.01533493881545319
-3.25 -3 74 75 8.641728937451536 0.003218952026125521
-3.25 -3 75 76 8.241356798300675 0.002430385438284623
-3.25 -3 76 77 7.853193734786977 0.002017293976549629
-3.25 -3 77 78 7.477265957470998 0.001830261307905234
-3.25 -3 78 79 7.11353109694975 0.001565355041102517
-3.25 -3 79 80 6.761972793118307 0.001190317346980401
-3.25 -3 80 81 6.422555191452467 0.0008215626080754262
-3.25 -3 81 82 6.095209585690016 0.0008110080126388548
-3.25 -3 82 83 5.779812501750813 0.0008302684672066432
-3.25 -3 83 84 5.47624064971907 0.0008472378460337594
-3.25 -3 84 85 5.184360722169931 0.0008612048888842548
-3.25 -3 85 86 4.904018275278416 0.0008719871674198413
-3.25 -3 86 87 4.635038907457959 0.0008793028866490595
-3.25 -3 87 88 4.377225187078846 0.0008811799059440186
-3.25 -3 88 89 4.130356319448326 0.000882522407380408
-3.25 -3 89 90 3.894209125001481 0.0008808242078438313
-3.25 -3 90 91 3.668548482336652 0.0008759881733570235
-3.25 -3 91 92 3.453126653699451 0.0008687066655392935
-3.25 -3 92 93 3.247686644719906 0.000858900575934046
-3.25 -3 93 94 3.051962945808972 0.0008467702496234956
-3.25 -3 94 95 2.865797409175577 0.006180400463745648
-3.25 -3 95 96 2.688657309013776 0.004934224792000725
-3.25 -3 96 97 2.520398589547002 0.003814064809605375
-3.25 -3 97 98 2.36073390991564 0.002813980098373271
-3.25 -3 98 99 2.209373390178174 0.001927177268751635
-3.25 -3 99 100 2.06602577190877 0.001146275865881073
-3 -2.75 50 51 25.04578607539138 0.06098888420768851
-3 -2.75 51 52 24.03519574287985 0.05951847494187792
-3 -2.75 52 53 23.06378038471483 0.05648448770104027
-3 -2.75 53 54 22.13051489516712 0.05215579549025413
-3 -2.75 54 55 21.23431039215768 0.04677638487831819
-3 -2.75 55 56 20.37397994841251 0.04089091489201228
-3 -2.75 56 57 19.54813319548211 0.03604345575040536
-3 -2.75 57 58 18.7555726563275 0.03249879597731189
-3 -2.75 58 59 17.99516735597962 0.03008886710458708
-3 -2.75 59 60 17.26578125772013 0.02864269131882314
-3 -2.75 60 61 16.56618693852576 0.02732695374942351
-3 -2.75 61 62 15.89510936637914 0.02512824280522011
-3 -2.75 62 63 15.25148499154351 0.02216809714366713
-3 -2.75 63 64 14.63412894942071 0.0194724460649638
-3 -2.75 64 65 14.04189370627687 0.01768799043980099
-3 -2.75 65 66 13.46171600012893 0.03382976627733834
-3 -2.75 66 67 12.92655861057396 0.03046716098385126
-3 -2.75 67 68 12.40240863934297 0.01642604828107913
-3 -2.75 68 69 11.89718813613037 0.006398401815050287
-3 -2.75 69 70 11.40755740068723 0.00850843464563847
-3 -2.75 70 71 10.93093092747336 0.01498938029421346
-3 -2.75 71 72 10.46642865517637 0.02123240821458314
-3 -2.75 72 73 10.01379665605835 0.02603346097959649
-3 -2.75 73 74 9.576573304898069 0.01552562334401771
-3 -2.75 74 75 9.147038484456058 0.01600912265310424
-3 -2.75 75 76 8.729740663799284 0.0161158996546215
-3 -2.75 76 77 8.323163216691199 0.002393026224452995
-3 -2.75 77 78 7.93082861169249 0.002236713678575109
-3 -2.75 78 79 7.550743536652309 0.001976531027666676
-3 -2.75 79 80 7.18293632382419 0.001573433846122761
-3 -2.75 80 81 6.827412801247227 0.001065850110830889
-3 -2.75 81 82 6.484141978843862 0.001011205735427295
-3 -2.75 82 83 6.153032056535906 0.001015866328502716
-3 -2.75 83 84 5.833990326781294 0.001020715259733434
-3 -2.75 84 85 5.526911807977294 0.001024634540118643
-3 -2.75 85 86 5.231667377277983 0.001027066562264156
-3 -2.75 86 87 4.948104983224656 0.001027378028771011
-3 -2.75 87 88 4.676046335533842 0.001023043066804069
-3 -2.75 88 89 4.415286314648112 0.001019343769222393
-3 -2.75 89 90 4.165616156683756 0.001013280552102063
-3 -2.75 90 91 3.926812878247608 0.001004553850490997
-3 -2.75 91 92 3.69880348934381 0.009441958196792301
-3 -2.75 92 93 3.480983196759254 0.007685566108748547
-3 -2.75 93 94 3.273283181147692 0.006077079908258785
-3 -2.75 94 95 3.075434780446895 0.004614993823548504
-3 -2.75 95 96 2.887161435141551 0.003295680206229583
-3 -2.75 96 97 2.708180090844229 0.002113858597193694
-3 -2.75 97 98 2.538202536865376 0.001063113836456672
-3 -2.75 98 99 2.37693665654585 0.0008607901611764029
-3 -2.75 99 100 2.224087725880875 0.0008706472089711214
-2.75 -2.5 50 51 25.19337378020001 0.0785167897699143
-2.75 -2.5 51 52 24.20688457711431 0.07544399760875627
-2.75 -2.5 52 53 23.25607435344321 0.07168835534702178
-2.75 -2.5 53 54 22.34031133519152 0.067380003624084
-2.75 -2.5 54 55 21.45885580389083 0.06267490364948204
-2.75 -2.5 55 56 20.61083144475327 0.05790301570079248
-2.75 -2.5 56 57 19.79512489151784 0.05381938043303863
-2.75 -2.5 57 58 19.0107837711105 0.05047884970201266
-2.75 -2.5 58 59 18.25689503796937 0.04774884819003689
-2.75 -2.5 59 60 17.53251666212365 0.04552546908043625
-2.75 -2.5 60 61 16.83659525017377 0.0434432711380135
-2.75 -2.5 61 62 16.16800830520143 0.04105687086068003
-2.75 -2.5 62 63 15.5258307984606 0.03844451861776885
-2.75 -2.5 63 64 14.90899926853022 0.03605209439476519
-2.75 -2.5 64 65 14.3164751320511 0.03409874485356238
-2.75 -2.5 65 66 13.73449427948623 0.04763492665276202
-2.75 -2.5 66 67 13.19843951392813 0.03645886715016661
-2.75 -2.5 67 68 12.6720715621619 0.02929200372695764
-2.75 -2.5 68 69 12.16410257311131 0.02574853220508877
-2.75 -2.5 69 70 11.67119517380765 0.02517873480207988
-2.75 -2.5 70 71 11.19076611193789 0.02616600286398407
-2.75 -2.5 71 72 10.72197183515712 0.0280170152842981
-2.75 -2.5 72 73 10.26460196751763 0.02978769568385578
-2.75 -2.5 73 74 9.818744101997375 0.0304603220199667
-2.75 -2.5 74 75 9.384603149622151 0.03001722427088796
-2.75 -2.5 75 76 8.962181737039923 0.02919966572701745
-2.75 -2.5 76 77 8.551595349523634 0.02832456565923283
-2.75 -2.5 77 78 8.154838612488064 0.01655179592779013
-2.75 -2.5 78 79 7.76814337228117 0.01568690799871331
-2.75 -2.5 79 80 7.392339050272337 0.001879729956869516
-2.75 -2.5 80 81 7.030140112140963 0.001301482381639014
-2.75 -2.5 81 82 6.680121512500524 0.0008163747719418321
-2.75 -2.5 82 83 6.342219917310739 0.0007124083414809524
-2.75 -2.5 83 84 6.016369891571184 0.000762306128503396
-2.75 -2.5 84 85 5.702491817496554 0.0008142318699071127
-2.75 -2.5 85 86 5.40047980228141 0.000865779392221229
-2.75 -2.5 86 87 5.110202904274702 0.0008881258580538575
-2.75 -2.5 87 88 4.831501811180019 0.0008939302663544405
-2.75 -2.5 88 89 4.5641880500634 0.0009136422100193889
-2.75 -2.5 89 90 4.308238063661602 0.0125784009666543
-2.75 -2.5 90 91 4.063079658076619 0.01045311943407178
-2.75 -2.5 91 92 3.828680518191232 0.008452929404622092
-2.75 -2.5 92 93 3.604801329498118 0.00660848388075613
-2.75 -2.5 93 94 3.391191913577337 0.004921105941162758
-2.75 -2.5 94 95 3.187591362657695 0.0033893013620752
-2.75 -2.5 95 96 2.993729588642575 0.00200931087576632
-2.75 -2.5 96 97 2.809328808350378 0.00100967706206643
-2.75 -2.5 97 98 2.634104962886842 0.0009169627019223248
-2.75 -2.5 98 99 2.46776904191065 0.001283541997816154
-2.75 -2.5 99 100 2.310028479149961 0.002124484814441417
-2.5 -2.25 50 51 24.95761665685859 0.06768912443254527
-2.5 -2.25 51 52 24.004150635759 0.06613657719390874
-2.5 -2.25 52 53 23.08292715064685 0.0628111571501785
-2.5 -2.25 53 54 22.19366624107774 0.05801149659763297
-2.5 -2.25 54 55 21.33594202316421 0.05200927122879111
-2.5 -2.25 55 56 20.50915860071242 0.04591799531307929
-2.5 -2.25 56 57 19.7124534278062 0.04191806875663791
-2.5 -2.25 57 58 18.94509798627176 0.0388583786336465
-2.5 -2.25 58 59 18.20637964876479 0.03658065626595656
-2.5 -2.25 59 60 17.49553588211823 0.03495152381642933
-2.5 -2.25 60 61 16.81167549582389 0.0334420764697462
-2.5 -2.25 61 62 16.1538193433239 0.03140064237421328
-2.5 -2.25 62 63 15.52117316727491 0.02893297577838097
-2.5 -2.25 63 64 14.91279005930274 0.026702809070696
-2.5 -2.25 64 65 14.32773703727113 0.02506290807705647
-2.5 -2.25 65 66 13.75152135527499 0.04457597574880067
-2.5 -2.25 66 67 13.22204704691001 0.03900829252063859
-2.5 -2.25 67 68 12.70074621084743 0.02295597554813418
-2.5 -2.25 68 69 12.19718828608427 0.01677414084628306
-2.5 -2.25 69 70 11.70809301001143 0.01680915407409317
-2.5 -2.25 70 71 11.23092372708089 0.01933498230783857
-2.5 -2.25 71 72 10.764883181458 0.02282105637400718
-2.5 -2.25 72 73 10.30980058972526 0.02588252361864673
-2.5 -2.25 73 74 9.86580418294983 0.0280601962179599
-2.5 -2.25 74 75 9.433135421041612 0.02868512509834663
-2.5 -2.25 75 76 9.011829608697049 0.02856411538581122
-2.5 -2.25 76 77 8.602034745023154 0.028287716196292
-2.5 -2.25 77 78 8.203931030440472 0.0279324911573446
-2.5 -2.25 78 79 7.819569209723657 0.01541991261673792
-2.5 -2.25 79 80 7.444878413716715 0.01531777818228226
-2.5 -2.25 80 81 7.082050440284526 0.01524598829075052
-2.5 -2.25 81 82 6.730453941050015 0.008730086211678804
-2.5 -2.25 82 83 6.391971454698027 0.008272576787633006
-2.5 -2.25 83 84 6.065390312487668 0.007834344466480979
-2.5 -2.25 84 85 5.750649803591038 0.007414859830280597
-2.5 -2.25 85 86 5.447661609647366 0.007013633579088763
-2.5 -2.25 86 87 5.156311026717425 0.006630114735868563
-2.5 -2.25 87 88 4.876453527316784 0.006263254543199572
-2.5 -2.25 88 89 4.607917363672048 0.008903833183039084
-2.5 -2.25 89 90 4.350714189780625 0.01360659860019683
-2.5 -2.25 90 91 4.104227293121978 0.01135025541345322
-2.5 -2.25 91 92 3.868465008072798 0.009235799995078399
-2.5 -2.25 92 93 3.643197722182208 0.007767244202420851
-2.5 -2.25 93 94 3.428184111466559 0.006467814747945469
-2.5 -2.25 94 95 3.223171273643715 0.005351918747049594
-2.5 -2.25 95 96 3.027896327262129 0.004438838713711506
-2.5 -2.25 96 97 2.842087945654523 0.003752339069626201
-2.5 -2.25 97 98 2.665467823306518 0.003426761880188274
-2.5 -2.25 98 99 2.497752041122808 0.003216364501458032
-2.5 -2.25 99 100 2.338652524643858 0.00311946938810118
-2.25 -2 50 51 25.29234693890555 0.0714677419487732
-2.25 -2 51 52 24.34053350948 0.06988137657062722
-2.25 -2 52 53 23.41944880084829 0.06642326588603611
-2.25 -2 53 54 22.52903033403614 0.06140585181855189
-2.25 -2 54 55 21.66904252563502 0.05511365977486383
-2.25 -2 55 56 20.83905627390045 0.04820104278126525
-2.25 -2 56 57 20.03835554841891 0.04255048596703073
-2.25 -2 57 58 19.26633916104561 0.03848911057600349
-2.25 -2 58 59 18.52240561292435 0.03581521315868121
-2.25 -2 59 60 17.80588931958407 0.03432193350300234
-2.25 -2 60 61 17.11598477912638 0.03296557734633248
-2.25 -2 61 62 16.45178544576405 0.03046810868002645
-2.25 -2 62 63 15.8125620680991 0.02697846008968679
-2.25 -2 63 64 15.19742168150748 0.0238063781351176
-2.25 -2 64 65 14.60547838644777 0.0217826103061338
-2.25 -2 65 66 14.03578035341847 0.0194309028542859
-2.25 -2 66 67 13.48453655066708 0.05007333740888913
-2.25 -2 67 68 12.95617550964345 0.03245038931493275
-2.25 -2 68 69 12.44549123046426 0.01763823365319974
-2.25 -2 69 70 11.94915814288389 0.008680961128668537
-2.25 -2 70 71 11.46461180558872 0.007229369668659597
-2.25 -2 71 72 10.99107223736935 0.01249739954544421
-2.25 -2 72 73 10.52839742585499 0.01892473224938763
-2.25 -2 73 74 10.0767493289246 0.02235106973189559
-2.25 -2 74 75 9.636401132394802 0.02334405504132346
-2.25 -2 75 76 9.207419306450781 0.0235245589381885
-2.25 -2 76 77 8.789979818976001 0.0235324187278984
-2.25 -2 77 78 8.384286831230931 0.02344909765045277
-2.25 -2 78 79 7.990502802604251 0.02334197593418671
-2.25 -2 79 80 7.60874801208719 0.02326780587961776
-2.25 -2 80 81 7.239102732889855 0.02327319573359215
-2.25 -2 81 82 6.880977240273705 0.01723731457799483
-2.25 -2 82 83 6.535973961060414 0.016929189868332
-2.25 -2 83 84 6.202867028474174 0.01623986958848504
-2.25 -2 84 85 5.88162318560218 0.01524209152366825
-2.25 -2 85 86 5.572179730924674 0.01400146887229427
-2.25 -2 86 87 5.274445456829131 0.01257547739222248
-2.25 -2 87 88 4.988163999438147 0.01533038891811
-2.25 -2 88 89 4.713663900521855 0.01317188448169125
-2.25 -2 89 90 4.450508535329341 0.01093604862315353
-2.25 -2 90 91 4.198501528142106 0.008694888599410628
-2.25 -2 91 92 3.957424627792776 0.006597531167697685
-2.25 -2 92 93 3.727048693112687 0.004695496892392738
-2.25 -2 93 94 3.507132065564711 0.003032888914217977
-2.25 -2 94 95 3.297420740043522 0.002048243357713083
-2.25 -2 95 96 3.09765003339729 0.001900554965299071
-2.25 -2 96 97 2.907546184932935 0.002611441508288654
-2.25 -2 97 98 2.726827886825356 0.003358085572637001
-2.25 -2 98 99 2.555207706301657 0.0041537632865846
-2.25 -2 99 100 2.392393620283105 0.00498535926231243
-2 -1.75 50 51 24.81643715244471 0.07199376954738572
-2 -1.75 51 52 23.91131336834866 0.07049556824979028
-2 -1.75 52 53 23.0327141143579 0.06701951918135991
-2 -1.75 53 54 22.18097250325533 0.06189249428397307
-2 -1.75 54 55 21.35620821722183 0.05541251587269519
-2 -1.75 55 56 20.55831060441551 0.04826864584224775
-2 -1.75 56 57 19.78684688238559 0.04244789760604589
-2 -1.75 57 58 19.04147461986655 0.03829697632662671
-2 -1.75 58 59 18.32182703133401 0.03560430737734589
-2 -1.75 59 60 17.62745036195841 0.03415287066658884
-2 -1.75 60 61 16.95773484401302 0.03284048181024813
-2 -1.75 61 62 16.31195070992389 0.03031705704369218
-2 -1.75 62 63 15.68952614731278 0.02673893353898967
-2 -1.75 63 64 15.089716238278 0.02385805627311701
-2 -1.75 64 65 14.51177035876475 0.02215816621714601
-2 -1.75 65 66 13.94065039712143 0.04905720149068764
-2 -1.75 66 67 13.41673449221577 0.04579231008683966
-2 -1.75 67 68 12.89902781368562 0.02788154186402104
-2 -1.75 68 69 12.39812310322122 0.0133367230062814
-2 -1.75 69 70 11.91078851062198 0.01234095073799421
-2 -1.75 70 71 11.43451467746894 0.01576837666448731
-2 -1.75 71 72 10.9685595464582 0.02045282352206089
-2 -1.75 72 73 10.51281138006155 0.02574040353454805
-2 -1.75 73 74 10.06746781042189 0.02895859695355378
-2 -1.75 74 75 9.632838009896616 0.02964683643491965
-2 -1.75 75 76 9.209014845740832 0.02951015597524226
-2 -1.75 76 77 8.796206427323973 0.02922316028938897
-2 -1.75 77 78 8.394650751364715 0.02886905287697259
-2 -1.75 78 79 8.004542793021116 0.02851654305063754
-2 -1.75 79 80 7.626033896965595 0.02822361481013287
-2 -1.75 80 81 7.260293618386491 0.01606387288304726
-2 -1.75 81 82 6.904640280806071 0.01611932036011742
-2 -1.75 82 83 6.56082337314351 0.01592229395437963
-2 -1.75 83 84 6.22889149671968 0.01537467965777276
-2 -1.75 84 85 5.909050818450343 0.004586169224923601
-2 -1.75 85 86 5.600487161724654 0.01349126511976087
-2 -1.75 86 87 5.303844463834281 0.01226685317770987
-2 -1.75 87 88 5.018715107038872 0.01091539886758082
-2 -1.75 88 89 4.745160873828965 0.01617874750499169
-2 -1.75 89 90 4.482342506821787 0.0136788023074758
-2 -1.75 90 91 4.230498177862447 0.0111683980112058
-2 -1.75 91 92 3.989426777594904 0.008800469846107625
-2 -1.75 92 93 3.758915185637477 0.006615492690568265
-2 -1.75 93 94 3.538736757177494 0.004617316565728607
-2 -1.75 94 95 3.328651564681563 0.003233692744105997
-2 -1.75 95 96 3.128408098111915 0.002236174166699132
-2 -1.75 96 97 2.937744897355412 0.002044160425738374
-2 -1.75 97 98 2.756392114485815 0.001913563330578447
-2 -1.75 98 99 2.584072963732829 0.002829943237196176
-2 -1.75 99 100 2.420505305579779 0.003823580548964011
-1.75 -1.5 50 51 24.92615873351087 0.07173318264568748
-1.75 -1.5 51 52 24.01283723769191 0.07032741427004682
-1.75 -1.5 52 53 23.1261525295879 0.06686242004506962
-1.75 -1.5 53 54 22.26648367338183 0.06167590560093348
-1.75 -1.5 54 55 21.43398685390481 0.05507665395443688
-1.75 -1.5 55 56 20.6285789881705 0.04778385397659671
-1.75 -1.5 56 57 19.84984464689005 0.04187493036131642
-1.75 -1.5 57 58 19.09745637946311 0.0377112485928326
-1.75 -1.5 58 59 18.37105897082728 0.03507060748710746
-1.75 -1.5 59 60 17.67020596325487 0.03372613275552749
-1.75 -1.5 60 61 16.99428724695584 0.03251915414973273
-1.75 -1.5 61 62 16.34256609938255 0.03002965339070371
-1.75 -1.5 62 63 15.71447122857607 0.02642106087070071
-1.75 -1.5 63 64 15.10924996537362 0.02315066952454563
-1.75 -1.5 64 65 14.5261435156315 0.02114330864933826
-1.75 -1.5 65 66 13.96431383065919 0.01875751937018414
-1.75 -1.5 66 67 13.42344086797924 0.04896124757888232
-1.75 -1.5 67 68 12.90111357569565 0.02995768545773475
-1.75 -1.5 68 69 12.3957981656955 0.01427056178641534
-1.75 -1.5 69 70 11.90426193899498 0.004695742530637274
-1.75 -1.5 70 71 11.42401033280851 0.01098853244371228
-1.75 -1.5 71 72 10.9543191332642 0.01955736368237516
-1.75 -1.5 72 73 10.49508707463514 0.02633379629208316
-1.75 -1.5 73 74 10.04651803024915 0.02984676202246755
-1.75 -1.5 74 75 9.60892056776688 0.03067644127624999
-1.75 -1.5 75 76 9.182391610738293 0.03062840180879167
-1.75 -1.5 76 77 8.76713769840994 0.03041605780436387
-1.75 -1.5 77 78 8.363390568947722 0.03012761921853452
-1.75 -1.5 78 79 7.971338125686962 0.02983595021421537
-1.75 -1.5 79 80 7.591123830249686 0.02960256151383846
-1.75 -1.5 80 81 7.223500935047682 0.0171539291976805
-1.75 -1.5 81 82 6.86660812563634 0.01724453854008642
-1.75 -1.5 82 83 6.521766138297991 0.01704534906251037
-1.75 -1.5 83 84 6.189024078573581 0.001059815652150688
-1.75 -1.5 84 85 5.868504114472099 0.001130271576304754
-1.75 -1.5 85 86 5.559562606527646 0.01449695078737944
-1.75 -1.5 86 87 5.262662370484541 0.01320325693039551
-1.75 -1.5 87 88 4.97743701146273 0.01177528518332671
-1.75 -1.5 88 89 4.704155263807582 0.01736015562208095
-1.75 -1.5 89 90 4.44149825638079 0.01474807715704088
-1.75 -1.5 90 91 4.189943099832238 0.0121201471401758
-1.75 -1.5 91 92 3.949278113397217 0.009638414392334239
-1.75 -1.5 92 93 3.719279760217452 0.007346081778214247
-1.75 -1.5 93 94 3.499711226166387 0.005247594053281079
-1.75 -1.5 94 95 3.290322719643685 0.003346855083046033
-1.75 -1.5 95 96 3.090853202821284 0.001662062216828581
-1.75 -1.5 96 97 2.901032050574319 0.001183207863120979
-1.75 -1.5 97 98 2.720580634985444 0.001663832629184254
-1.75 -1.5 98 99 2.549213789558291 0.002626557378231796
-1.75 -1.5 99 100 2.386641423556458 0.003674066688029643
-1.5 -1.25 50 51 24.43429520622493 0.07622149628934029
-1.5 -1.25 51 52 23.55547687156246 0.07474040488408895
-1.5 -1.25 52 53 22.70043347316425 0.071110975744194
-1.5 -1.25 53 54 21.86981214448096 0.06568365196448993
-1.5 -1.25 54 55 21.06400952243598 0.0590469937078506
-1.5 -1.25 55 56 20.28315880641811 0.05384383768373398
-1.5 -1.25 56 57 19.52704022039271 0.0495791109297219
-1.5 -1.25 57 58 18.79550169584013 0.04636419347526934
-1.5 -1.25 58 59 18.08834562853076 0.04400496851512787
-1.5 -1.25 59 60 17.40526753520452 0.04234578642340758
-1.5 -1.25 60 61 16.74578967663561 0.04079983241706887
-1.5 -1.25 61 62 16.10929492650943 0.03864652017664522
-1.5 -1.25 62 63 15.49531675793858 0.0360145381300438
-1.5 -1.25 63 64 14.90319975687413 0.03364404262289667
-1.5 -1.25 64 65 14.33227381772576 0.03190889878036064
-1.5 -1.25 65 66 13.78178093815373 0.03007047344542328
-1.5 -1.25 66 67 13.24991996542519 0.05555849747281777
-1.5 -1.25 67 68 12.73757966186068 0.03527858282804386
-1.5 -1.25 68 69 12.24162541577402 0.02628209257102465
-1.5 -1.25 69 70 11.75891226816051 0.02244679131799513
-1.5 -1.25 70 71 11.28701304046222 0.02264429276307911
-1.5 -1.25 71 72 10.82524424071951 0.02522271388409195
-1.5 -1.25 72 73 10.3735299941624 0.02829961034421509
-1.5 -1.25 73 74 9.9320969115685 0.03002185261338135
-1.5 -1.25 74 75 9.501271634594787 0.03020240757774726
-1.5 -1.25 75 76 9.08116717779766 0.02985027644023409
-1.5 -1.25 76 77 8.672006377168309 0.02978923647768719
-1.5 -1.25 77 78 8.274036211919579 0.02971929463531579
-1.5 -1.25 78 79 7.887459182161379 0.02963436315037454
-1.5 -1.25 79 80 7.512432628045637 0.02959906773471725
-1.5 -1.25 80 81 7.149071110372716 0.02966664711204297
-1.5 -1.25 81 82 6.797810449908809 0.01778418035599312
-1.5 -1.25 82 83 6.457302333417626 0.01761390044509441
-1.5 -1.25 83 84 6.128658999328948 0.0170517039872276
-1.5 -1.25 84 85 5.81183795442098 0.01617221891421877
-1.5 -1.25 85 86 5.506766623353208 0.01504110107388497
-1.5 -1.25 86 87 5.213343709165038 0.01371529399372718
-1.5 -1.25 87 88 4.931980654229061 0.02062566952221144
-1.5 -1.25 88 89 4.66114660469831 0.01807986041130818
-1.5 -1.25 89 90 4.401423179161885 0.01542611711791615
-1.5 -1.25 90 91 4.152629901727614 0.01344881994025234
-1.5 -1.25 91 92 3.91456333077711 0.01164976600439091
-1.5 -1.25 92 93 3.687007914640006 0.01005352044608657
-1.5 -1.25 93 94 3.469734532720594 0.008678100256116423
-1.5 -1.25 94 95 3.262500784037723 0.007541000685716951
-1.5 -1.25 95 96 3.065052729666663 0.006656606586789152
-1.5 -1.25 96 97 2.877126562025824 0.006095530482642068
-1.5 -1.25 97 98 2.698450198933315 0.005748258825885854
-1.5 -1.25 98 99 2.528744753135017 0.005479796571617531
-1.5 -1.25 99 100 2.367726169874635 0.005471611522206947
-1.25 -1 50 51 24.71407914810166 0.07941692971027463
-1.25 -1 51 52 23.83192626985939 0.07789653955372311
-1.25 -1 52 53 22.97283976478118 0.07415323857859647
-1.25 -1 53 54 22.13759089269288 0.06854787462167709
-1.25 -1 54 55 21.32668383715676 0.06141012352767346
-1.25 -1 55 56 20.54034524401391 0.05454948690077018
-1.25 -1 56 57 19.77843703952287 0.04985676907953508
-1.25 -1 57 58 19.04087664530718 0.04629510796443391
-1.25 -1 58 59 18.32752605388194 0.04367527410886411
-1.25 -1 59 60 17.63813191678005 0.0418415845546749
-1.25 -1 60 61 16.97225992306436 0.04014151072073639
-1.25 -1 61 62 16.32932795405111 0.03775382203458778
-1.25 -1 62 63 15.70890220455708 0.03480403276447924
-1.25 -1 63 64 15.11035214010067 0.03213320132876692
-1.25 -1 64 65 14.5330289333302 0.03019453902243638
-1.25 -1 65 66 13.97619090538342 0.0281198394407195
-1.25 -1 66 67 13.43709858067257 0.06016410251043787
-1.25 -1 67 68 12.91859323646858 0.03909060311969924
-1.25 -1 68 69 12.41653394849344 0.02585338477970547
-1.25 -1 69 70 11.9277485703286 0.01967582973185052
-1.25 -1 70 71 11.44978893556885 0.01842705895100357
-1.25 -1 71 72 10.98197569310379 0.02063399085054524
-1.25 -1 72 73 10.52424364238539 0.02392145290906222
-1.25 -1 73 74 10.07683539533691 0.02709108560016948
-1.25 -1 74 75 9.640093760708034 0.0283437570869785
-1.25 -1 75 76 9.214144098871799 0.02862509050378127
-1.25 -1 76 77 8.79922274245866 0.02872058863477153
-1.25 -1 77 78 8.395589381096777 0.02872547846076076
-1.25 -1 78 79 8.003457916276034 0.02871851100886953
-1.25 -1 79 80 7.622995735301139 0.02876618867340442
-1.25 -1 80 81 7.254326163043061 0.02892323495762359
-1.25 -1 81 82 6.897521205092211 0.02914215622960083
-1.25 -1 82 83 6.552548370212264 0.0288602977738597
-1.25 -1 83 84 6.219396459602809 0.02794393472280055
-1.25 -1 84 85 5.898046713327375 0.02651186945790051
-1.25 -1 85 86 5.588449067236848 0.02466945890892031
-1.25 -1 86 87 5.290523138737452 0.02250809137142293
-1.25 -1 87 88 5.004160498157106 0.02010643097139273
-1.25 -1 88 89 4.729226894108685 0.01753162950122413
-1.25 -1 89 90 4.465564428337103 0.01484049502071728
-1.25 -1 90 91 4.212992242347088 0.01211718369175103
-1.25 -1 91 92 3.971305982955148 0.009539361353927573
-1.25 -1 92 93 3.740288588685459 0.007566733967160877
-1.25 -1 93 94 3.519708926205233 0.006170487471042701
-1.25 -1 94 95 3.309322149012011 0.005060019457652991
-1.25 -1 95 96 3.108871487245699 0.004346201774895581
-1.25 -1 96 97 2.918089962157554 0.004074031153455153
-1.25 -1 97 98 2.736702023157992 0.003879244525132297
-1.25 -1 98 99 2.564425054777558 0.004108066099837492
-1.25 -1 99 100 2.400971066738817 0.00447331458674217
-1 -0.75 50 51 24.65803046859796 0.08287778786578927
-1 -0.75 51 52 23.77768642070319 0.08126651021085458
-1 -0.75 52 53 22.92000820236132 0.07736958066542991
-1 -0.75 53 54 22.08583294136818 0.07155703240282664
-1 -0.75 54 55 21.2757216012555 0.06416706669759505
-1 -0.75 55 56 20.48994862985299 0.05599493539965941
-1 -0.75 56 57 19.72841328817651 0.04935246711444194
-1 -0.75 57 58 18.99106866181832 0.04464740806115033
-1 -0.75 58 59 18.27780869652372 0.0416374188744975
-1 -0.75 59 60 17.58840726218513 0.04007255291436486
-1 -0.75 60 61 16.92245292170466 0.03865661926779559
-1 -0.75 61 62 16.27938151853571 0.03579486730382474
-1 -0.75 62 63 15.65877695155218 0.03166846142711685
-1 -0.75 63 64 15.06002325327442 0.02791792773859961
-1 -0.75 64 65 14.48248443377862 0.0255893752210362
-1 -0.75 65 66 13.92542942505582 0.02282725785804024
-1 -0.75 66 67 13.38535740652461 0.06013628603974654
-1 -0.75 67 68 12.86671694660239 0.03849787681524974
-1 -0.75 68 69 12.36454623063545 0.02023698175191941
-1 -0.75 69 70 11.87569097353887 0.01178677970494859
-1 -0.75 70 71 11.3977202825177 0.01214004674287685
-1 -0.75 71 72 10.92996666701288 0.01705324386360766
-1 -0.75 72 73 10.47237039261709 0.02512792129895082
-1 -0.75 73 74 10.02517768966904 0.02943516867291433
-1 -0.75 74 75 9.588731266342158 0.03068327542238197
-1 -0.75 75 76 9.163157656406348 0.03093105000486962
-1 -0.75 76 77 8.748692451186386 0.03098866607123913
-1 -0.75 77 78 8.345592589989174 0.03095418101560863
-1 -0.75 78 79 7.95406882027234 0.03090871131156092
-1 -0.75 79 80 7.574284957806967 0.0309208283164915
-1 -0.75 80 81 7.206360405062938 0.0310470284465079
-1 -0.75 81 82 6.850363131139773 0.03123828465969188
-1 -0.75 82 83 6.506581593233228 0.01937295573751631
-1 -0.75 83 84 6.173911910242712 0.01877166146719222
-1 -0.75 84 85 5.85328006842883 0.01782727570687209
-1 -0.75 85 86 5.544610737094089 0.01661010875349505
-1 -0.75 86 87 5.248196810110699 0.02421739920885715
-1 -0.75 87 88 4.962925451626013 0.02170255594950742
-1 -0.75 88 89 4.689113329397074 0.01900856988254136
-1 -0.75 89 90 4.426597750169325 0.01619417418386995
-1 -0.75 90 91 4.175193181298713 0.01334641112696336
-1 -0.75 91 92 3.934690762082464 0.0106489965622788
-1 -0.75 92 93 3.704869039233365 0.008151201916899581
-1 -0.75 93 94 3.485492649780994 0.005857662542523625
-1 -0.75 94 95 3.276312707793076 0.004328221292662387
-1 -0.75 95 96 3.077068607204305 0.003281191329230278
-1 -0.75 96 97 2.887489746580126 0.002941249981544661
-1 -0.75 97 98 2.707297174147806 0.002790209767441585
-1 -0.75 98 99 2.536205097832697 0.00302937574637168
-1 -0.75 99 100 2.373922589832301 0.00385695650761768
-0.75 -0.5 50 51 24.40202473130523 0.08377892301502698
-0.75 -0.5 51 52 23.53772076153248 0.08220200833293285
-0.75 -0.5 52 53 22.69477442562339 0.078290002257335
-0.75 -0.5 53 54 21.87414820635243 0.07248390697419105
-0.75 -0.5 54 55 21.07651507493858 0.06693305359873775
-0.75 -0.5 55 56 20.30224974735989 0.06109630060094999
-0.75 -0.5 56 57 19.55134149966699 0.05626668779194455
-0.75 -0.5 57 58 18.82382410846145 0.05257646376150645
-0.75 -0.5 58 59 18.1196638919499 0.04982676164880782
-0.75 -0.5 59 60 17.438699643482 0.04785654730927458
-0.75 -0.5 60 61 16.78057970665289 0.04601935077085713
-0.75 -0.5 61 62 16.14479326569564 0.04350900641068302
-0.75 -0.5 62 63 15.53097186313219 0.040457210649051
-0.75 -0.5 63 64 14.93854335203682 0.03769041136802582
-0.75 -0.5 64 65 14.36691175853439 0.03564259256976372
-0.75 -0.5 65 66 13.81538248110986 0.0334718979200512
-0.75 -0.5 66 67 13.28065484356284 0.06390401365548441
-0.75 -0.5 67 68 12.76686251828144 0.0416238015944245
-0.75 -0.5 68 69 12.26926690476832 0.03068910931690392
-0.75 -0.5 69 70 11.78475912669388 0.02471533171592829
-0.75 -0.5 70 71 11.31094226405985 0.02334468633995835
-0.75 -0.5 71 72 10.84716791894354 0.02513217302686893
-0.75 -0.5 72 73 10.39338731414102 0.02807442821947401
-0.75 -0.5 73 74 9.949856201711263 0.02988299469672556
-0.75 -0.5 74 75 9.516924282535356 0.03014039958774934
-0.75 -0.5 75 76 9.094725277319554 0.03039426044628201
-0.75 -0.5 76 77 8.683501156450831 0.03055386019813582
-0.75 -0.5 77 78 8.283514114343085 0.03061467403152433
-0.75 -0.5 78 79 7.894979859893567 0.03065977725390102
-0.75 -0.5 79 80 7.518066843602107 0.03075946371644496
-0.75 -0.5 80 81 7.15289880868859 0.03097171405544649
-0.75 -0.5 81 82 6.799547839602305 0.03124634266767404
-0.75 -0.5 82 83 6.457981545076294 0.03098711343291085
-0.75 -0.5 83 84 6.128066054603387 0.01895189999086041
-0.75 -0.5 84 85 5.809767195370515 0.0180029149335748
-0.75 -0.5 85 86 5.503807871628833 0.02664059795090809
-0.75 -0.5 86 87 5.209086953559645 0.02437270864725223
-0.75 -0.5 87 88 4.925874425075545 0.02184552744555068
-0.75 -0.5 88 89 4.654034027999064 0.01913029390159642
-0.75 -0.5 89 90 4.393405836074429 0.01628738671866625
-0.75 -0.5 90 91 4.143806990100355 0.01348944026965041
-0.75 -0.5 91 92 3.905031214353432 0.0115843217145156
-0.75 -0.5 92 93 3.676859574817051 0.009899142994946016
-0.75 -0.5 93 94 3.459059164379553 0.008458303165370579
-0.75 -0.5 94 95 3.2513834934404 0.007287464823400615
-0.75 -0.5 95 96 3.053574297919296 0.006409523299025217
-0.75 -0.5 96 97 2.865363268471814 0.005957620448633716
-0.75 -0.5 97 98 2.686473699100727 0.005603782634739778
-0.75 -0.5 98 99 2.516621998075506 0.005488456530097012
-0.75 -0.5 99 100 2.355519403525266 0.005599404814602432
-0.5 -0.25 50 51 24.41940549193734 0.08880925451717321
-0.5 -0.25 51 52 23.55895399105589 0.08607958108534004
-0.5 -0.25 52 53 22.71924719431158 0.08214793872943185
-0.5 -0.25 53 54 21.90132161344405 0.07721857046071015
-0.5 -0.25 54 55 21.10591553956985 0.0715281868134689
-0.5 -0.25 55 56 20.33346141272216 0.06559395343733447
-0.5 -0.25 56 57 19.58399958622223 0.06064995166139871
-0.5 -0.25 57 58 18.85760880838764 0.05681158062391593
-0.5 -0.25 58 59 18.15429511717484 0.05388261997420207
-0.5 -0.25 59 60 17.47393237834089 0.05170756019082785
-0.5 -0.25 60 61 16.81620052583469 0.04967429718589628
-0.5 -0.25 61 62 16.18061615140961 0.04701877379624587
-0.5 -0.25 62 63 15.56683528532179 0.04386778155483908
-0.5 -0.25 63 64 14.9743072986647 0.04100315669863333
-0.5 -0.25 64 65 14.40245543679094 0.03882864420890886
-0.5 -0.25 65 66 13.85060157295327 0.03655265253226175
-0.5 -0.25 66 67 13.31570810717652 0.06421294057738282
-0.5 -0.25 67 68 12.80141720951315 0.04329210158062854
-0.5 -0.25 68 69 12.3032520933521 0.0329495328574666
-0.5 -0.25 69 70 11.81810636348237 0.02734991430301883
-0.5 -0.25 70 71 11.34358511411978 0.02607513956441473
-0.5 -0.25 71 72 10.87904689672767 0.02770915460611804
-0.5 -0.25 72 73 10.42445019863843 0.03042780185230143
-0.5 -0.25 73 74 9.980059216399404 0.03206000770271026
-0.5 -0.25 74 75 9.546231432513679 0.03218438134183441
-0.5 -0.25 75 76 9.123107043911844 0.03177835067428668
-0.5 -0.25 76 77 8.710934749079215 0.03142574255747808
-0.5 -0.25 77 78 8.309983018292748 0.03147275970150665
-0.5 -0.25 78 79 7.920473340307979 0.03150600390395308
-0.5 -0.25 79 80 7.542579426057678 0.03159668943558903
-0.5 -0.25 80 81 7.176429787010733 0.03180356091086889
-0.5 -0.25 81 82 6.822100787659487 0.03207537375321219
-0.5 -0.25 82 83 6.479563538760516 0.03180530490026835
-0.5 -0.25 83 84 6.148573677385869 0.01933743271161406
-0.5 -0.25 84 85 5.829327718997021 0.01837264670490845
-0.5 -0.25 85 86 5.521970723153522 0.01712201800567698
-0.5 -0.25 86 87 5.226919446167337 0.02505667420807531
-0.5 -0.25 87 88 4.942816027238553 0.0224811030187659
-0.5 -0.25 88 89 4.670107360242387 0.01971408067196716
-0.5 -0.25 89 90 4.408635020184185 0.01681699002585416
-0.5 -0.25 90 91 4.158217389096116 0.01435796218505988
-0.5 -0.25 91 92 3.918649191896243 0.01240983471962009
-0.5 -0.25 92 93 3.689712274893129 0.01068248181182571
-0.5 -0.25 93 94 3.471174307612976 0.009197516677361793
-0.5 -0.25 94 95 3.262789190248178 0.00797642913769942
-0.5 -0.25 95 96 3.064298878079315 0.00703735105525728
-0.5 -0.25 96 97 2.875435126451936 0.006489775847074238
-0.5 -0.25 97 98 2.695921154317688 0.006097163979426506
-0.5 -0.25 98 99 2.525473167965163 0.005869579592046342
-0.5 -0.25 99 100 2.363802096104227 0.005901552829754191
-0.25 0 50 51 24.52575458246233 0.08753576784553582
-0.25 0 51 52 23.66163690389564 0.08493255686224899
-0.25 0 52 53 22.81829530719699 0.08108429281066039
-0.25 0 53 54 21.99678052648522 0.07620238787612899
-0.25 0 54 55 21.19784248244579 0.07052935433697227
-0.25 0 55 56 20.42192282955634 0.06459460217044163
-0.25 0 56 57 19.66906854249473 0.05966663904114755
-0.25 0 57 58 18.93936411338014 0.05586677870002868
-0.25 0 58 59 18.2328202234261 0.05299473399462187
-0.25 0 59 60 17.54931415426721 0.05089086873293141
-0.25 0 60 61 16.8885277991111 0.04892502071673877
-0.25 0 61 62 16.24997829014421 0.04631157545540577
-0.25 0 62 63 15.6333227439429 0.04318136573567544
-0.25 0 63 64 15.03801007852309 0.04033945837225752
-0.25 0 64 65 14.46346273434776 0.03820261465059943
-0.25 0 65 66 13.90900100780897 0.03595588379104492
-0.25 0 66 67 13.37140252737861 0.06456938310603322
-0.25 0 67 68 12.85467887882891 0.04312740618541262
-0.25 0 68 69 12.35415524248126 0.03260972497662018
-0.25 0 69 70 11.86671392036486 0.02689754175689055
-0.25 0 70 71 11.38995159793083 0.02562738296892035
-0.25 0 71 72 10.92322555177206 0.02734932590498762
-0.25 0 72 73 10.46649485120471 0.03017336495760455
-0.25 0 73 74 10.02002566478572 0.03187912607635471
-0.25 0 74 75 9.584177572842222 0.03204597068321707
-0.25 0 75 76 9.15909188316796 0.03167160370753266
-0.25 0 76 77 8.745018759383839 0.03170154227344786
-0.25 0 77 78 8.342227996390427 0.03174857097026068
-0.25 0 78 79 7.950942100267802 0.03178328548789695
-0.25 0 79 80 7.571335485826026 0.0318772479096228
-0.25 0 80 81 7.203537076481886 0.03208948230416592
-0.25 0 81 82 6.847623389922035 0.03236807768957103
-0.25 0 82 83 6.503565403457365 0.03210063146906438
-0.25 0 83 84 6.171102480227596 0.01967001469995384
-0.25 0 84 85 5.850460754382905 0.01869561280816154
-0.25 0 85 86 5.54177173472894 0.01743262901278387
-0.25 0 86 87 5.245468588287547 0.02531415547023782
-0.25 0 87 88 4.960155497216572 0.02272088351605991
-0.25 0 88 89 4.686296383525878 0.01993405824174847
-0.25 0 89 90 4.423731499474162 0.01701549217024613
-0.25 0 90 91 4.17227779744216 0.01443075187387276
-0.25 0 91 92 3.931728483100486 0.01248086337698811
-0.25 0 92 93 3.701863801103197 0.01075382189809973
-0.25 0 93 94 3.482449752448879 0.009271418523035984
-0.25 0 94 95 3.273238515715249 0.008055032374445197
-0.25 0 95 96 3.073970283329842 0.007122176308909491
-0.25 0 96 97 2.884375017572379 0.006582088941502647
-0.25 0 97 98 2.704174124461082 0.006192464271436022
-0.25 0 98 99 2.533081986287804 0.005969427001071995
-0.25 0 99 100 2.370807708574366 0.006002255236110006
0 0.25 50 51 24.50263641795061 0.08753048529827823
0 0.25 51 52 23.64016440074843 0.08492738676887771
0 0.25 52 53 22.7983550880829 0.08107947185547121
0 0.25 53 54 21.97826759949396 0.07619810045395853
0 0.25 54 55 21.18065953520281 0.0705257355533134
0 0.25 55 56 20.40597963736562 0.06459169751248381
0 0.25 56 57 19.65428152761677 0.05966428701425957
0 0.25 57 58 18.92565564478996 0.05586479970654225
0 0.25 58 59 18.22011809158016 0.05299298562748594
0 0.25 59 60 17.5375511537093 0.05088924073147327
0 0.25 60 61 16.87764142158098 0.04892350061644603
0 0.25 61 62 16.23991039198131 0.04631025849916236
0 0.25 62 63 15.62401910509031 0.04318032108094083
0 0.25 63 64 15.02942019317679 0.04033864465649477
0 0.25 64 65 14.45553953270068 0.03820193899749477
0 0.25 65 66 13.90170062666969 0.03595535804393028
0 0.25 66 67 13.36468498191596 0.06456333339758852
0 0.25 67 68 12.8485052138291 0.04312314985603676
0 0.25 68 69 12.348490629157 0.03260763056497436
0 0.25 69 70 11.86152682256419 0.02689706561647209
0 0.25 70 71 11.38521308993901 0.02562758995273233
0 0.25 71 72 10.91890835293896 0.02734945700361649
0 0.25 72 73 10.46257294160985 0.03017305884818926
0 0.25 73 74 10.01647412252824 0.03187841792123552
0 0.25 74 75 9.580972486832067 0.03204499729199725
0 0.25 75 76 9.156210392002464 0.03167043869367472
0 0.25 76 77 8.742438983405286 0.03170024579535251
0 0.25 77 78 8.339929000108434 0.03174718262516787
0 0.25 78 79 7.948903882747032 0.03178183477729465
0 0.25 79 80 7.569538969599755 0.03187575948169633
0 0.25 80 81 7.201964094574969 0.03208797686337937
0 0.25 81 82 6.846256673377084 0.03236657435884902
0 0.25 82 83 6.502388575480204 0.03209915617590264
0 0.25 83 84 6.170100404310489 0.01966999946967912
0 0.25 84 85 5.849618368527885 0.01869559568993357
0 0.25 85 86 5.541075167411819 0.01743260982041133
0 0.25 86 87 5.244904401240149 0.0253129548372948
0 0.25 87 88 4.959711765711333 0.02271976499977191
0 0.25 88 89 4.685961559736743 0.01993301954340234
0 0.25 89 90 4.423494762088172 0.01701452837064342
0 0.25 90 91 4.172129027278157 0.01442987906182462
0 0.25 91 92 3.931658237944859 0.01248010898922543
0 0.25 92 93 3.701863289787575 0.01075318892195198
0 0.25 93 94 3.482510808953705 0.009270913924771512
0 0.25 94 95 3.273353573031734 0.008054666623694593
0 0.25 95 96 3.074132347216231 0.007121960538012412
0 0.25 96 97 2.884577640250162 0.006582051527430245
0 0.25 97 98 2.704411378411114 0.006192427393592509
0 0.25 98 99 2.53334843817869 0.005969649502573464
0 0.25 99 100 2.371098393481303 0.00600258354127135
0.25 0.5 50 51 24.35048846859476 0.0887933283636469
0.25 0.5 51 52 23.49495224316948 0.08606400543714539
0.25 0.5 52 53 22.65982165327816 0.08213340924631016
0.25 0.5 53 54 21.84615832254843 0.07720562803418203
0.25 0.5 54 55 21.05472353673744 0.07151722688608955
0.25 0.5 55 56 20.28597095306429 0.06558510725638693
0.25 0.5 56 57 19.53996081238739 0.06064273819905965
0.25 0.5 57 58 18.81678966105633 0.05680546530565752
0.25 0.5 58 59 18.11647976405385 0.05387717785580945
0.25 0.5 59 60 17.43891996303978 0.05170246081157376
0.25 0.5 60 61 16.78380424476936 0.0496695026897696
0.25 0.5 61 62 16.150662256027 0.04701457158796258
0.25 0.5 62 63 15.53916176618145 0.043864384075037
0.25 0.5 63 64 14.94876325665395 0.04100044260848291
0.25 0.5 64 65 14.3789002499657 0.03882633159748984
0.25 0.5 65 66 13.82890421076237 0.03655078416184412
0.25 0.5 66 67 13.29574984296021 0.06419404595249187
0.25 0.5 67 68 12.78308101057524 0.04327832277082311
0.25 0.5 68 69 12.28643393576236 0.03294229012376271
0.25 0.5 69 70 11.80271204129448 0.02734806942757112
0.25 0.5 70 71 11.32952819955513 0.02607623814836381
0.25 0.5 71 72 10.86624587105631 0.02771102651287081
0.25 0.5 72 73 10.41282731208438 0.03042911426137657
0.25 0.5 73 74 9.969540005027717 0.03206056114405171
0.25 0.5 74 75 9.536744459566115 0.03218439955341564
0.25 0.5 75 76 9.11458401574329 0.03177798231916601
0.25 0.5 76 77 8.703310311451041 0.03142507513227925
0.25 0.5 77 78 8.303194643259964 0.0314718798960673
0.25 0.5 78 79 7.914461297326802 0.0315049772564461
0.25 0.5 79 80 7.537286748208075 0.03159556922281014
0.25 0.5 80 81 7.171802232002982 0.03180239086902808
0.25 0.5 81 82 6.818086800038792 0.03207419523027014
0.25 0.5 82 83 6.476114231326079 0.03180418213916401
0.25 0.5 83 84 6.145642960529564 0.01933738652735167
0.25 0.5 84 85 5.826871559187854 0.01837259481818941
0.25 0.5 85 86 5.519947729197661 0.0171219598384261
0.25 0.5 86 87 5.225290402032979 0.02505616474507619
0.25 0.5 87 88 4.941544468675993 0.02248077076710909
0.25 0.5 88 89 4.66915884251204 0.01971391529484927
0.25 0.5 89 90 4.407977270802824 0.01681697501341282
0.25 0.5 90 91 4.157820234654135 0.01435807247798745
0.25 0.5 91 92 3.918484482790184 0.01241003055057959
0.25 0.5 92 93 3.68975380761184 0.01068272171307604
0.25 0.5 93 94 3.471397747024973 0.009197759020533026
0.25 0.5 94 95 3.263171991376765 0.007976633846909989
0.25 0.5 95 96 3.064820207488621 0.007037483749061549
0.25 0.5 96 97 2.876075783512496 0.006489663352039154
0.25 0.5 97 98 2.696663492694054 0.006097052978702787
0.25 0.5 98 99 2.526301017613342 0.005869446251094935
0.25 0.5 99 100 2.364700686070263 0.005901373932884276
0.5 0.75 50 51 24.28951359473933 0.08375008749048757
0.5 0.75 51 52 23.43329619869314 0.08217421775593473
0.5 0.75 52 53 22.59787632365214 0.07826402132447888
0.5 0.75 53 54 21.78425805651256 0.07246034176614183
0.5 0.75 54 55 20.99315245857451 0.06691291040194618
0.5 0.75 55 56 20.22496937578356 0.06107980169753339
0.5 0.75 56 57 19.47973097442855 0.05625303659883867
0.5 0.75 57 58 18.75750049193618 0.05256475858564805
0.5 0.75 58 59 18.05827111371406 0.0498162744852105
0.5 0.75 59 60 17.38190642345815 0.04784670700245368
0.5 0.75 60 61 16.72807800755508 0.04601009093284253
0.5 0.75 61 62 16.096296631611 0.0435008218755415
0.5 0.75 62 63 15.48621326041481 0.04045047376410437
0.5 0.75 63 64 14.89727411031352 0.03768491751713113
0.5 0.75 64 65 14.32890018918692 0.03563784477797168
0.5 0.75 65 66 13.78041273595973 0.03346797751698795
0.5 0.75 66 67 13.24853242469479 0.06386738935198256
0.5 0.75 67 68 12.73739357672233 0.04159461303674337
0.5 0.75 68 69 12.24228005009685 0.03067194531114092
0.5 0.75 69 70 11.76009902113658 0.02471001848237309
0.5 0.75 70 71 11.28846631050553 0.02334753188841943
0.5 0.75 71 72 10.82674162274453 0.02513871589536075
0.5 0.75 72 73 10.37488243449275 0.02808118972799738
0.5 0.75 73 74 9.933149963449061 0.02988887172446273
0.5 0.75 74 75 9.501898952862227 0.03014542576204083
0.5 0.75 75 76 9.081268348005651 0.03039850576262297
0.5 0.75 76 77 8.671505008936577 0.03055745429408017
0.5 0.75 77 78 8.272875832676888 0.03061773636460158
0.5 0.75 78 79 7.885601179736049 0.03066240527260867
0.5 0.75 79 80 7.509854093545734 0.03076173760062074
0.5 0.75 80 81 7.145762842846587 0.0309737009932499
0.5 0.75 81 82 6.793403972035307 0.03124810845475059
0.5 0.75 82 83 6.452749514310568 0.03098876322578123
0.5 0.75 83 84 6.123669652953517 0.01895182222868747
0.5 0.75 84 85 5.80613482115676 0.01800282774949896
0.5 0.75 85 86 5.500871845181329 0.02664235041827038
0.5 0.75 86 87 5.206783225509646 0.02437456079954039
0.5 0.75 87 88 4.924142945494431 0.02184748161674059
0.5 0.75 88 89 4.652818458246067 0.01913234004885593
0.5 0.75 89 90 4.39265342955666 0.01628950561567484
0.5 0.75 90 91 4.143468469612266 0.01349159255674363
0.5 0.75 91 92 3.905060645897041 0.01158633299335745
0.5 0.75 92 93 3.677214237755095 0.009900930942175057
0.5 0.75 93 94 3.459699421659156 0.008459779041650073
0.5 0.75 94 95 3.252272661004866 0.007288539508992058
0.5 0.75 95 96 3.054678513549996 0.006410125097974005
0.5 0.75 96 97 2.866651360564067 0.005957421890532638
0.5 0.75 97 98 2.687917055918824 0.005603587181164318
0.5 0.75 98 99 2.518194437939359 0.005487785903947315
0.5 0.75 99 100 2.357197046333509 0.005598544115359061
0.75 1 50 51 24.50729543248235 0.08283820167783364
0.75 1 51 52 23.63799340854945 0.08122833903377191
0.75 1 52 53 22.79058588340021 0.07733385262221854
0.75 1 53 54 21.96596753990403 0.07152452992554593
0.75 1 54 55 21.16475202683344 0.06413835789241652
0.75 1 55 56 20.38726236232463 0.05597020798888743
0.75 1 56 57 19.63344323279114 0.04933097008965338
0.75 1 57 58 18.90328844069377 0.04462828132323043
0.75 1 58 59 18.19672906985113 0.04161995330346181
0.75 1 59 60 17.51357324860172 0.04005618502830256
0.75 1 60 61 16.85344162484601 0.03864125745058405
0.75 1 61 62 16.21579981310191 0.03578095176711998
0.75 1 62 63 15.60025853326731 0.03165632574104914
0.75 1 63 64 15.00622713585382 0.02790737214041723
0.75 1 64 65 14.43309303473285 0.02557990734031725
0.75 1 65 66 13.88014697126208 0.0228189492507076
0.75 1 66 67 13.34391811551257 0.06008082185268564
0.75 1 67 68 12.82885457880322 0.03845320738752268
0.75 1 68 69 12.33002577613662 0.02020151876888079
0.75 1 69 70 11.84429895305951 0.01177578416030146
0.75 1 70 71 11.36926033583146 0.01215427118798616
0.75 1 71 72 10.90425352514602 0.01707273680907375
0.75 1 72 73 10.44922747223256 0.02514316789159644
0.75 1 73 74 10.0044360618158 0.02944756668215682
0.75 1 74 75 9.570229101853741 0.03069378358007064
0.75 1 75 76 9.146740435781801 0.03094010322904653
0.75 1 76 77 8.734212521571536 0.03099650236217835
0.75 1 77 78 8.332908914258056 0.03096099655402961
0.75 1 78 79 7.943046897598556 0.03091466921746738
0.75 1 79 80 7.564796733320023 0.03092606592802517
0.75 1 80 81 7.19828416787378 0.03105166364601045
0.75 1 81 82 6.843583413047654 0.03124243101943014
0.75 1 82 83 6.500988207973144 0.01937285879370892
0.75 1 83 84 6.169402533887759 0.01877155253188369
0.75 1 84 85 5.849757101049615 0.01782715402290781
0.75 1 85 86 5.541982226697769 0.01660997304385818
0.75 1 86 87 5.246376920090196 0.0242209012147384
0.75 1 87 88 4.961832412512454 0.02170607079047226
0.75 1 88 89 4.688671178701927 0.01901209147821505
0.75 1 89 90 4.426735509791346 0.01619768354426531
0.75 1 90 91 4.175844681376031 0.01334987993248989
0.75 1 91 92 3.935794459951914 0.01065239211468811
0.75 1 92 93 3.706367834749905 0.008154495470862652
0.75 1 93 94 3.487333700594114 0.005860833814360097
0.75 1 94 95 3.278447243770932 0.004330874626851754
0.75 1 95 96 3.079451744334625 0.003282906534499943
0.75 1 96 97 2.890080301162499 0.002940712454712414
0.75 1 97 98 2.710057477938998 0.002789686645460162
0.75 1 98 99 2.539100814808762 0.003027775813932312
0.75 1 99 100 2.376922535224823 0.003855329164030137
1 1.25 50 51 24.52932990636043 0.07936684003197417
1 1.25 51 52 23.66101345767288 0.07784835701692475
1 1.25 52 53 22.81478780870185 0.0741082509239005
1 1.25 53 54 21.99149734550173 0.06850705692585776
1 1.25 54 55 21.19171318359284 0.06137417856114184
1 1.25 55 56 20.41572365836726 0.05451922524402917
1 1.25 56 57 19.66344835910868 0.04983154504464619
1 1.25 57 58 18.93485640385389 0.04627337455619495
1 1.25 58 59 18.22985693651056 0.04365577261559874
1 1.25 59 60 17.54824009413269 0.04182332630405242
1 1.25 60 61 16.88961225808498 0.0401243748030343
1 1.25 61 62 16.25342904562942 0.03773863898333876
1 1.25 62 63 15.63929067253441 0.0347914275602255
1 1.25 63 64 15.0465986742218 0.03212282683689087
1 1.25 64 65 14.4747338565779 0.03018553998716271
1 1.25 65 66 13.92298212772145 0.02811235087557442
1 1.25 66 67 13.38864112540031 0.0601071193813084
1 1.25 67 68 12.87455296684836 0.0390457419463433
1 1.25 68 69 12.37661503970973 0.0258245094953776
1 1.25 69 70 11.89168160852527 0.01966666963503141
1 1.25 70 71 11.41732551777855 0.01843216362309264
1 1.25 71 72 10.95288131550164 0.02064480429881461
1 1.25 72 73 10.49829486666717 0.02393192615421548
1 1.25 73 74 10.05381863336812 0.02709941287024789
1 1.25 74 75 9.619804621962381 0.02835045541115296
1 1.25 75 76 9.196387587266933 0.02863062847391173
1 1.25 76 77 8.783812732840367 0.02872522687672317
1 1.25 77 78 8.382348317779872 0.02872942869792194
1 1.25 78 79 7.992216699946063 0.02872194638090273
1 1.25 79 80 7.613593596008748 0.02876925238749145
1 1.25 80 81 7.246610518316992 0.02892604789460359
1 1.25 81 82 6.891347515482757 0.02914483242367961
1 1.25 82 83 6.547780019540177 0.02886298800170336
1 1.25 83 84 6.215904484201367 0.02794676263755931
1 1.25 84 85 5.895709576211598 0.02651490965585255
1 1.25 85 86 5.58715246314776 0.02467274619936888
1 1.25 86 87 5.290159789603315 0.02251162895152645
1 1.25 87 88 5.004629939640147 0.02011019740969501
1 1.25 88 89 4.730435254531464 0.01753558468463061
1 1.25 89 90 4.467424200990607 0.01484458522831347
1 1.25 90 91 4.215422051998708 0.01212134682021961
1 1.25 91 92 3.974230345845754 0.009543536414196838
1 1.25 92 93 3.743637670993465 0.007570642054204543
1 1.25 93 94 3.523418301987096 0.006173746148503711
1 1.25 94 95 3.313332556965497 0.005062338033548654
1 1.25 95 96 3.113128587360555 0.004345723432506382
1 1.25 96 97 2.922544093148707 0.004073558377418613
1 1.25 97 98 2.741307961588783 0.003877801879287151
1 1.25 98 99 2.569141776751879 0.004105929578057787
1 1.25 99 100 2.405761512845153 0.004470899063181032
1.25 1.5 50 51 24.21690360878603 0.07616054319315302
1.25 1.5 51 52 23.35462792973001 0.07468209396565889
1.25 1.5 52 53 22.51495214062254 0.07105675084911769
1.25 1.5 53 54 21.69861186875292 0.06563458977110261
1.25 1.5 54 55 20.90608472921033 0.05900404915101771
1.25 1.5 55 56 20.13757851448818 0.05380868189243519
1.25 1.5 56 57 19.39294307658155 0.04955007993265554
1.25 1.5 57 58 18.67208882917757 0.04633941396569532
1.25 1.5 58 59 17.97487516946333 0.04398292695340008
1.25 1.5 59 60 17.30105016736135 0.04232530340976867
1.25 1.5 60 61 16.65018521286098 0.04078074763626079
1.25 1.5 61 62 16.02170870978973 0.03862977234628916
1.25 1.5 62 63 15.41519521093323 0.03600081187649676
1.25 1.5 63 64 14.83002797737043 0.03363289854829784
1.25 1.5 64 65 14.26557262530926 0.03189933876719824
1.25 1.5 65 66 13.72110438002836 0.03006262275971747
1.25 1.5 66 67 13.19486699212875 0.05549826620782382
1.25 1.5 67 68 12.68774963944639 0.03523167590354093
1.25 1.5 68 69 12.19666373591218 0.02625789180644311
1.25 1.5 69 70 11.71849547669228 0.02244422964341689
1.25 1.5 70 71 11.25084249676445 0.02265447386570894
1.25 1.5 71 72 10.79303795384558 0.02523776659306251
1.25 1.5 72 73 10.34501936506833 0.02831475391017873
1.25 1.5 73 74 9.907025331463373 0.03003580090509025
1.25 1.5 74 75 9.47939373080154 0.03021530392297295
1.25 1.5 75 76 9.062248993734904 0.02986236537549525
1.25 1.5 76 77 8.655824769865994 0.02980054724181301
1.25 1.5 77 78 8.26037850061914 0.02972997962751435
1.25 1.5 78 79 7.876123000946336 0.02964456724965423
1.25 1.5 79 80 7.503225761863099 0.02960890636300139
1.25 1.5 80 81 7.141811313389674 0.02967621599308299
1.25 1.5 81 82 6.792323461511032 0.01778403408885377
1.25 1.5 82 83 6.453427272340882 0.01761373648624427
1.25 1.5 83 84 6.126242226764866 0.01705152152618003
1.25 1.5 84 85 5.810734869630672 0.0161720166252427
1.25 1.5 85 86 5.506841417080928 0.01504087679403136
1.25 1.5 86 87 5.214469105754137 0.01371504457344211
1.25 1.5 87 88 4.934038938921265 0.02063544515824056
1.25 1.5 88 89 4.664025398767503 0.0180896207443383
1.25 1.5 89 90 4.405019138427456 0.01543579194375532
1.25 1.5 90 91 4.15684708764794 0.01345784173516327
1.25 1.5 91 92 3.919312912696377 0.01165792288332219
1.25 1.5 92 93 3.692207874101371 0.01006060825482116
1.25 1.5 93 94 3.475309366282772 0.008683906157623187
1.25 1.5 94 95 3.268381204371657 0.007545320073963303
1.25 1.5 95 96 3.071175366963265 0.006659285087948146
1.25 1.5 96 97 2.883433666686887 0.00609516586527841
1.25 1.5 97 98 2.704889346695163 0.005747903963867811
1.25 1.5 98 99 2.535268553621171 0.005478046683536721
1.25 1.5 99 100 2.374291979477245 0.005469053341981797
1.5 1.75 50 51 24.68700905600696 0.07165253522011168
1.5 1.75 51 52 23.79242032678181 0.07025036429080203
1.5 1.75 52 53 22.92312197996316 0.06679057701299848
1.5 1.75 53 54 22.0795950869703 0.06161045655098515
1.5 1.75 54 55 21.26208916036543 0.05501842728842537
1.5 1.75 55 56 20.47060703615918 0.047733066717258
1.5 1.75 56 57 19.70481335712412 0.04183029473615037
1.5 1.75 57 58 18.9644526099929 0.03767130331264806
1.5 1.75 58 59 18.24923522821682 0.03503414065123361
1.5 1.75 59 60 17.55877525957004 0.03369218404894784
1.5 1.75 60 61 16.89251906387913 0.03248753094797756
1.5 1.75 61 62 16.24978219782408 0.0300010027396547
1.5 1.75 62 63 15.63004062499284 0.02639584965658171
1.5 1.75 63 64 15.03258606468243 0.02312852627682887
1.5 1.75 64 65 14.45670069987023 0.02112340042681964
1.5 1.75 65 66 13.90158455029133 0.0187399189025865
1.5 1.75 66 67 13.36697582472428 0.04887476038507995
1.5 1.75 67 68 12.85044943769782 0.02989066947074674
1.5 1.75 68 69 12.35053100191927 0.01422743809918701
1.5 1.75 69 70 11.86402214818234 0.004741615730380263
1.5 1.75 70 71 11.38845574946633 0.01104811926384225
1.5 1.75 71 72 10.92312653252382 0.01960400251932811
1.5 1.75 72 73 10.46794877142905 0.02637241326806607
1.5 1.75 73 74 10.02314039288981 0.02988032787448402
1.5 1.75 74 75 9.589023214899647 0.03070666669731142
1.5 1.75 75 76 9.165707532577478 0.03065601935936257
1.5 1.75 76 77 8.753412596810193 0.03044146395549454
1.5 1.75 77 78 8.352382463237603 0.03015113372242611
1.5 1.75 78 79 7.962817161131099 0.02985783600841014
1.5 1.75 79 80 7.584872067385618 0.0296230405243604
1.5 1.75 80 81 7.219307447395629 0.01715375229017601
1.5 1.75 81 82 6.864283238453755 0.01724436113195504
1.5 1.75 82 83 6.521126149683159 0.01704515173109293
1.5 1.75 83 84 6.189896128649522 0.001056417724591049
1.5 1.75 84 85 5.870725878180728 0.001133025553551423
1.5 1.75 85 86 5.562981991032444 0.01449715644282364
1.5 1.75 86 87 5.267137200163759 0.01320296267629546
1.5 1.75 87 88 4.982834698731892 0.01177495820033713
1.5 1.75 88 89 4.71035502961842 0.01737442470584794
1.5 1.75 89 90 4.448382910614015 0.01476177242515555
1.5 1.75 90 91 4.197406753273505 0.01213321996451767
1.5 1.75 91 92 3.957223071650336 0.009650832347848935
1.5 1.75 92 93 3.72761617122107 0.007357835671698195
1.5 1.75 93 94 3.508356725701418 0.005258711862796403
1.5 1.75 94 95 3.299202075401123 0.003357445161076425
1.5 1.75 95 96 3.099897959500472 0.001672462257372894
1.5 1.75 96 97 2.910180177345556 0.001181160725833817
1.5 1.75 97 98 2.729776176509832 0.001662503176148543
1.5 1.75 98 99 2.558406521734726 0.002621443963822435
1.5 1.75 99 100 2.395786515051237 0.003669304289349048
1.75 2 50 51 24.56128238401107 0.07192941117163879
1.75 2 51 52 23.67682888437588 0.07043416906278731
1.75 2 52 53 22.81739447569845 0.06696280303418903
1.75 2 53 54 21.98342708861009 0.06184171768564879
1.75 2 54 55 21.1751514317411 0.05536853191900495
1.75 2 55 56 20.39255349979409 0.04823164077234739
1.75 2 56 57 19.63529048922058 0.04241650081726579
1.75 2 57 58 18.90310084189882 0.03826967568344272
1.75 2 58 59 18.19569157582282 0.03557987938436381
1.75 2 59 60 17.51267693408884 0.03413036409915157
1.75 2 60 61 16.85351055084297 0.03281971838838692
1.75 2 61 62 16.21752131328515 0.03029868048147173
1.75 2 62 63 15.6041904549929 0.02672339113116034
1.75 2 63 64 15.01282280745845 0.02384517999376635
1.75 2 64 65 14.44271364477653 0.02214713361006761
1.75 2 65 66 13.8788804042043 0.04894044003545464
1.75 2 66 67 13.36171303862365 0.04572738227508028
1.75 2 67 68 12.85026944019043 0.02783402282645614
1.75 2 68 69 12.35517944001518 0.01331153105550957
1.75 2 69 70 11.87324788723771 0.01235956636065788
1.75 2 70 71 11.40199475939031 0.01580118317990747
1.75 2 71 72 10.94069888184424 0.02048625988569546
1.75 2 72 73 10.48926602793912 0.02576981573029897
1.75 2 73 74 10.04790986899447 0.02898481603422723
1.75 2 74 75 9.616954823656172 0.02967129562044995
1.75 2 75 76 9.196508990372124 0.02953342564808754
1.75 2 76 77 8.786795056298025 0.02924551599397879
1.75 2 77 78 8.388065192846632 0.02889069902837186
1.75 2 78 79 8.000528309669143 0.02853763412021336
1.75 2 79 80 7.624349423983247 0.02824427225928136
1.75 2 80 81 7.260709885229016 0.01606376779283781
1.75 2 81 82 6.906944354953755 0.01611910629730681
1.75 2 82 83 6.564813347422366 0.01592205752179498
1.75 2 83 84 6.234377825966224 0.01537441959582852
1.75 2 84 85 5.915855962809104 0.004585263426104178
1.75 2 85 86 5.608445224305569 0.01349095099798595
1.75 2 86 87 5.312800814952379 0.01226650619576544
1.75 2 87 88 5.028525989351266 0.01091501398002025
1.75 2 88 89 4.755694668414051 0.01619742096151944
1.75 2 89 90 4.493474262239751 0.01369692631932244
1.75 2 90 91 4.242114302582106 0.01118586972473209
1.75 2 91 92 4.001422915120809 0.008817222375914775
1.75 2 92 93 3.771195804467302 0.006631498875458166
1.75 2 93 94 3.551214737504006 0.004632610730970402
1.75 2 94 95 3.341247783519178 0.00324652491727435
1.75 2 95 96 3.141051016549632 0.002244297798189008
1.75 2 96 97 2.950370151400275 0.002042915012403786
1.75 2 97 98 2.768942110852354 0.001912353645580167
1.75 2 98 99 2.596496481844824 0.002821969152734251
1.75 2 99 100 2.432757107023578 0.003816162020755603
2 2.25 50 51 25.02567940269333 0.0713946974371078
2 2.25 51 52 24.09612499391834 0.06981208359797211
2 2.25 52 53 23.19565950887559 0.0663595140453217
2 2.25 53 54 22.32434623623723 0.06134891846585375
2 2.25 54 55 21.48206462296675 0.0550643819049192
2 2.25 55 56 20.66849136757158 0.04815955554609325
2 2.25 56 57 19.88300879829045 0.04251533557282793
2 2.25 57 58 19.12510422595933 0.03845871473176962
2 2.25 58 59 18.39425693930798 0.03578829881224384
2 2.25 59 60 17.68987576401368 0.03429751644039345
2 2.25 60 61 17.01122446135788 0.03294343877205137
2 2.25 61 62 16.35746049646632 0.03044881760220726
2 2.25 62 63 15.72791262047767 0.02696237742811938
2 2.25 63 64 15.12174213506256 0.02379308013811323
2 2.25 64 65 14.53811318036428 0.02177129841513591
2 2.25 65 66 13.97612029231686 0.01942156777429753
2 2.25 66 67 13.43202537933043 0.05002139398713469
2 2.25 67 68 12.91027609342962 0.03241085057361272
2 2.25 68 69 12.40571798714659 0.01760787083022868
2 2.25 69 70 11.9150639814478 0.008665181274234289
2 2.25 70 71 11.43578055240353 0.007236517433707638
2 2.25 71 72 10.96711035999312 0.01250930493222092
2 2.25 72 73 10.50893070615231 0.0189348294541044
2 2.25 73 74 10.06142137702626 0.02236031624294434
2 2.25 74 75 9.6248725792057 0.02335319441205479
2 2.25 75 76 9.199367693147877 0.02353388827005164
2 2.25 76 77 8.785098915322472 0.02354206457960951
2 2.25 77 78 8.382286203423945 0.02345913935075707
2 2.25 78 79 7.99110752528032 0.02335246232220529
2 2.25 79 80 7.611698356809168 0.02327876932123318
2 2.25 80 81 7.244153833235817 0.02328466365680713
2 2.25 81 82 6.88789873126056 0.01725354534862472
2 2.25 82 83 6.544549554167769 0.01694615424277861
2 2.25 83 84 6.212894072345239 0.01625746767977599
2 2.25 84 85 5.892912263907 0.01526016654331481
2 2.25 85 86 5.58455424916491 0.01401982184251579
2 2.25 86 87 5.287741215174286 0.01259387899410786
2 2.25 87 88 5.002228753454293 0.01534346915830465
2 2.25 88 89 4.728356912049854 0.01318448802224092
2 2.25 89 90 4.465700115430085 0.01094792547829894
2 2.25 90 91 4.214072570174119 0.008705755492799587
2 2.25 91 92 3.973266126682059 0.006607081164585294
2 2.25 92 93 3.743061285733086 0.004703256197460512
2 2.25 93 94 3.523225566179018 0.003037806444855552
2 2.25 94 95 3.313513673840351 0.002046721906182543
2 2.25 95 96 3.113669173221197 0.001893340955925673
2 2.25 96 97 2.923426092863874 0.002603179508351939
2 2.25 97 98 2.742510462056446 0.00335039479916096
2 2.25 98 99 2.570641740720143 0.004147251027247331
2 2.25 99 100 2.40753436298519 0.004980178011654927
2.25 2.5 50 51 24.68743642810323 0.06761058967741798
2.25 2.5 51 52 23.75738858294852 0.0660623832424803
2.25 2.5 52 53 22.85783357581204 0.06274309985304397
2.25 2.5 53 54 21.98862666567072 0.05795082751792251
2.25 2.5 54 55 21.14946560139722 0.05195677592414995
2.25 2.5 55 56 20.33986812028243 0.04587421424986892
2.25 2.5 56 57 19.55907714956105 0.04188221209193634
2.25 2.5 57 58 18.80645915001597 0.03882817711914922
2.25 2.5 58 59 18.08138820703847 0.03655431964586844
2.25 2.5 59 60 17.3831816190371 0.03492770060480247
2.25 2.5 60 61 16.71102239620085 0.03342053163778391
2.25 2.5 61 62 16.0639998970684 0.03138223402947434
2.25 2.5 62 63 15.44138201244488 0.02891823273338843
2.25 2.5 63 64 14.84227986220197 0.02669114461557404
2.25 2.5 64 65 14.2658139379065 0.02505325163619102
2.25 2.5 65 66 13.69755420129484 0.04448304365657259
2.25 2.5 66 67 13.17542187965162 0.03895540113604092
2.25 2.5 67 68 12.66090788873004 0.0229187016134637
2.25 2.5 68 69 12.16362293910702 0.01676544279885516
2.25 2.5 69 70 11.6803259511541 0.0168247856500733
2.25 2.5 70 71 11.20851178476592 0.01936011764055998
2.25 2.5 71 72 10.74740703743104 0.02284914910258646
2.25 2.5 72 73 10.29686170051541 0.0259112706164218
2.25 2.5 73 74 9.857023399470719 0.02808852373286439
2.25 2.5 74 75 9.428152237591981 0.0287132695066096
2.25 2.5 75 76 9.010301869769407 0.02859243031583316
2.25 2.5 76 77 8.60363801293866 0.02831633486083545
2.25 2.5 77 78 8.208358165417597 0.0279614848201201
2.25 2.5 78 79 7.826528559183874 0.01541973036262648
2.25 2.5 79 80 7.454097899175189 0.0153176320690138
2.25 2.5 80 81 7.09327260774749 0.0152458842632276
2.25 2.5 81 82 6.743437101470459 0.00872960630243581
2.25 2.5 82 83 6.406489200473064 0.008272036883124646
2.25 2.5 83 84 6.081231069538259 0.007833750176915684
2.25 2.5 84 85 5.767616386135241 0.007414217666862559
2.25 2.5 85 86 5.465570747237432 0.007012950298458208
2.25 2.5 86 87 5.174992877202936 0.00662939751703365
2.25 2.5 87 88 4.895751160459536 0.006262513027161749
2.25 2.5 88 89 4.627686222271858 0.008903326889671392
2.25 2.5 89 90 4.370823879980623 0.01363528713332035
2.25 2.5 90 91 4.124554205290933 0.01137784517375436
2.25 2.5 91 92 3.888898677401386 0.009262178401832773
2.25 2.5 92 93 3.66363801477234 0.007790830443683433
2.25 2.5 93 94 3.448540709964572 0.006488199452041504
2.25 2.5 94 95 3.243363160936818 0.005368589220084069
2.25 2.5 95 96 3.047851274781276 0.00445116826967013
2.25 2.5 96 97 2.861742007944912 0.003759696215689863
2.25 2.5 97 98 2.684764840467111 0.003426084842123143
2.25 2.5 98 99 2.516643150572313 0.003215720781593105
2.25 2.5 99 100 2.357095683539189 0.003113602069754476
2.5 2.75 50 51 24.93001629046803 0.07845297311406411
2.5 2.75 51 52 23.96741951196981 0.07538308133017031
2.5 2.75 52 53 23.03868823716213 0.07163290359228482
2.5 2.75 53 54 22.14333190651831 0.06733181955218331
2.5 2.75 54 55 21.28073988651028 0.06263508858459839
2.5 2.75 55 56 20.45015443709308 0.05787162477088899
2.5 2.75 56 57 19.65057208513784 0.05379445396113845
2.5 2.75 57 58 18.88113950150054 0.0504584122747973
2.5 2.75 58 59 18.14103407991672 0.04773141943190447
2.5 2.75 59 60 17.42939701968565 0.04550997775730015
2.5 2.75 60 61 16.7452521643159 0.04342952899166024
2.5 2.75 61 62 16.08754824897835 0.04104550034633365
2.5 2.75 62 63 15.45542496053428 0.03843583297618772
2.5 2.75 63 64 14.84787912157724 0.03604558290081254
2.5 2.75 64 65 14.26392766317798 0.03409362589102065
2.5 2.75 65 66 13.68986737798264 0.04758385720333191
2.5 2.75 66 67 13.16110714802137 0.03642847202655115
2.5 2.75 67 68 12.64146396747154 0.02927787433032883
2.5 2.75 68 69 12.13969159261296 0.02574641259962356
2.5 2.75 69 70 11.65249101730512 0.02518381746661414
2.5 2.75 70 71 11.17730995952996 0.02617458346928667
2.5 2.75 71 72 10.71332929798303 0.02802786642349451
2.5 2.75 72 73 10.26036045139539 0.02980046409916657
2.5 2.75 73 74 9.818511597857558 0.03047498617691191
2.5 2.75 74 75 9.388007571228293 0.03003374404607006
2.5 2.75 75 76 8.968870442179551 0.0292180281859373
2.5 2.75 76 77 8.561234566860843 0.02834476982639042
2.5 2.75 77 78 8.167113091960697 0.01655180194788876
2.5 2.75 78 79 7.782755792151796 0.01568690928901431
2.5 2.75 79 80 7.409009774920566 0.001879657916652262
2.5 2.75 80 81 7.048606703480697 0.001301269507176544
2.5 2.75 81 82 6.700138259273356 0.000810918979563703
2.5 2.75 82 83 6.363557271712008 0.0007058179623650353
2.5 2.75 83 84 6.038813991079159 0.0007559553393130646
2.5 2.75 84 85 5.725844002004234 0.0008082078637462507
2.5 2.75 85 86 5.424556090480586 0.0008601245431229112
2.5 2.75 86 87 5.134833456298869 0.0008826955490506049
2.5 2.75 87 88 4.856530356612611 0.0008886940692403486
2.5 2.75 88 89 4.589471292741067 0.0009087012379446717
2.5 2.75 89 90 4.333647171355544 0.01260516062750716
2.5 2.75 90 91 4.08849367223552 0.01047849004122397
2.5 2.75 91 92 3.853991792185939 0.008476760987480321
2.5 2.75 92 93 3.629912979660874 0.00663067768457797
2.5 2.75 93 94 3.416017263730524 0.004941599055948358
2.5 2.75 94 95 3.212053386674514 0.003408068576165227
2.5 2.75 95 96 3.017760359095917 0.002026379808691291
2.5 2.75 96 97 2.832868953047683 0.001007242276233564
2.5 2.75 97 98 2.657103130890363 0.0009145673894602704
2.5 2.75 98 99 2.490181380595592 0.001272153310396718
2.5 2.75 99 100 2.331818123619153 0.002114600511435938
2.75 3 50 51 24.80076962156321 0.06091220023580326
2.75 3 51 52 23.81373427391698 0.05944690999318858
2.75 3 52 53 22.86405189012771 0.056419723633712
2.75 3 53 54 21.95084055579048 0.05209892893316524
2.75 3 54 55 21.0731422359423 0.04672801576563674
2.75 3 55 56 20.22989010831991 0.04085093772452943
2.75 3 56 57 19.41980492037186 0.03601033896339711
2.75 3 57 58 18.64178942606756 0.03247096064360199
2.75 3 58 59 17.89480418444096 0.03006507646464328
2.75 3 59 60 17.17779735350206 0.02862201997697229
2.75 3 60 61 16.4896195008597 0.02730912460376723
2.75 3 61 62 15.8290674312975 0.02511355361600078
2.75 3 62 63 15.19514296365786 0.02215662441829428
2.75 3 63 64 14.58672196238873 0.01946370047783545
2.75 3 64 65 14.00271277259139 0.01768128836106748
2.75 3 65 66 13.43011003237119 0.0337927559628601
2.75 3 66 67 12.90190929872016 0.03045136898686656
2.75 3 67 68 12.3841503045684 0.01641781897926059
2.75 3 68 69 11.88479554555578 0.006400399830902391
2.75 3 69 70 11.40054125923692 0.00851818273379289
2.75 3 70 71 10.92883107759157 0.01499861985113077
2.75 3 71 72 10.468809134548 0.02124262805295945
2.75 3 72 73 10.02024369398695 0.02604581412971115
2.75 3 73 74 9.586695930864156 0.01552597571746056
2.75 3 74 75 9.160463294842295 0.01600937617001274
2.75 3 75 76 8.746115736733117 0.01611607192037672
2.75 3 76 77 8.342156297109014 0.002393911471707521
2.75 3 77 78 7.952126660351436 0.002237537162759541
2.75 3 78 79 7.574052154341373 0.00197724124983747
2.75 3 79 80 7.207979351200464 0.001573948207895887
2.75 3 80 81 6.853931854796198 0.001066076983387951
2.75 3 81 82 6.511895928333757 0.001006684567304971
2.75 3 82 83 6.181796382307727 0.001011197121182251
2.75 3 83 84 5.863556626152803 0.001015980049052991
2.75 3 84 85 5.557087286733234 0.001019903889795178
2.75 3 85 86 5.262274284219107 0.001022398363277814
2.75 3 86 87 4.978980031960301 0.001022819352563914
2.75 3 87 88 4.70704008611302 0.001018632654631812
2.75 3 88 89 4.44626253202892 0.001015106521400282
2.75 3 89 90 4.196451269996857 0.00100923885308941
2.75 3 90 91 3.95739538920833 0.001000724102788376
2.75 3 91 92 3.729035537143506 0.009470757032282819
2.75 3 92 93 3.510773403912701 0.007712321694365244
2.75 3 93 94 3.302552645101217 0.006101716675465312
2.75 3 94 95 3.104114301409639 0.004637468537302854
2.75 3 95 96 2.915190937630443 0.003315974261662536
2.75 3 96 97 2.735508054761266 0.002131961489045909
2.75 3 97 98 2.564785439717149 0.001078952071353615
2.75 3 98 99 2.402738428324822 0.0008587878933740911
2.75 3 99 100 2.249079217971616 0.0008689280766778162
3 3.25 50 51 24.06587765068528 0.0571262962348247
3 3.25 51 52 23.07399464347891 0.05574134875349375
3 3.25 52 53 22.12246564413375 0.05291367093594468
3 3.25 53 54 21.21000522457319 0.04889386684414575
3 3.25 54 55 20.33530042355962 0.04390903409402329
3 3.25 55 56 19.49697191121517 0.03845797083425729
3 3.25 56 57 18.69346530474504 0.03394326382824448
3 3.25 57 58 17.92344191949119 0.03060482112623579
3 3.25 58 59 17.18564979993093 0.02828997607143625
3 3.25 59 60 16.47885024053048 0.0268439174396427
3 3.25 60 61 15.80172963548985 0.02552432821868691
3 3.25 61 62 15.15294417277157 0.02343115591512905
3 3.25 62 63 14.53136714962553 0.02067386744546051
3 3.25 63 64 13.93576650982494 0.01815589126967963
3 3.25 64 65 13.36495546190979 0.01644543008856481
3 3.25 65 66 12.80658101050478 0.03005592679412287
3 3.25 66 67 12.29125990962625 0.02694558642201433
3 3.25 67 68 11.78744349454486 0.01391313153566728
3 3.25 68 69 11.30223495645217 0.00612496018356749
3 3.25 69 70 10.83240847953225 0.0102368990385045
3 3.25 70 71 10.37546785866585 0.01657248557090507
3 3.25 71 72 9.930537842194681 0.02243027227599524
3 3.25 72 73 9.501120961880183 0.01369757497925993
3 3.25 73 74 9.079025483454906 0.01533570259875581
3 3.25 74 75 8.666387442869048 0.003221417960678381
3 3.25 75 76 8.268439176376162 0.002432511023815115
3 3.25 76 77 7.882384307493329 0.002019177802778116
3 3.25 77 78 7.508268228966514 0.001831999632551513
3 3.25 78 79 7.146067097222812 0.00156686813331819
3 3.25 79 80 6.795782716693481 0.001191481640997994
3 3.25 80 81 6.457396913092129 0.0008162725447798608
3 3.25 81 82 6.130858099054592 0.0008055059277919454
3 3.25 82 83 5.816059211733347 0.0008247859572275007
3 3.25 83 84 5.512892880944515 0.0008418422271005511
3 3.25 84 85 5.22124120144343 0.0008559489716083703
3 3.25 85 86 4.940964540886648 0.0008669111189871701
3 3.25 86 87 4.671902707533004 0.0008744368664447111
3 3.25 87 88 4.413871833412159 0.0008765447262279353
3 3.25 88 89 4.166664019474812 0.00087813371432384
3 3.25 89 90 3.930068438525765 0.000876692836598155
3 3.25 90 91 3.703861716082056 0.0008721203104431204
3 3.25 91 92 3.487807241225858 0.0008651055270120251
3 3.25 92 93 3.28165854458191 0.0008555662282595238
3 3.25 93 94 3.085160041145194 0.0008437003408440633
3 3.25 94 95 2.898165085624201 0.006207155804059302
3 3.25 95 96 2.720145210950818 0.004958451070072724
3 3.25 96 97 2.550966818557327 0.003835794067951739
3 3.25 97 98 2.390350180794531 0.002833267337572953
3 3.25 98 99 2.238012483524181 0.001944091087830829
3 3.25 99 100 2.093669002039348 0.001160876588004842
3.25 3.5 50 51 22.32365995899173 0.05245819985635929
3.25 3.5 51 52 21.36726856119229 0.05120535322406033
3.25 3.5 52 53 20.45259184094576 0.04865254825704805
3.25 3.5 53 54 19.57799861398007 0.04502827019397903
3.25 3.5 54 55 18.74187877051887 0.04053921374655797
3.25 3.5 55 56 17.94259896733083 0.03562894765246687
3.25 3.5 56 57 17.17839117182368 0.03152994117870132
3.25 3.5 57 58 16.44773137421235 0.02845262610227941
3.25 3.5 58 59 15.74920844936062 0.02626333366493622
3.25 3.5 59 60 15.08144897048259 0.02482709779449451
3.25 3.5 60 61 14.44302908211391 0.02351074057481025
3.25 3.5 61 62 13.83251847705829 0.02154974709836111
3.25 3.5 62 63 13.2487086313679 0.01903902417412014
3.25 3.5 63 64 12.69030962425208 0.01673604220554628
3.25 3.5 64 65 12.15608767513427 0.01511587738473409
3.25 3.5 65 66 11.64480768395567 0.01335150979738024
3.25 3.5 66 67 11.14603099572896 0.01669574976878892
3.25 3.5 67 68 10.68425548607095 0.01259369425678845
3.25 3.5 68 69 10.2331931851657 0.005610575889722312
3.25 3.5 69 70 9.797194690376074 0.01017769843541267
3.25 3.5 70 71 9.373931629005583 0.01637162893256874
3.25 3.5 71 72 8.966683734706621 0.01048434448711707
3.25 3.5 72 73 8.566177510682611 0.0130666201660402
3.25 3.5 73 74 8.17480384150177 0.003751850238322525
3.25 3.5 74 75 7.797881792248376 0.002827996708545811
3.25 3.5 75 76 7.432445761322946 0.002106091962281106
3.25 3.5 76 77 7.078501706462049 0.001690036932988584
3.25 3.5 77 78 6.736039351126001 0.001462190382067663
3.25 3.5 78 79 6.404989247026805 0.001187220622883741
3.25 3.5 79 80 6.085305607005397 0.0008407602505110342
3.25 3.5 80 81 5.776926429108453 0.0006662540848122555
3.25 3.5 81 82 5.479761735297258 0.0006186355876985941
3.25 3.5 82 83 5.172353665257768 0.003265470272740393
3.25 3.5 83 84 4.898453405123478 0.001996688089713089
3.25 3.5 84 85 4.635427205509636 0.004932426094752662
3.25 3.5 85 86 4.38307882010889 0.005955685904441732
3.25 3.5 86 87 4.141201427253623 0.00540019638078768
3.25 3.5 87 88 3.909588843487072 0.003568402370906862
3.25 3.5 88 89 3.688036746665638 0.000782468447113653
3.25 3.5 89 90 3.476309860091986 0.002959745234733646
3.25 3.5 90 91 3.284596880555059 0.000762871662775934
3.25 3.5 91 92 3.090416976767421 0.0007499756746531229
3.25 3.5 92 93 2.905347111911602 0.0007339006368119171
3.25 3.5 93 94 2.729134578890715 0.0007155877452251729
3.25 3.5 94 95 2.561520938162483 0.0006958180820264193
3.25 3.5 95 96 2.402243176097125 0.000675215867202317
3.25 3.5 96 97 2.251034809634307 0.0006542587163726294
3.25 3.5 97 98 2.107626935818959 0.0006332927301665621
3.25 3.5 98 99 1.971894945294185 0.002995707586439013
3.25 3.5 99 100 1.843182487984583 0.002950991724395811
3.5 3.75 50 51 19.25929851840091 0.04618656959765688
3.5 3.75 51 52 18.39941944361765 0.04515084358097279
3.5 3.75 52 53 17.57958370289973 0.04299734591343563
3.5 3.75 53 54 16.79797351469375 0.03992500364318582
3.5 3.75 54 55 16.05283253879121 0.03611340149812221
3.5 3.75 55 56 15.34241862841505 0.03193555760171051
3.5 3.75 56 57 14.66489487527138 0.02840991091310004
3.5 3.75 57 58 14.01868093991696 0.02571033492487642
3.5 3.75 58 59 13.40232573444305 0.0237274802037916
3.5 3.75 59 60 12.81443413233308 0.02235157756050118
3.5 3.75 60 61 12.25358377518607 0.02108198010773405
3.5 3.75 61 62 11.71836612869814 0.01931768960879193
3.5 3.75 62 63 11.2075852358251 0.01713574299763189
3.5 3.75 63 64 10.71998907154077 0.01512091430589658
3.5 3.75 64 65 10.25438730808226 0.01363868474302753
3.5 3.75 65 66 9.809603196700877 0.01206331983008128
3.5 3.75 66 67 9.383890102801455 0.01474639308766999
3.5 3.75 67 68 8.969584849144425 0.01430539861544587
3.5 3.75 68 69 8.584946591227474 0.009321788696136323
3.5 3.75 69 70 8.208518655892874 0.009547129807321156
3.5 3.75 70 71 7.843838463080314 0.0125804669189787
3.5 3.75 71 72 7.494024068357795 0.007453117526110112
3.5 3.75 72 73 7.147794341727295 0.005673222404965807
3.5 3.75 73 74 6.815120375202133 0.00457490550286828
3.5 3.75 74 75 6.492941906230568 0.003494048071192305
3.5 3.75 75 76 6.181181664141169 0.002544898864289826
3.5 3.75 76 77 5.879791262647517 0.001766347923085837
3.5 3.75 77 78 5.588710856018174 0.001256240502920171
3.5 3.75 78 79 5.307834622844858 0.0009690481865878291
3.5 3.75 79 80 5.014900031134333 0.00374286319974425
3.5 3.75 80 81 4.789783625572538 0.005108754694887386
3.5 3.75 81 82 4.538467086294578 0.002984434384853104
3.5 3.75 82 83 4.284413105306486 0.001859011342392668
3.5 3.75 83 84 4.052916933385909 0.002194531003108469
3.5 3.75 84 85 3.866208127562292 0.002277844748731628
3.5 3.75 85 86 3.618056982991414 0.002779441564040708
3.5 3.75 86 87 3.41433796905656 0.002999188342442024
3.5 3.75 87 88 3.219715833213667 0.0007894119820071294
3.5 3.75 88 89 3.033538114541537 0.0007635244065922841
3.5 3.75 89 90 2.855819383791013 0.0007366191198456055
3.5 3.75 90 91 2.686341358474624 0.0007081382509897033
3.5 3.75 91 92 2.524878990014728 0.0006728336606812234
3.5 3.75 92 93 2.371202666720218 0.0006315277141180665
3.5 3.75 93 94 2.225078776410812 0.0006125320960261867
3.5 3.75 94 95 2.086270466868103 0.00059185138794292
3.5 3.75 95 96 1.939634655015316 0.002145320994708
3.5 3.75 96 97 1.829642420804061 0.0005477341498910225
3.5 3.75 97 98 1.711340776095359 0.000525176290496536
3.5 3.75 98 99 1.59817540464264 0.0004833073274731058
3.5 3.75 99 100 1.493557281185834 0.000480553945401833
3.75 4 50 51 14.83340627210826 0.001153004743967127
3.75 4 51 52 14.14228132039528 0.001126620573575619
3.75 4 52 53 13.48546219873394 0.001075964997583948
3.75 4 53 54 12.86107061697551 0.001074360256057552
3.75 4 54 55 12.26742605159223 0.001024714473954097
3.75 4 55 56 11.70293974356288 0.0009803603085726882
3.75 4 56 57 11.166195548041 0.02036206668764952
3.75 4 57 58 10.65536105668333 0.02238629039484605
3.75 4 58 59 10.16935780348213 0.02069944163064617
3.75 4 59 60 9.706877509712363 0.01944722545689638
3.75 4 60 61 9.266661376972987 0.01828026123844685
3.75 4 61 62 8.847476764622204 0.01678285911114086
3.75 4 62 63 8.448275635483231 0.0150112601222327
3.75 4 63 64 8.067977176778946 0.01335901700101804
3.75 4 64 65 7.705559202105242 0.01207086541842196
3.75 4 65 66 7.360022476173098 0.01074023710703259
3.75 4 66 67 7.030357693797633 0.009512903787716994
3.75 4 67 68 6.715463163572455 0.008361368236094343
3.75 4 68 69 6.413854985620592 0.007300479763380454
3.75 4 69 70 6.118248075073007 0.005547339812344486
3.75 4 70 71 5.841364080823958 0.003299494330338952
3.75 4 71 72 5.570006514040891 0.005773775583881485
3.75 4 72 73 5.310636011550246 0.004358111769085149
3.75 4 73 74 5.054310669891138 0.003252564372097701
3.75 4 74 75 4.80871215397912 0.002589575875744545
3.75 4 75 76 4.571560114845563 0.002035192858074564
3.75 4 76 77 4.342771953141674 0.001626289731259559
3.75 4 77 78 4.122258431799014 0.001317065361447583
3.75 4 78 79 3.909899574623684 0.001020813938691071
3.75 4 79 80 3.688773766395478 0.002770396602785073
3.75 4 80 81 3.518161452820903 0.001979322011669359
3.75 4 81 82 3.337924856970758 0.0008700519943526583
3.75 4 82 83 3.139747233265152 0.0004188016503578148
3.75 4 83 84 2.966354312085177 0.0004289370732845306
3.75 4 84 85 2.800321728451054 0.0004475354722935497
3.75 4 85 86 2.64149040525981 0.0004645031337131377
3.75 4 86 87 2.489694092276357 0.0005113560841137366
3.75 4 87 88 2.344758196564279 0.0005344535253419044
3.75 4 88 89 2.206500133426363 0.0005463674234194197
3.75 4 89 90 2.074737545361105 0.0005503260807719405
3.75 4 90 91 1.949284780830833 0.0005472127229871239
3.75 4 91 92 1.82995276065798 0.0005360401725576191
3.75 4 92 93 1.716550393451572 0.0005179791186954844
3.75 4 93 94 1.6088850087911 0.0004946828741062937
3.75 4 94 95 1.506762900657117 0.0004675889223043851
3.75 4 95 96 1.409989954287687 0.000437932134574694
3.75 4 96 97 1.318372237662975 0.000406759471329736
3.75 4 97 98 1.231716557173387 0.0003749455540324117
3.75 4 98 99 1.149830977709668 0.0003559468170263076
3.75 4 99 100 1.07252530401081 0.0003386391604999655
4 5 50 51 12.95699786630573 0.01183070889633424
4 5 51 52 12.29233659746835 0.01127165098392634
4 5 52 53 11.6640486669413 0.01089574754916853
4 5 53 54 11.07004028143686 0.01040952996896511
4 5 54 55 10.50820016149094 0.009908155751435659
4 5 55 56 9.976543213799188 0.009536430879514094
4 5 56 57 9.473367864790855 0.00911892795002254
4 5 57 58 8.99696731010105 0.008731472958156778
4 5 58 59 8.545787445627388 0.008378417038648379
4 5 59 60 8.118392286191403 0.008019955624068214
4 5 60 61 7.713402693881125 0.007690573757160339
4 5 61 62 7.32954706041609 0.007372264514467783
4 5 62 63 6.965618363213692 0.007066370127263722
4 5 63 64 6.6204782028778 0.006775356527384243
4 5 64 65 6.293048406374563 0.006496891416171831
4 5 65 66 5.982299552800628 0.00623038570297644
4 5 66 67 5.687227576155659 0.005973043795044157
4 5 67 68 5.406753263312594 0.005721697099405427
4 5 68 69 5.139513821306018 0.005476064762061639
4 5 69 70 4.883746723065086 0.005236312425813126
4 5 70 71 4.635721983586906 0.002420449402335132
4 5 71 72 4.39966153227518 0.002312640054521793
4 5 72 73 4.17274618935576 0.002207708688023979
4 5 73 74 3.954733442436243 0.002105635866945446
4 5 74 75 3.745414645011534 0.002006545597001616
4 5 75 76 3.54459407035512 0.001910484368646997
4 5 76 77 3.352080024188333 0.001817311619559752
4 5 77 78 3.167680261298567 0.001727169869257529
4 5 78 79 2.991201439045954 0.001640037926845508
4 5 79 80 2.823108392454931 0.001563057673408159
4 5 80 81 2.661738239802701 0.00147201833312201
4 5 81 82 2.507287576891096 0.001434826452308776
4 5 82 83 2.3604984896786 0.001337282188306074
4 5 83 84 2.220618835495642 0.001251325111093114
4 5 84 85 2.08782726328188 0.001160077268919812
4 5 85 86 1.961118710532619 0.001094729417068594
4 5 86 87 1.840690189346663 0.001032119135158273
4 5 87 88 1.726337772701558 0.0009701696617052009
4 5 88 89 1.62483601224867 0.0003692033929482404
4 5 89 90 1.515406472225995 0.0004326121783635387
4 5 90 91 1.41786039128673 0.0004154909630066579
4 5 91 92 1.325659010979546 0.0003924362802234702
4 5 92 93 1.238479540866948 0.0003583032401674695
4 5 93 94 1.156141534066482 0.0003542609050206589
4 5 94 95 1.078434179823462 0.0003614175484879977
4 5 95 96 1.005047574051428 0.0003114914275250753
4 5 96 97 0.9360266298306312 0.0002906769512239662
4 5 97 98 0.8710603464748223 0.0002709891588522319
4 5 98 99 0.8098462018573387 0.0001498069698652879
4 5 99 100 0.7524497611234495 0.0001392173339739344
-5 5 50 100 16505.20732315085 1.237990043058422
