#ylo yhi qTlo qThi PDF0  uncertainty
-5 -4 50 51 18.95010253333693 0.0169184349434688
-5 -4 51 52 18.0504647979192 0.01628591268694784
-5 -4 52 53 17.19692046693846 0.01584929809914744
-5 -4 53 54 16.38677986589049 0.01529369305240587
-5 -4 54 55 15.61743942215646 0.01473112505909372
-5 -4 55 56 14.88646938844717 0.01429816209018787
-5 -4 56 57 14.18532555128617 0.006494483374694946
-5 -4 57 58 13.52494188092175 0.006277552038237093
-5 -4 58 59 12.89679224595399 0.0060706868185009
-5 -4 59 60 12.29910907412083 0.005872359903421065
-5 -4 60 61 11.73021823094699 0.005682322756005054
-5 -4 61 62 11.18856122845292 0.005499924054381766
-5 -4 62 63 10.67266350834721 0.005324622524966544
-5 -4 63 64 10.1811314523328 0.005156457691631245
-5 -4 64 65 9.714765250559916 0.004931236945194708
-5 -4 65 66 9.26723251256734 0.004776887574141284
-5 -4 66 67 8.841073917373016 0.004620985725956687
-5 -4 67 68 8.433973600560408 0.004478967175606291
-5 -4 68 69 8.045846114536484 0.00224983117806694
-5 -4 69 70 7.670806611338353 0.002110050773566353
-5 -4 70 71 7.308694305341968 0.002132386090620202
-5 -4 71 72 6.958718179753033 0.002285130016595647
-5 -4 72 73 6.619888272194601 0.002000168783052975
-5 -4 73 74 6.29331365762153 0.001926116316997104
-5 -4 74 75 5.977279264521442 0.001066317794678024
-5 -4 75 76 5.673439068355047 0.00102477785851683
-5 -4 76 77 5.380728151223765 0.0009839602938645528
-5 -4 77 78 5.098601836202065 0.0006572043729238753
-5 -4 78 79 4.827510978377464 0.0005382591286137334
-5 -4 79 80 4.567307193146478 0.0004839892676980335
-5 -4 80 81 4.317560127647506 0.0004682544128262817
-5 -4 81 82 4.07519416857757 0.002641726066476661
-5 -4 82 83 3.846008601191673 0.0004910770106974542
-5 -4 83 84 3.629474420712226 0.002563841906802244
-5 -4 84 85 3.41948107673992 0.002333760927101422
-5 -4 85 86 3.218892917832004 0.002065806585165344
-5 -4 86 87 3.027997349919453 0.001951419242696714
-5 -4 87 88 2.845485683817324 0.001705302437800531
-5 -4 88 89 2.671654104294837 0.001473894937251898
-5 -4 89 90 2.506251900212524 0.001261440027519861
-5 -4 90 91 2.33406736655008 0.002175992021693285
-5 -4 91 92 2.198919534708268 0.001655564579843922
-5 -4 92 93 2.057313534932521 0.001530442928253891
-5 -4 93 94 1.92310577188523 0.001448313322244704
-5 -4 94 95 1.796035982861652 0.001369330158434874
-5 -4 95 96 1.675844274408304 0.00129484322884835
-5 -4 96 97 1.562271821858311 0.001251787543480953
-5 -4 97 98 1.455061526295541 0.001219336278978075
-5 -4 98 99 1.353958628513805 0.001193408845208772
-5 -4 99 100 1.258711279924999 0.001170561189358331
-4 -3.75 50 51 22.93975407664939 0.000922938404853014
-4 -3.75 51 52 21.97432881472421 0.0009638288377747347
-4 -3.75 52 53 21.05405535740234 0.001352637414564135
-4 -3.75 53 54 20.17639290551358 0.001412773275789266
-4 -3.75 54 55 19.33912963083725 0.001059293586123623
-4 -3.75 55 56 18.54019174415998 0.0006164328595236756
-4 -3.75 56 57 17.7774898914729 0.0005943509941595519
-4 -3.75 57 58 17.04918318924756 0.0005878145100271093
-4 -3.75 58 59 16.3534999794404 0.000575308318276908
-4 -3.75 59 60 15.68873681016475 0.0005715920684116707
-4 -3.75 60 61 15.0533332491368 0.0005603160949931593
-4 -3.75 61 62 14.44577358410463 0.0005479487785760487
-4 -3.75 62 63 13.86462836193286 0.0005423762260729244
-4 -3.75 63 64 13.30853357971053 0.0005356576757860249
-4 -3.75 64 65 12.77616391593684 0.0005239978496189698
-4 -3.75 65 66 12.2662151399027 0.0005040488990111179
-4 -3.75 66 67 11.77749304612202 0.01394570433596734
-4 -3.75 67 68 11.30816113637213 0.01238059263591281
-4 -3.75 68 69 10.85617199316053 0.01092151039475803
-4 -3.75 69 70 10.41836781059116 0.009562363166440281
-4 -3.75 70 71 9.992351823544634 0.008307897923433092
-4 -3.75 71 72 9.57724263523837 0.007147417232042906
-4 -3.75 72 73 9.167055966452299 0.004700830479587943
-4 -3.75 73 74 8.775776108670904 0.001837876476528482
-4 -3.75 74 75 8.392948308877449 0.005987012978149876
-4 -3.75 75 76 8.023982854534072 0.003962314683988954
-4 -3.75 76 77 7.660876930204877 0.002854001217877005
-4 -3.75 77 78 7.30952166600558 0.002346415107689485
-4 -3.75 78 79 6.968828466666453 0.001879220855806811
-4 -3.75 79 80 6.638799339538078 0.001443703028843456
-4 -3.75 80 81 6.319422108418109 0.001042741450250397
-4 -3.75 81 82 5.994281062007904 0.002629328510843592
-4 -3.75 82 83 5.712433919527482 0.0006285225950019732
-4 -3.75 83 84 5.424664872764125 0.000646191730666174
-4 -3.75 84 85 5.147250927725646 0.0006470517912222868
-4 -3.75 85 86 4.880121046046681 0.0006692651284389766
-4 -3.75 86 87 4.623053484960302 0.0006836199953435938
-4 -3.75 87 88 4.375557073945707 0.0007911021049216005
-4 -3.75 88 89 4.138922808478746 0.0006765676523857645
-4 -3.75 89 90 3.911407600046348 0.0006729519654999422
-4 -3.75 90 91 3.693378737673622 0.0006665890760714219
-4 -3.75 91 92 3.484645875739386 0.0006577737963315463
-4 -3.75 92 93 3.285009093189998 0.0006467059100756766
-4 -3.75 93 94 3.094259574121478 0.0006336136577089092
-4 -3.75 94 95 2.912180485947248 0.0006215186605868797
-4 -3.75 95 96 2.738548031972133 0.0002963272043984897
-4 -3.75 96 97 2.573132391757429 0.0002829675854361191
-4 -3.75 97 98 2.415698804004916 0.0002715605303320793
-4 -3.75 98 99 2.266008443420916 0.0002622896943393722
-4 -3.75 99 100 2.123821050188827 0.0002244774375745715
-3.75 -3.5 50 51 30.81828654993497 0.05897391918707656
-3.75 -3.5 51 52 29.58036414935113 0.05851268558144058
-3.75 -3.5 52 53 28.39707842450805 0.0299736614084487
-3.75 -3.5 53 54 27.26613529269038 0.02813885461276791
-3.75 -3.5 54 55 26.18340500045551 0.04889483074527012
-3.75 -3.5 55 56 25.14925522845489 0.04395803223136874
-3.75 -3.5 56 57 24.15972636662649 0.03974621619630984
-3.75 -3.5 57 58 23.21265172128009 0.03649668122416715
-3.75 -3.5 58 59 22.30608731058103 0.03408218877384152
-3.75 -3.5 59 60 21.43817510325451 0.03237297415269413
-3.75 -3.5 60 61 20.60698173374118 0.0307538340688417
-3.75 -3.5 61 62 19.81058173850653 0.0284813041025952
-3.75 -3.5 62 63 19.0474056144081 0.02565497431214196
-3.75 -3.5 63 64 18.31576493586106 0.02299270808556928
-3.75 -3.5 64 65 17.61405370829847 0.02094599396840709
-3.75 -3.5 65 66 16.94067216134831 0.01980268022975364
-3.75 -3.5 66 67 16.29477714128581 0.01673769922403432
-3.75 -3.5 67 68 15.67274676774353 0.01480909100169054
-3.75 -3.5 68 69 15.07253933169677 0.0130134909513999
-3.75 -3.5 69 70 14.48988324533401 0.01133983081533883
-3.75 -3.5 70 71 13.91290416739101 0.01098172046465407
-3.75 -3.5 71 72 13.36286225550914 0.004115559069758735
-3.75 -3.5 72 73 12.82095791719892 0.008073681118696514
-3.75 -3.5 73 74 12.29186266054329 0.0145453699439009
-3.75 -3.5 74 75 11.78002330094486 0.007637072451897204
-3.75 -3.5 75 76 11.27432507955783 0.003782638070668727
-3.75 -3.5 76 77 10.78398700351692 0.003055207925749664
-3.75 -3.5 77 78 10.30696560660077 0.002509802025566903
-3.75 -3.5 78 79 9.843312943448426 0.00197704828992162
-3.75 -3.5 79 80 9.393114206340979 0.001439035859636237
-3.75 -3.5 80 81 8.956434182246621 0.0009776186759411949
-3.75 -3.5 81 82 8.506966843524552 0.005453234725392859
-3.75 -3.5 82 83 8.133033538052452 0.0008181500617438961
-3.75 -3.5 83 84 7.727530082334403 0.0008617487766390488
-3.75 -3.5 84 85 7.344806325076231 0.0008793253442441898
-3.75 -3.5 85 86 6.975429913953557 0.0008932937353124122
-3.75 -3.5 86 87 6.619298298106469 0.0009034629377300749
-3.75 -3.5 87 88 6.276279228995987 0.0009089813497711688
-3.75 -3.5 88 89 5.94621096979711 0.0009120719700288274
-3.75 -3.5 89 90 5.628923273030797 0.0009116364604452227
-3.75 -3.5 90 91 5.326812568353995 0.00117490589653345
-3.75 -3.5 91 92 5.031916527882585 0.0009007553482011289
-3.75 -3.5 92 93 4.751766563072291 0.0008907910457741163
-3.75 -3.5 93 94 4.483539489968381 0.0008780591161520621
-3.75 -3.5 94 95 4.226894261840675 0.0008163999541337135
-3.75 -3.5 95 96 3.981716429636312 0.0007979614669974569
-3.75 -3.5 96 97 3.747733337364748 0.0007858462280990268
-3.75 -3.5 97 98 3.524564570910925 0.0007672363521396101
-3.75 -3.5 98 99 3.312023156036246 0.0007809205757646248
-3.75 -3.5 99 100 3.109657412214004 0.0007564083442025662
-3.5 -3.25 50 51 36.79696260920302 0.06862918301903402
-3.5 -3.25 51 52 35.38128509294788 0.06804228618156986
-3.5 -3.25 52 53 34.02487553469986 0.06563373224005449
-3.5 -3.25 53 54 32.72520827229033 0.06168233361541776
-3.5 -3.25 54 55 31.47984397941151 0.05644578111194817
-3.5 -3.25 55 56 30.28633006085323 0.05050200014193352
-3.5 -3.25 56 57 29.14197036540919 0.04548706193194362
-3.5 -3.25 57 58 28.0445404611681 0.04170102574515029
-3.5 -3.25 58 59 26.99203712347752 0.03898794543589363
-3.5 -3.25 59 60 25.98253049789624 0.03718698118627434
-3.5 -3.25 60 61 25.01398393710787 0.03549308520715343
-3.5 -3.25 61 62 24.0843459194784 0.03292106115886981
-3.5 -3.25 62 63 23.1919584773314 0.02959201656069409
-3.5 -3.25 63 64 22.33500431512024 0.02647142997292874
-3.5 -3.25 64 65 21.5117471546297 0.02417352888764147
-3.5 -3.25 65 66 20.72043705746921 0.02166798388417763
-3.5 -3.25 66 67 19.95921904778162 0.01934168165692964
-3.5 -3.25 67 68 19.22589247213823 0.01712248798076565
-3.5 -3.25 68 69 18.51706261519898 0.01505647227285548
-3.5 -3.25 69 70 17.81656346513894 0.01775545384431613
-3.5 -3.25 70 71 17.15018154229304 0.01028272754414426
-3.5 -3.25 71 72 16.49077907172648 0.007277407905766597
-3.5 -3.25 72 73 15.84513538785646 0.01591849788776189
-3.5 -3.25 73 74 15.21920591896478 0.009561374528358665
-3.5 -3.25 74 75 14.60037782969709 0.01130496920055334
-3.5 -3.25 75 76 13.99311819397498 0.01064068589545126
-3.5 -3.25 76 77 13.40393888781608 0.008805638615943681
-3.5 -3.25 77 78 12.82956239606703 0.007143938184137387
-3.5 -3.25 78 79 12.27012982861919 0.005573597332027098
-3.5 -3.25 79 80 11.7258264099086 0.004081429448312147
-3.5 -3.25 80 81 11.1968117196676 0.002670094087796433
-3.5 -3.25 81 82 10.68319745312499 0.001461121823116151
-3.5 -3.25 82 83 10.15329622326575 0.002264844748570847
-3.5 -3.25 83 84 9.7022893957711 0.001075015279694694
-3.5 -3.25 84 85 9.235035649962173 0.001899984715243434
-3.5 -3.25 85 86 8.783229827271867 0.002735097972721413
-3.5 -3.25 86 87 8.288455531055106 0.00668103787290925
-3.5 -3.25 87 88 7.926003999283902 0.001054915901288099
-3.5 -3.25 88 89 7.520030708083885 0.001030491059145262
-3.5 -3.25 89 90 7.065930201975511 0.006132414213079795
-3.5 -3.25 90 91 6.712516382790565 0.001024399700350305
-3.5 -3.25 91 92 6.391482104605538 0.0009983593757165396
-3.5 -3.25 92 93 6.044437019734699 0.0009993495378883977
-3.5 -3.25 93 94 5.711579076587165 0.0009962107234942907
-3.5 -3.25 94 95 5.383656046683297 0.001622431539275808
-3.5 -3.25 95 96 5.079777480556988 0.004202253106534988
-3.5 -3.25 96 97 4.795451803527314 0.0009649771313647938
-3.5 -3.25 97 98 4.516570705595401 0.001371611103119057
-3.5 -3.25 98 99 4.250470532407032 0.001075480111549364
-3.5 -3.25 99 100 3.996769876118959 0.000914684736285059
-3.25 -3 50 51 40.74368679721594 0.07558969496733221
-3.25 -3 51 52 39.2341592317008 0.0749735501787907
-3.25 -3 52 53 37.78455900391845 0.07230405594642647
-3.25 -3 53 54 36.39260789606655 0.06788693659633782
-3.25 -3 54 55 35.05607196265991 0.06200546808606489
-3.25 -3 55 56 33.7726629128484 0.0553183067006837
-3.25 -3 56 57 32.53980076438492 0.04972477301049487
-3.25 -3 57 58 31.35536826129167 0.04557721215784543
-3.25 -3 58 59 30.217453052843 0.04269710635863638
-3.25 -3 59 60 29.12419544173134 0.04089884076343753
-3.25 -3 60 61 28.0735985470572 0.03921614181014774
-3.25 -3 61 62 27.0636244064157 0.03645654989472231
-3.25 -3 62 63 26.09264431621386 0.03275839153819694
-3.25 -3 63 64 25.15883465823912 0.02930311588077434
-3.25 -3 64 65 24.26044480689598 0.02684816579561499
-3.25 -3 65 66 23.39568896273847 0.02411006487268181
-3.25 -3 66 67 22.56264612531839 0.02157363706136049
-3.25 -3 67 68 21.75899150650402 0.01914674855748135
-3.25 -3 68 69 20.96721187737096 0.03585108230953936
-3.25 -3 69 70 20.2109758745935 0.02001503623644807
-3.25 -3 70 71 19.4776382009366 0.01327959254622269
-3.25 -3 71 72 18.74995635899138 0.008024757209349587
-3.25 -3 72 73 18.03613596124712 0.01665230297613181
-3.25 -3 73 74 17.33637095877081 0.02422338842860179
-3.25 -3 74 75 16.65622011086456 0.01201990229442239
-3.25 -3 75 76 15.98444057555821 0.01375474463769108
-3.25 -3 76 77 15.32545901971291 0.004170387774491763
-3.25 -3 77 78 14.68488839624885 0.003628752484300859
-3.25 -3 78 79 14.05995162431374 0.00302368695444679
-3.25 -3 79 80 13.45092964647914 0.002316205590200351
-3.25 -3 80 81 12.85807363110901 0.001634486121094821
-3.25 -3 81 82 12.28157870255103 0.001274814370131191
-3.25 -3 82 83 11.72154350145271 0.001285468934863412
-3.25 -3 83 84 11.14533036956642 0.01179552760555916
-3.25 -3 84 85 10.62032242926115 0.001592144668929393
-3.25 -3 85 86 10.11217488003746 0.00530974639631005
-3.25 -3 86 87 9.620816856677163 0.008154628494942907
-3.25 -3 87 88 9.146164565469739 0.008126331350530928
-3.25 -3 88 89 8.688122328334636 0.005747660270434991
-3.25 -3 89 90 8.246536413536719 0.001648706740161662
-3.25 -3 90 91 7.821204200780834 0.004404398608200116
-3.25 -3 91 92 7.427013614015356 0.001340627486053765
-3.25 -3 92 93 7.031302591611665 0.001332361717842171
-3.25 -3 93 94 6.651260456797119 0.001320665326451286
-3.25 -3 94 95 6.286638042682928 0.001305654488619443
-3.25 -3 95 96 5.937111143877433 0.00302626994419232
-3.25 -3 96 97 5.602539505392068 0.002299173470813352
-3.25 -3 97 98 5.282869481695529 0.005557202314721414
-3.25 -3 98 99 4.976973925758923 0.004228091801202388
-3.25 -3 99 100 4.684959259165925 0.003135768294412371
-3 -2.75 50 51 43.02932141780572 0.08130000370279677
-3 -2.75 51 52 41.4839328843937 0.08070940695544646
-3 -2.75 52 53 39.99687095220163 0.07786905115610619
-3 -2.75 53 54 38.56619440916973 0.07310604338465262
-3 -2.75 54 55 37.1899619341614 0.06672412439151446
-3 -2.75 55 56 35.86613675435116 0.05944898284042731
-3 -2.75 56 57 34.59234793484481 0.0534012497882414
-3 -2.75 57 58 33.36666623110989 0.04897826934520216
-3 -2.75 58 59 32.18734483145926 0.04598361513181941
-3 -2.75 59 60 31.05266633110686 0.04421176767930724
-3 -2.75 60 61 29.9607496954318 0.04256001771523159
-3 -2.75 61 62 28.90964720946656 0.03965923583813252
-3 -2.75 62 63 27.89782229161979 0.03566161214742299
-3 -2.75 63 64 26.92351469265469 0.03193313133733576
-3 -2.75 64 65 25.98502641033379 0.02935467043977677
-3 -2.75 65 66 25.08060455352339 0.02642575745581211
-3 -2.75 66 67 24.20833674231891 0.02371533635888885
-3 -2.75 67 68 23.3658665938265 0.0211144433967289
-3 -2.75 68 69 22.53429199454725 0.04236032767706874
-3 -2.75 69 70 21.74928557752419 0.03469426259084398
-3 -2.75 70 71 20.9684665088349 0.01725427067596859
-3 -2.75 71 72 20.20144429166965 0.006761135003128047
-3 -2.75 72 73 19.4479534098141 0.01458803316795198
-3 -2.75 73 74 18.70826699979312 0.02290956772159776
-3 -2.75 74 75 17.98291224384856 0.02836743786073623
-3 -2.75 75 76 17.2720737329149 0.03227193891918425
-3 -2.75 76 77 16.57998505818121 0.01631509409446206
-3 -2.75 77 78 15.89626039666602 0.004383286569885674
-3 -2.75 78 79 15.23141228702097 0.003747353979790429
-3 -2.75 79 80 14.58271791599429 0.002964628792200545
-3 -2.75 80 81 13.95050368002255 0.002200105700899959
-3 -2.75 81 82 13.33503411754877 0.00170152908142069
-3 -2.75 82 83 12.73646664221336 0.001593829571540939
-3 -2.75 83 84 12.15495685052992 0.001579147536993386
-3 -2.75 84 85 11.59063889325262 0.001605731023700995
-3 -2.75 85 86 11.04360120819968 0.001653303074417176
-3 -2.75 86 87 10.51388754897363 0.001633659054111351
-3 -2.75 87 88 10.00148910264058 0.001563310688754022
-3 -2.75 88 89 9.506342926882621 0.001537272108505929
-3 -2.75 89 90 9.028371907148399 0.001529077110944742
-3 -2.75 90 91 8.567465273970557 0.00151887198367663
-3 -2.75 91 92 8.123476301156217 0.001506869799391291
-3 -2.75 92 93 7.696228164406307 0.00149250764208433
-3 -2.75 93 94 7.285514745282462 0.001475627143034984
-3 -2.75 94 95 6.891085269660088 0.004478493015812504
-3 -2.75 95 96 6.513181961863169 0.008529486571101939
-3 -2.75 96 97 6.150523142221636 0.006604882947004686
-3 -2.75 97 98 5.803317929933006 0.004890596149673929
-3 -2.75 98 99 5.471243687446883 0.003400232354632093
-3 -2.75 99 100 5.153960511041126 0.002230203484339167
-2.75 -2.5 50 51 44.22569840012298 0.101275425606146
-2.75 -2.5 51 52 42.67507203343172 0.09865769246708621
-2.75 -2.5 52 53 41.18032905258389 0.09482974438216973
-2.75 -2.5 53 54 39.73987162713023 0.08994872546728734
-2.75 -2.5 54 55 38.35206068903642 0.08421575472183883
-2.75 -2.5 55 56 37.01512414952064 0.07812131810066661
-2.75 -2.5 56 57 35.72691856885321 0.07290777628231443
-2.75 -2.5 57 58 34.4857194962826 0.06873214734560244
-2.75 -2.5 58 59 33.28996241911507 0.06543206496375689
-2.75 -2.5 59 60 32.13809005649027 0.06287285410138456
-2.75 -2.5 60 61 31.02835943054004 0.06045789220712983
-2.75 -2.5 61 62 29.95893793042508 0.05742915597454502
-2.75 -2.5 62 63 28.92839981738059 0.05389597810787167
-2.75 -2.5 63 64 27.93507331538407 0.05061394600814646
-2.75 -2.5 64 65 26.97791295311657 0.031912196642592
-2.75 -2.5 65 66 26.05407972760877 0.02880650568070871
-2.75 -2.5 66 67 25.16227631532257 0.02593180866632968
-2.75 -2.5 67 68 24.30016414747931 0.02316492519042791
-2.75 -2.5 68 69 23.46383398768587 0.02057951759890132
-2.75 -2.5 69 70 22.63255113510574 0.03348180541521902
-2.75 -2.5 70 71 21.84200449283733 0.02513984204180836
-2.75 -2.5 71 72 21.05393733731022 0.009073822619876862
-2.75 -2.5 72 73 20.27898175324297 0.009768329340398329
-2.75 -2.5 73 74 19.51747438405749 0.01873117263323659
-2.75 -2.5 74 75 18.77001356237469 0.02489870250545538
-2.75 -2.5 75 76 18.03683597948876 0.02942622561536814
-2.75 -2.5 76 77 17.31840136659007 0.03300308635146514
-2.75 -2.5 77 78 16.61932794570888 0.01761551020689675
-2.75 -2.5 78 79 15.93141700224131 0.01887955542715534
-2.75 -2.5 79 80 15.257268547257 0.003636532764562903
-2.75 -2.5 80 81 14.60247399466001 0.002615184353546985
-2.75 -2.5 81 82 13.96454181633266 0.001506651705294342
-2.75 -2.5 82 83 13.34367368802051 0.0006971185699105292
-2.75 -2.5 83 84 12.74006894221041 0.0007696884479780592
-2.75 -2.5 84 85 12.15390338562799 0.0008423603276940708
-2.75 -2.5 85 86 11.58530390603129 0.0009674423897875099
-2.75 -2.5 86 87 11.03434945161712 0.001003702792920158
-2.75 -2.5 87 88 10.50106278039138 0.001030064763890918
-2.75 -2.5 88 89 9.985408482562391 0.001082164029081175
-2.75 -2.5 89 90 9.487335534599717 0.001127391883200598
-2.75 -2.5 90 91 9.006756532636711 0.001165245675349565
-2.75 -2.5 91 92 8.543545249234379 0.001196765126595384
-2.75 -2.5 92 93 8.097425156886013 0.007498078131075254
-2.75 -2.5 93 94 7.668489247578389 0.006053610954375341
-2.75 -2.5 94 95 7.25676980881474 0.010547394928853
-2.75 -2.5 95 96 6.861091752897336 0.00822958848187918
-2.75 -2.5 96 97 6.481686062504862 0.006134849348341529
-2.75 -2.5 97 98 6.118255803833028 0.00426793690272422
-2.75 -2.5 98 99 5.770482734305062 0.00264660198071578
-2.75 -2.5 99 100 5.438029474185397 0.001373446514571491
-2.5 -2.25 50 51 44.70224435707738 0.09129793682299819
-2.5 -2.25 51 52 43.16037198201275 0.09087124686290206
-2.5 -2.25 52 53 41.67191185226102 0.08784921287142723
-2.5 -2.25 53 54 40.23557131708958 0.08259450122359201
-2.5 -2.25 54 55 38.84998128534619 0.07544504693739719
-2.5 -2.25 55 56 37.51360719114705 0.067238985621659
-2.5 -2.25 56 57 36.2245104955404 0.06067179744378961
-2.5 -2.25 57 58 34.98115294165939 0.05672897025463458
-2.5 -2.25 58 59 33.78213698165396 0.05389332992025239
-2.5 -2.25 59 60 32.62605299478284 0.05199724773651671
-2.5 -2.25 60 61 31.51128712158194 0.0502214578524968
-2.5 -2.25 61 62 30.43611601325598 0.047520081875248
-2.5 -2.25 62 63 29.39921866609009 0.04402899861475883
-2.5 -2.25 63 64 28.39901045505889 0.04079767218753437
-2.5 -2.25 64 65 27.43394902403196 0.03844313289122621
-2.5 -2.25 65 66 26.50240832074391 0.03586981043781289
-2.5 -2.25 66 67 25.60257225854063 0.03350161573416813
-2.5 -2.25 67 68 24.73214301733175 0.03124540289607733
-2.5 -2.25 68 69 23.88721498824304 0.02915759829810344
-2.5 -2.25 69 70 23.04578051772574 0.04241136819220055
-2.5 -2.25 70 71 22.24722967362628 0.03017214464428683
-2.5 -2.25 71 72 21.44955337216444 0.02064414989824382
-2.5 -2.25 72 73 20.66469250203819 0.02166586861534492
-2.5 -2.25 73 74 19.89303037644238 0.02616691403203026
-2.5 -2.25 74 75 19.13521208125337 0.02995915772769997
-2.5 -2.25 75 76 18.39151014175786 0.03299810093034107
-2.5 -2.25 76 77 17.66242510123556 0.0355395265902995
-2.5 -2.25 77 78 16.95316793231564 0.01799520957809907
-2.5 -2.25 78 79 16.25443416248977 0.0195201005105603
-2.5 -2.25 79 80 15.57172665703904 0.02070888906332395
-2.5 -2.25 80 81 14.90333063638582 0.01390997582469857
-2.5 -2.25 81 82 14.25466354323495 0.01313096934356522
-2.5 -2.25 82 83 13.62313347666016 0.01244518114857283
-2.5 -2.25 83 84 13.00896467752532 0.01184104037255867
-2.5 -2.25 84 85 12.41235683639982 0.01126107241322406
-2.5 -2.25 85 86 11.83345861623972 0.01070735145012892
-2.5 -2.25 86 87 11.27236860258552 0.01016780998272781
-2.5 -2.25 87 88 10.72912662428793 0.009647049966178579
-2.5 -2.25 88 89 10.20371139835223 0.009150194170576345
-2.5 -2.25 89 90 9.696085758013247 0.008673195903772834
-2.5 -2.25 90 91 9.206174551625864 0.008215572135621447
-2.5 -2.25 91 92 8.73386204188569 0.007777037624761477
-2.5 -2.25 92 93 8.278992873944965 0.008317520422272278
-2.5 -2.25 93 94 7.841441700996786 0.006934194422708173
-2.5 -2.25 94 95 7.420948226654584 0.006551347696583181
-2.5 -2.25 95 96 7.017592807523954 0.01243076999177531
-2.5 -2.25 96 97 6.630345616554401 0.01053037599179803
-2.5 -2.25 97 98 6.259337846787192 0.00884390051809082
-2.5 -2.25 98 99 5.904252551126266 0.007378229643487839
-2.5 -2.25 99 100 5.564752637988352 0.006141859735260962
-2.25 -2 50 51 45.83541205452187 0.09709132676646152
-2.25 -2 51 52 44.26906518228455 0.09676041909689256
-2.25 -2 52 53 42.75556040108722 0.09367200554735981
-2.25 -2 53 54 41.29378186199611 0.08820511676791098
-2.25 -2 54 55 39.88251231292585 0.08071344201113832
-2.25 -2 55 56 38.52034629828985 0.07208603414156545
-2.25 -2 56 57 37.20545175726828 0.06498301876118324
-2.25 -2 57 58 35.93638444516796 0.05991421384602245
-2.25 -2 58 59 34.71182800090556 0.05664285198522796
-2.25 -2 59 60 33.53044106356522 0.05491803649951441
-2.25 -2 60 61 32.39066533668768 0.0533148066599561
-2.25 -2 61 62 31.29081876024399 0.05004364506166798
-2.25 -2 62 63 30.22962137604922 0.04528862406011048
-2.25 -2 63 64 29.20551385856174 0.04085164067459569
-2.25 -2 64 65 28.21697353721386 0.03790794338268404
-2.25 -2 65 66 27.26238177932473 0.03444795565434842
-2.25 -2 66 67 26.33991584457034 0.03123889785787918
-2.25 -2 67 68 25.44724959281217 0.02813258943817782
-2.25 -2 68 69 24.58038488765902 0.02521825506867619
-2.25 -2 69 70 23.73291472906081 0.02246791019356841
-2.25 -2 70 71 22.89489793381308 0.0481254670020765
-2.25 -2 71 72 22.07549180373422 0.02652382139434244
-2.25 -2 72 73 21.26894333892552 0.01082658326314874
-2.25 -2 73 74 20.47568388319822 0.007279592876636517
-2.25 -2 74 75 19.69640762627824 0.01303495715653679
-2.25 -2 75 76 18.93143428177478 0.01944408427009617
-2.25 -2 76 77 18.18130892713724 0.02472246814249193
-2.25 -2 77 78 17.44665967518642 0.02904051404917864
-2.25 -2 78 79 16.72805287140882 0.03256233979365367
-2.25 -2 79 80 16.02599063178513 0.03543955449494742
-2.25 -2 80 81 15.33871800788869 0.02996491154824498
-2.25 -2 81 82 14.67440240793706 0.004892204915368793
-2.25 -2 82 83 14.02390873703136 0.004194843306226647
-2.25 -2 83 84 13.39122762678538 0.003711604571324858
-2.25 -2 84 85 12.77657715580827 0.003392493352703755
-2.25 -2 85 86 12.18012180146102 0.00318139798270382
-2.25 -2 86 87 11.60197342501232 0.002987703218517839
-2.25 -2 87 88 11.04218271368851 0.002808858886356758
-2.25 -2 88 89 10.50073662276614 0.002647542193211542
-2.25 -2 89 90 9.977604390179355 0.002500963063572968
-2.25 -2 90 91 9.47262018080912 0.01752126525362425
-2.25 -2 91 92 8.985844480252496 0.01476429327173806
-2.25 -2 92 93 8.516841922844275 0.015628227557961
-2.25 -2 93 94 8.065854490782488 0.01258864213100702
-2.25 -2 94 95 7.632440399031239 0.009765972210783101
-2.25 -2 95 96 7.216352657961599 0.007175294993911601
-2.25 -2 96 97 6.817315908864757 0.00483329031161444
-2.25 -2 97 98 6.435028857199001 0.002783062487833987
-2.25 -2 98 99 6.06916667179846 0.001842858735568035
-2.25 -2 99 100 5.719383341637984 0.001845548046516703
-2 -1.75 50 51 45.93966806300989 0.09847935057762654
-2 -1.75 51 52 44.40133415725816 0.09836955261859884
-2 -1.75 52 53 42.91241574489823 0.09532862295646126
-2 -1.75 53 54 41.47215170838194 0.08975285228014046
-2 -1.75 54 55 40.07964191414487 0.08201255984581116
-2 -1.75 55 56 38.73376214390237 0.07304834544622887
-2 -1.75 56 57 37.43292354921664 0.06568757170067488
-2 -1.75 57 58 36.17590874761929 0.06047561040547275
-2 -1.75 58 59 34.96160821291048 0.05716412342158546
-2 -1.75 59 60 33.78886613714498 0.05548955735637127
-2 -1.75 60 61 32.65629677636994 0.05393820190148024
-2 -1.75 61 62 31.56237289560325 0.05060667473113957
-2 -1.75 62 63 30.50595130659964 0.04568778561819051
-2 -1.75 63 64 29.48560278337716 0.04109794349522616
-2 -1.75 64 65 28.49992372511036 0.03808969089779874
-2 -1.75 65 66 27.54740314569372 0.03452210421990162
-2 -1.75 66 67 26.62631671788105 0.03121306514752318
-2 -1.75 67 68 25.73442958839532 0.0280065837250937
-2 -1.75 68 69 24.86780801853085 0.02499608882015989
-2 -1.75 69 70 24.00262423086433 0.05118916905880632
-2 -1.75 70 71 23.18298968219869 0.04309527303187459
-2 -1.75 71 72 22.36213143662999 0.02094875686513602
-2 -1.75 72 73 21.55358065222773 0.01201444915420764
-2 -1.75 73 74 20.757800120594 0.01806353298744262
-2 -1.75 74 75 19.97552370230641 0.0237533161321279
-2 -1.75 75 76 19.20709009028048 0.02924155352717112
-2 -1.75 76 77 18.45307805367657 0.03453821805441046
-2 -1.75 77 78 17.71415577519176 0.03887543250363946
-2 -1.75 78 79 16.99092814168973 0.04240367914069459
-2 -1.75 79 80 16.28753920254284 0.02260064333037728
-2 -1.75 80 81 15.59621330739296 0.02403652121457966
-2 -1.75 81 82 14.92035902010792 0.006244124272067336
-2 -1.75 82 83 14.26423215472464 0.005625308015361863
-2 -1.75 83 84 13.62572869181759 0.005175475074621259
-2 -1.75 84 85 13.00509571467659 0.004794796008024516
-2 -1.75 85 86 12.40252518579571 0.004449423360794454
-2 -1.75 86 87 11.81815488608789 0.004095882658751055
-2 -1.75 87 88 11.25206000359976 0.00373285380268314
-2 -1.75 88 89 10.70425040804787 0.003389928552348118
-2 -1.75 89 90 10.17471695664403 0.003105620871366231
-2 -1.75 90 91 9.66340904881746 0.002851243548564938
-2 -1.75 91 92 9.1699881994085 0.0124090960630513
-2 -1.75 92 93 8.694855424408214 0.01039177057312735
-2 -1.75 93 94 8.237566402880873 0.008503075208790857
-2 -1.75 94 95 7.798471225604136 0.01498236690941261
-2 -1.75 95 96 7.376098647928197 0.01199620919979263
-2 -1.75 96 97 6.970854571961903 0.009265920611374035
-2 -1.75 97 98 6.582449266126433 0.006801435768434665
-2 -1.75 98 99 6.210568373336194 0.004622217561717083
-2 -1.75 99 100 5.854875309200356 0.002878369539014846
-1.75 -1.5 50 51 46.42531413732604 0.09548533847709606
-1.75 -1.5 51 52 44.85395999442221 0.0956282594151855
-1.75 -1.5 52 53 43.33320427808636 0.0927149272848401
-1.75 -1.5 53 54 41.86228606492446 0.08715328250114708
-1.75 -1.5 54 55 40.44029809504835 0.07932667510370102
-1.75 -1.5 55 56 39.06609952783489 0.07022082526151463
-1.75 -1.5 56 57 37.73806784283019 0.06280586947631037
-1.75 -1.5 57 58 36.45496058653595 0.05765281749791755
-1.75 -1.5 58 59 35.21564484168171 0.05449931117237409
-1.75 -1.5 59 60 34.0189384091003 0.05306919726954366
-1.75 -1.5 60 61 32.86341674162098 0.05176283951181126
-1.75 -1.5 61 62 31.74750466989465 0.04856713885770717
-1.75 -1.5 62 63 30.67003095911218 0.04368245966804429
-1.75 -1.5 63 64 29.629524864413 0.03913436497459017
-1.75 -1.5 64 65 28.62454269647661 0.03624625600921869
-1.75 -1.5 65 66 27.65353261925094 0.03275901214734991
-1.75 -1.5 66 67 26.71472747998419 0.02952955762622096
-1.75 -1.5 67 68 25.80585109006442 0.0264010582771523
-1.75 -1.5 68 69 24.92292614379913 0.02346511291779558
-1.75 -1.5 69 70 24.04542316637996 0.0527189504996723
-1.75 -1.5 70 71 23.21200500944137 0.04483044517622553
-1.75 -1.5 71 72 22.37662452085081 0.02154659620910051
-1.75 -1.5 72 73 21.55430054629208 0.009051270527456178
-1.75 -1.5 73 74 20.74551101125996 0.01759827289966016
-1.75 -1.5 74 75 19.9509932459797 0.02625566269467166
-1.75 -1.5 75 76 19.17109608980475 0.03310656645793765
-1.75 -1.5 76 77 18.40639905286886 0.03881696731349886
-1.75 -1.5 77 78 17.65756266278723 0.04351192459834491
-1.75 -1.5 78 79 16.92773483991517 0.02241748593995142
-1.75 -1.5 79 80 16.21160016488006 0.02448075352503266
-1.75 -1.5 80 81 15.51270144562166 0.02622352269634637
-1.75 -1.5 81 82 14.82956481012368 0.001929304489742962
-1.75 -1.5 82 83 14.16734189771986 0.001559553190057783
-1.75 -1.5 83 84 13.52341249633116 0.001893467374343912
-1.75 -1.5 84 85 12.89800194019073 0.00228017398978186
-1.75 -1.5 85 86 12.2912791882627 0.002458532916653061
-1.75 -1.5 86 87 11.70335787364935 0.002450010335107408
-1.75 -1.5 87 88 11.13428823225321 0.002325714919252559
-1.75 -1.5 88 89 10.58405433192809 0.002207461211946564
-1.75 -1.5 89 90 10.05262055402366 0.002110173746007878
-1.75 -1.5 90 91 9.539909310304914 0.002026032630540882
-1.75 -1.5 91 92 9.0457987678205 0.001927725260046804
-1.75 -1.5 92 93 8.570006189320601 0.01219986731689006
-1.75 -1.5 93 94 8.11263320205342 0.01012437513056101
-1.75 -1.5 94 95 7.673287234947299 0.008215997063643043
-1.75 -1.5 95 96 7.252671522599805 0.01496727654328916
-1.75 -1.5 96 97 6.848380152541189 0.01197886806631642
-1.75 -1.5 97 98 6.461238730316442 0.009264761682853029
-1.75 -1.5 98 99 6.090906534946686 0.006834641286497027
-1.75 -1.5 99 100 5.737021232181146 0.004780134163379169
-1.5 -1.25 50 51 46.29124245069974 0.1032676448075488
-1.5 -1.25 51 52 44.7368778570353 0.1034500300348523
-1.5 -1.25 52 53 43.23102219675224 0.1004266724777704
-1.5 -1.25 53 54 41.77314532044247 0.09462125599564872
-1.5 -1.25 54 55 40.36254540324236 0.08722727660247326
-1.5 -1.25 55 56 38.99826511843841 0.08060968749022958
-1.5 -1.25 56 57 37.67884754572654 0.07517377760770115
-1.5 -1.25 57 58 36.40319755111864 0.07116411316292813
-1.5 -1.25 58 59 35.17031322755474 0.06834764061231872
-1.5 -1.25 59 60 33.97912906252547 0.06653022041654637
-1.5 -1.25 60 61 32.82833069459696 0.06482042291330627
-1.5 -1.25 61 62 31.7164416021309 0.0620804607983503
-1.5 -1.25 62 63 30.64237458018629 0.05847585932502143
-1.5 -1.25 63 64 29.60473603561265 0.0551568042062842
-1.5 -1.25 64 65 28.60215224448733 0.05276439357839868
-1.5 -1.25 65 66 27.63313222607643 0.0501330476094488
-1.5 -1.25 66 67 26.69596333720284 0.04771203616697527
-1.5 -1.25 67 68 25.78842231522434 0.04540252486146155
-1.5 -1.25 68 69 24.9065803742443 0.04325923548617419
-1.5 -1.25 69 70 24.04406081466303 0.04124774453330387
-1.5 -1.25 70 71 23.19380298344032 0.06219316341337112
-1.5 -1.25 71 72 22.35918625709175 0.04456204057221903
-1.5 -1.25 72 73 21.5374965969481 0.03521647970168496
-1.5 -1.25 73 74 20.72923200561894 0.03295342986952488
-1.5 -1.25 74 75 19.93514641745925 0.03404722896636408
-1.5 -1.25 75 76 19.15559803736798 0.03626036489213261
-1.5 -1.25 76 77 18.3911794037018 0.0388839448903299
-1.5 -1.25 77 78 17.64256426220952 0.04149069802634496
-1.5 -1.25 78 79 16.91035938601957 0.04388599589478182
-1.5 -1.25 79 80 16.19510175322739 0.04600645563498292
-1.5 -1.25 80 81 15.49989863970551 0.02719926526302733
-1.5 -1.25 81 82 14.81667912978273 0.02500062054501051
-1.5 -1.25 82 83 14.15440754156202 0.02403513797055128
-1.5 -1.25 83 84 13.51042807382149 0.02312503339410533
-1.5 -1.25 84 85 12.88497155709813 0.02224619298428165
-1.5 -1.25 85 86 12.27821162291256 0.02138309002360738
-1.5 -1.25 86 87 11.69011464625249 0.001435391915366674
-1.5 -1.25 87 88 11.12102925393802 0.001368238466681282
-1.5 -1.25 88 89 10.57079801809958 0.001300986341597683
-1.5 -1.25 89 90 10.03938718863144 0.001254822683254772
-1.5 -1.25 90 91 9.526720548370573 0.001220567440976671
-1.5 -1.25 91 92 9.032677117096711 0.001244285483427153
-1.5 -1.25 92 93 8.55688205034253 0.01313057280309217
-1.5 -1.25 93 94 8.099627895355322 0.01097078020896254
-1.5 -1.25 94 95 7.66124864321479 0.01827149656537379
-1.5 -1.25 95 96 7.239699540828582 0.01502669593920181
-1.5 -1.25 96 97 6.835634025233936 0.01203832931377748
-1.5 -1.25 97 98 6.44873477973988 0.009315853829383174
-1.5 -1.25 98 99 6.078660213917432 0.006869359622330421
-1.5 -1.25 99 100 5.725046980563455 0.004720920365629857
-1.25 -1 50 51 47.1085248910212 0.1090713982089672
-1.25 -1 51 52 45.5308300001077 0.1092809417866543
-1.25 -1 52 53 44.00170159050589 0.1061590536307702
-1.25 -1 53 54 42.52069971669297 0.1001422259840357
-1.25 -1 54 55 41.08719800687871 0.091639516694604
-1.25 -1 55 56 39.70030122253914 0.08171698391779145
-1.25 -1 56 57 38.3586011742978 0.07361516193866953
-1.25 -1 57 58 37.06104442161708 0.06858638213867359
-1.25 -1 58 59 35.80666350882936 0.06541340512449342
-1.25 -1 59 60 34.59441993698053 0.06342330847964249
-1.25 -1 60 61 33.42301662951044 0.06156331079300593
-1.25 -1 61 62 32.2909846565417 0.05845682258353614
-1.25 -1 62 63 31.19724930496595 0.05426147714135091
-1.25 -1 63 64 30.14041788860906 0.05036009270195736
-1.25 -1 64 65 29.11911522397833 0.04758588797567714
-1.25 -1 65 66 28.13184359038931 0.04446941616686769
-1.25 -1 66 67 27.17687713067546 0.04158326393145295
-1.25 -1 67 68 26.25197035320609 0.03880113449688742
-1.25 -1 68 69 25.3531392330642 0.03620283032454157
-1.25 -1 69 70 24.47390706052933 0.03375245791174879
-1.25 -1 70 71 23.60534742556848 0.06800992927857731
-1.25 -1 71 72 22.75450194198143 0.04126699112254588
-1.25 -1 72 73 21.91678545719918 0.02756837085238332
-1.25 -1 73 74 21.09271893339886 0.02249794250201007
-1.25 -1 74 75 20.28308203154189 0.02306489092984136
-1.25 -1 75 76 19.48825165203144 0.02587458213043377
-1.25 -1 76 77 18.70884211119356 0.02939205480709764
-1.25 -1 77 78 17.94554839924204 0.03460641530544314
-1.25 -1 78 79 17.19899643036725 0.03987911444684562
-1.25 -1 79 80 16.46974010453663 0.04431978124068481
-1.25 -1 80 81 15.75826317155226 0.04809564373785723
-1.25 -1 81 82 15.06540626215008 0.01537827406146883
-1.25 -1 82 83 14.39020610923132 0.01446381542557715
-1.25 -1 83 84 13.73369690227236 0.0136664908157269
-1.25 -1 84 85 13.0961165164233 0.01294415355937043
-1.25 -1 85 86 12.4776438971335 0.01225381051278469
-1.25 -1 86 87 11.87840015162926 0.01158900295756058
-1.25 -1 87 88 11.29844066498088 0.01094775194014018
-1.25 -1 88 89 10.73775211291952 0.01033799328347081
-1.25 -1 89 90 10.19630000548486 0.009755141914917675
-1.25 -1 90 91 9.674006046549792 0.009198510119477404
-1.25 -1 91 92 9.170745981833861 0.00866765603383419
-1.25 -1 92 93 8.686017146285526 0.01450764353154723
-1.25 -1 93 94 8.220955235861155 0.02108441640284451
-1.25 -1 94 95 7.773646033861375 0.01747586492244617
-1.25 -1 95 96 7.344496333134032 0.01411423580833987
-1.25 -1 96 97 6.933207700915435 0.01109136878311909
-1.25 -1 97 98 6.539454170202099 0.00902134140451894
-1.25 -1 98 99 6.162884891231183 0.007258008216051106
-1.25 -1 99 100 5.803126727180892 0.005852859946647387
-1 -0.75 50 51 47.28904162964531 0.114694213986451
-1 -0.75 51 52 45.69646307873617 0.1148745525471701
-1 -0.75 52 53 44.1527803342959 0.1116170934642369
-1 -0.75 53 54 42.6575868645912 0.1053694724450736
-1 -0.75 54 55 41.21028240149178 0.09655142500428364
-1 -0.75 55 56 39.80998913583085 0.08626206035983087
-1 -0.75 56 57 38.45530293031638 0.07784921977432374
-1 -0.75 57 58 37.14517926036478 0.07196818493697572
-1 -0.75 58 59 35.87865899217672 0.06833349115559939
-1 -0.75 59 60 34.65470827811643 0.06663973883954949
-1 -0.75 60 61 33.47203052564146 0.06507314199326716
-1 -0.75 61 62 32.3291524540319 0.06133791955596941
-1 -0.75 62 63 31.22499842743122 0.05565573973475531
-1 -0.75 63 64 30.15817179322137 0.05033977453078669
-1 -0.75 64 65 29.12729300114997 0.04691231020242926
-1 -0.75 65 66 28.13085834519165 0.04277888726640684
-1 -0.75 66 67 27.16713493840005 0.03893082889854819
-1 -0.75 67 68 26.233872138712 0.0351800913723441
-1 -0.75 68 69 25.3270812482851 0.03164102312093117
-1 -0.75 69 70 24.44029041565791 0.02828100692586411
-1 -0.75 70 71 23.56330247857002 0.06965488427479122
-1 -0.75 71 72 22.70582999995928 0.04062467493947133
-1 -0.75 72 73 21.86191904599038 0.01976840305758933
-1 -0.75 73 74 21.03209571679739 0.01427956235926164
-1 -0.75 74 75 20.21713903523548 0.01739919054025835
-1 -0.75 75 76 19.41742595196528 0.02308912168394996
-1 -0.75 76 77 18.63356799070401 0.03101749024787944
-1 -0.75 77 78 17.8662538598418 0.03766778311205467
-1 -0.75 78 79 17.11610178664955 0.04324954588585617
-1 -0.75 79 80 16.38365657324096 0.04795491579366112
-1 -0.75 80 81 15.67387316722587 0.03094983034681744
-1 -0.75 81 82 14.97469153921778 0.01040453587861579
-1 -0.75 82 83 14.29742708491023 0.009669414678042082
-1 -0.75 83 84 13.63922129130815 0.009111979609855931
-1 -0.75 84 85 13.00029759944081 0.008670801913204341
-1 -0.75 85 86 12.38081986979977 0.008275888269034372
-1 -0.75 86 87 11.78089354449249 0.007897593645692022
-1 -0.75 87 88 11.20055799914605 0.007534580932717149
-1 -0.75 88 89 10.63978353030146 0.007187958549010865
-1 -0.75 89 90 10.09851897326442 0.006856355469360506
-1 -0.75 90 91 9.57666917592476 0.006539050185601137
-1 -0.75 91 92 9.074092971616714 0.006235736532320267
-1 -0.75 92 93 8.590240624775934 0.01583715176330413
-1 -0.75 93 94 8.125694707795365 0.01343221438575298
-1 -0.75 94 95 7.680122992194729 0.02012406123768828
-1 -0.75 95 96 7.252462420304802 0.01656620806651082
-1 -0.75 96 97 6.842818603821311 0.01327378386616676
-1 -0.75 97 98 6.450850022358033 0.01025396285462789
-1 -0.75 98 99 6.076190688563983 0.007810458150976619
-1 -0.75 99 100 5.718452789834366 0.006046809361614291
-0.75 -0.5 50 51 47.22697419521779 0.1157205378032092
-0.75 -0.5 51 52 45.63873900954175 0.1160192625185439
-0.75 -0.5 52 53 44.09864579914097 0.1128021773948689
-0.75 -0.5 53 54 42.60638585275422 0.1065248551398575
-0.75 -0.5 54 55 41.16144498312428 0.09841444588850561
-0.75 -0.5 55 56 39.76302102078759 0.09085958313068306
-0.75 -0.5 56 57 38.40977610284202 0.08459427264077016
-0.75 -0.5 57 58 37.10072497599415 0.07992289795219751
-0.75 -0.5 58 59 35.83496089056584 0.07660882053078305
-0.75 -0.5 59 60 34.61149588796053 0.07444900878361541
-0.75 -0.5 60 61 33.42907517930203 0.07241637479310706
-0.75 -0.5 61 62 32.286261323823 0.06917738921618242
-0.75 -0.5 62 63 31.18201058559477 0.06490008241577726
-0.75 -0.5 63 64 30.11495468058462 0.06092693798301043
-0.75 -0.5 64 65 29.0837397108521 0.05804297003989745
-0.75 -0.5 65 66 28.08688457701338 0.05484865915701585
-0.75 -0.5 66 67 27.1226771619661 0.05188757905382255
-0.75 -0.5 67 68 26.18888908159778 0.0490402582374336
-0.75 -0.5 68 69 25.28155498945155 0.04637881365374264
-0.75 -0.5 69 70 24.39422914013126 0.04386591914786932
-0.75 -0.5 70 71 23.51695774688262 0.07672921782376059
-0.75 -0.5 71 72 22.65898844263185 0.05217258804139286
-0.75 -0.5 72 73 21.81463145617761 0.03840748767955498
-0.75 -0.5 73 74 20.98442052966435 0.03267271292837288
-0.75 -0.5 74 75 20.16913993644327 0.03206791710844163
-0.75 -0.5 75 76 19.36917048672545 0.03372682984230251
-0.75 -0.5 76 77 18.58512747574606 0.03642721974970358
-0.75 -0.5 77 78 17.81770213963753 0.03942926790341385
-0.75 -0.5 78 79 17.06751448486065 0.04235684730759069
-0.75 -0.5 79 80 16.33511030054349 0.04668482565308617
-0.75 -0.5 80 81 15.62096321764626 0.05102945194020771
-0.75 -0.5 81 82 14.92643812813656 0.02389498153151476
-0.75 -0.5 82 83 14.24944941736193 0.02276804865978877
-0.75 -0.5 83 84 13.59159144341074 0.02174066886462948
-0.75 -0.5 84 85 12.95308580299 0.02078285139619395
-0.75 -0.5 85 86 12.33409410523871 0.01986667070604193
-0.75 -0.5 86 87 11.73471914943417 0.01897713881696439
-0.75 -0.5 87 88 11.15499732518776 0.01811396496788849
-0.75 -0.5 88 89 10.59489552364831 0.01727783890940217
-0.75 -0.5 89 90 10.05435911801427 0.01646836236779092
-0.75 -0.5 90 91 9.533289305674781 0.01568536131142863
-0.75 -0.5 91 92 9.03154110732698 0.0149287891173544
-0.75 -0.5 92 93 8.548579765333546 0.01616399915256777
-0.75 -0.5 93 94 8.085338272191088 0.02409655448740517
-0.75 -0.5 94 95 7.64029588289306 0.02109120351018472
-0.75 -0.5 95 96 7.2136168141922 0.01843883724267513
-0.75 -0.5 96 97 6.804982627773885 0.01605305592769535
-0.75 -0.5 97 98 6.414047759966472 0.01395347846294111
-0.75 -0.5 98 99 6.040442248198961 0.01215716889253499
-0.75 -0.5 99 100 5.683774393764395 0.01067752312490204
-0.5 -0.25 50 51 47.47218279567011 0.1216706262636548
-0.5 -0.25 51 52 45.87825128081033 0.1199954773065674
-0.5 -0.25 52 53 44.33226083347313 0.1163100328459521
-0.5 -0.25 53 54 42.83395598710214 0.1108491009471737
-0.5 -0.25 54 55 41.38286838228751 0.1039069376979277
-0.5 -0.25 55 56 39.97823479111148 0.09623958931409092
-0.5 -0.25 56 57 38.61874917079584 0.08984643926630942
-0.5 -0.25 57 58 37.30345485881071 0.08501100175603606
-0.5 -0.25 58 59 36.03147001295847 0.08149792343381232
-0.5 -0.25 59 60 34.80182770051368 0.07910993955064204
-0.5 -0.25 60 61 33.61329082510863 0.07685901359577345
-0.5 -0.25 61 62 32.46443554909331 0.0734586281717489
-0.5 -0.25 62 63 31.3542310995297 0.06907278683010915
-0.5 -0.25 63 64 30.28131858200227 0.0649960426249071
-0.5 -0.25 64 65 29.24435192320625 0.06197706598944507
-0.5 -0.25 65 66 28.24185498238977 0.05867366651187695
-0.5 -0.25 66 67 27.27211772400125 0.05560568027946353
-0.5 -0.25 67 68 26.33291044568391 0.05265788697966816
-0.5 -0.25 68 69 25.42025465471615 0.0498971409193269
-0.5 -0.25 69 70 24.5276760045886 0.04728567875538651
-0.5 -0.25 70 71 23.64578015721591 0.07708437747111144
-0.5 -0.25 71 72 22.78264162741597 0.05408681714695581
-0.5 -0.25 72 73 21.9331693516817 0.04089787548525242
-0.5 -0.25 73 74 21.09790698973403 0.03567956814750328
-0.5 -0.25 74 75 20.27764894651018 0.03525306928362986
-0.5 -0.25 75 76 19.47278328942811 0.03688522022611232
-0.5 -0.25 76 77 18.68393380642775 0.03947900848923019
-0.5 -0.25 77 78 17.91179996668001 0.04235796902382982
-0.5 -0.25 78 79 17.15700918832744 0.04517060256724596
-0.5 -0.25 79 80 16.42011380027478 0.04848100678118302
-0.5 -0.25 80 81 15.70159313557398 0.05290900987750383
-0.5 -0.25 81 82 15.00240111086622 0.02602380141171358
-0.5 -0.25 82 83 14.32130160702318 0.02479898079002995
-0.5 -0.25 83 84 13.65946195045281 0.0236710418719172
-0.5 -0.25 84 85 13.01710650671806 0.02261160111416257
-0.5 -0.25 85 86 12.39439900924586 0.02158869180867655
-0.5 -0.25 86 87 11.79144374779571 0.02059688516989786
-0.5 -0.25 87 88 11.20827802150627 0.01963583672822296
-0.5 -0.25 88 89 10.64486901054369 0.01870608525905556
-0.5 -0.25 89 90 10.10116195588969 0.01780718116332316
-0.5 -0.25 90 91 9.577057442634185 0.01693887639847982
-0.5 -0.25 91 92 9.072409433826905 0.01610103147454675
-0.5 -0.25 92 93 8.586712642394605 0.01679425430245099
-0.5 -0.25 93 94 8.120440716630508 0.01446578913420389
-0.5 -0.25 94 95 7.673497588706951 0.02242369754177297
-0.5 -0.25 95 96 7.244428976696618 0.01967461638475306
-0.5 -0.25 96 97 6.833529843270636 0.0171921252095736
-0.5 -0.25 97 98 6.440451625282105 0.01499416420757965
-0.5 -0.25 98 99 6.064821146049226 0.01309568746470947
-0.5 -0.25 99 100 5.706243307581246 0.01150802413096921
-0.25 0 50 51 47.72383667188276 0.1208064389008396
-0.25 0 51 52 46.11947635982497 0.1192836213289641
-0.25 0 52 53 44.56338457452034 0.1156956460043303
-0.25 0 53 54 43.0553046515837 0.1102859366272846
-0.25 0 54 55 41.59476547620704 0.1033555463237204
-0.25 0 55 56 40.18099913049895 0.09567532510620473
-0.25 0 56 57 38.81269160482611 0.08928830104528572
-0.25 0 57 58 37.48887992921715 0.0844863858462611
-0.25 0 58 59 36.20867620475877 0.08102994345066165
-0.25 0 59 60 34.97110682483589 0.07871699323451105
-0.25 0 60 61 33.77492632081223 0.07653677277361864
-0.25 0 61 62 32.61870108030794 0.07317537906637257
-0.25 0 62 63 31.50139323483472 0.06880125549609604
-0.25 0 63 64 30.42163469428186 0.06473758846001172
-0.25 0 64 65 29.37807039840524 0.06175037499732506
-0.25 0 65 66 28.36921464780583 0.05846831698281649
-0.25 0 66 67 27.39334689529763 0.05542329509760621
-0.25 0 67 68 26.44822531062246 0.05249844727284193
-0.25 0 68 69 25.5298524005437 0.04976305277010266
-0.25 0 69 70 24.63172603595797 0.04717910103498015
-0.25 0 70 71 23.74405749694243 0.077821669239382
-0.25 0 71 72 22.87568326111536 0.05442668263027672
-0.25 0 72 73 22.02112028653376 0.04105024777751515
-0.25 0 73 74 21.1809152405997 0.03575257244624577
-0.25 0 74 75 20.35586608349422 0.03533992229469567
-0.25 0 75 76 19.54636266924997 0.0370265191808796
-0.25 0 76 77 18.75303124439172 0.03968891044727131
-0.25 0 77 78 17.97657351851672 0.04263775505352982
-0.25 0 78 79 17.21761855547037 0.04551616004155911
-0.25 0 79 80 16.47671971989099 0.0490765490456276
-0.25 0 80 81 15.75435680021232 0.05356723023738302
-0.25 0 81 82 15.05169570728098 0.02629819134990309
-0.25 0 82 83 14.36706402102087 0.02509925079218885
-0.25 0 83 84 13.70185220808862 0.0239956101349649
-0.25 0 84 85 13.05628312118921 0.02295825785826766
-0.25 0 85 86 12.43051855785318 0.02195509328345257
-0.25 0 86 87 11.82466046926069 0.02098079357662319
-0.25 0 87 88 11.23874346384402 0.0200350904510794
-0.25 0 88 89 10.67273167625066 0.0191185893894919
-0.25 0 89 90 10.12656702764964 0.01823092499316246
-0.25 0 90 91 9.600146510858963 0.01737193372652257
-0.25 0 91 92 9.093320259139322 0.01654156158293877
-0.25 0 92 93 8.605898774921705 0.01573954017916067
-0.25 0 93 94 8.137251638452451 0.01495916433243426
-0.25 0 94 95 7.688556445911395 0.02293413030330477
-0.25 0 95 96 7.257824017435116 0.02017843251571597
-0.25 0 96 97 6.845376789287037 0.01769169028170341
-0.25 0 97 98 6.450861557969432 0.01549146307201504
-0.25 0 98 99 6.07390045854525 0.0135917444140695
-0.25 0 99 100 5.714093679396512 0.01200217483686356
0 0.25 50 51 47.72894445294565 0.1208076054488363
0 0.25 51 52 46.12426621702593 0.1192847646172709
0 0.25 52 53 44.56787791529908 0.1156967139984752
0 0.25 53 54 43.05952133061376 0.1102868881519655
0 0.25 54 55 41.59872390880008 0.1033563503949344
0 0.25 55 56 40.18471638819761 0.09567597046661563
0 0.25 56 57 38.81618348165668 0.08928882427456822
0 0.25 57 58 37.49216107687081 0.08448682817902133
0 0.25 58 59 36.21176023198183 0.08103033806877506
0 0.25 59 60 34.97400637507801 0.07871736642110308
0 0.25 60 61 33.77765312451947 0.07653712709942995
0 0.25 61 62 32.62126601667168 0.07317568947075581
0 0.25 62 63 31.50380642624995 0.06880150238641347
0 0.25 63 64 30.42390554073221 0.06473778041960887
0 0.25 64 65 29.38020763252612 0.06175053510872237
0 0.25 65 66 28.37122637803076 0.05846844086516918
0 0.25 66 67 27.39524063704749 0.05542338845778958
0 0.25 67 68 26.45000799169286 0.05249851356758101
0 0.25 68 69 25.53153029325492 0.04976309654419928
0 0.25 69 70 24.63330464855773 0.04717912609990064
0 0.25 70 71 23.74554171370606 0.07782092878735114
0 0.25 71 72 22.8770776996647 0.05442595769784039
0 0.25 72 73 22.02242928651378 0.0410497756053174
0 0.25 73 74 21.18214296202869 0.03575249568414889
0 0.25 74 75 20.3570165343225 0.03534016285700455
0 0.25 75 76 19.54743969158099 0.0370269567489854
0 0.25 76 77 18.7540385352403 0.03968945246795108
0 0.25 77 78 17.9775146421988 0.04263833732312209
0 0.25 78 79 17.21849694627483 0.04551674337862672
0 0.25 79 80 16.47753868467783 0.04907710071932838
0 0.25 80 81 15.75511952096451 0.05356772951928277
0 0.25 81 82 15.05240514694838 0.02629818082422423
0 0.25 82 83 14.36772320450219 0.02509924460267314
0 0.25 83 84 13.70246395258274 0.02399560777639223
0 0.25 84 85 13.05685012998104 0.02295825867468518
0 0.25 85 86 12.43104342273018 0.02195509446055711
0 0.25 86 87 11.82514567294403 0.02098079510726068
0 0.25 87 88 11.23919138197122 0.02003509230735121
0 0.25 88 89 10.67314457932783 0.01911859158106044
0 0.25 89 90 10.1269470846104 0.01823092750543456
0 0.25 90 91 9.600495791667434 0.01737193654046737
0 0.25 91 92 9.093640737254713 0.01654156468211074
0 0.25 92 93 8.606192329914293 0.01573954354269011
0 0.25 93 94 8.137520058587143 0.0149591679396967
0 0.25 94 95 7.688801470371079 0.02293405969147573
0 0.25 95 96 7.258047215230452 0.02017835379281771
0 0.25 96 97 6.845579690664508 0.01769160928827992
0 0.25 97 98 6.451045612293882 0.01549138538466809
0 0.25 98 99 6.074067036943188 0.01359167524321558
0 0.25 99 100 5.714244077379494 0.01200211879203987
0.25 0.5 50 51 47.48726199551268 0.1216736715142531
0.25 0.5 51 52 45.89239436666321 0.1199984886340281
0.25 0.5 52 53 44.34553065705069 0.1163128584949032
0.25 0.5 53 54 42.84641086506207 0.1108516197312741
0.25 0.5 54 55 41.39456242350261 0.1039090579717918
0.25 0.5 55 56 39.98921817266313 0.09624127668039499
0.25 0.5 56 57 38.62906832889806 0.0898477959739072
0.25 0.5 57 58 37.31315288255078 0.08501214304556758
0.25 0.5 58 59 36.0405869337558 0.08149894167002456
0.25 0.5 59 60 34.81040071836119 0.07911090793270226
0.25 0.5 60 61 33.62135446062467 0.07685993839918356
0.25 0.5 61 62 32.47202182361906 0.07345943706129583
0.25 0.5 62 63 31.3613698118214 0.06907342318265763
0.25 0.5 63 64 30.2880374085608 0.06499653016006315
0.25 0.5 64 65 29.25067657927787 0.06197746938897997
0.25 0.5 65 66 28.24780934759887 0.05867397252779394
0.25 0.5 66 67 27.27772393249882 0.05560590465119059
0.25 0.5 67 68 26.33818889969311 0.05265803911586789
0.25 0.5 68 69 25.42522382090623 0.04989723335604385
0.25 0.5 69 70 24.53235209170577 0.04728572200901815
0.25 0.5 70 71 23.65017758881848 0.07707966380238281
0.25 0.5 71 72 22.78677392889249 0.05408263541791409
0.25 0.5 72 73 21.93704929439124 0.04089533399021866
0.25 0.5 73 74 21.10154681910369 0.03567919033365209
0.25 0.5 74 75 20.28106046274098 0.03525434015687603
0.25 0.5 75 76 19.47597780682935 0.03688750419112262
0.25 0.5 76 77 18.68692221424286 0.03948183471327608
0.25 0.5 77 78 17.91459276513346 0.0423610165084919
0.25 0.5 78 79 17.15961649645212 0.04517367718044379
0.25 0.5 79 80 16.42254536338251 0.04848395342431802
0.25 0.5 80 81 15.70385833263012 0.05291170570257932
0.25 0.5 81 82 15.0045086710976 0.02602376971065556
0.25 0.5 82 83 14.32326045780324 0.02479896227032365
0.25 0.5 83 84 13.66128039961183 0.02367103480216759
0.25 0.5 84 85 13.01879252759011 0.02261160357751645
0.25 0.5 85 86 12.39596024771214 0.02158869534562299
0.25 0.5 86 87 11.79288752930987 0.02059688976328959
0.25 0.5 87 88 11.20961135686443 0.01963584229910929
0.25 0.5 88 89 10.64609860160191 0.01870609183968303
0.25 0.5 89 90 10.10229420585985 0.01780718871447351
0.25 0.5 90 91 9.578098463708578 0.01693888486675387
0.25 0.5 91 92 9.073365054345533 0.01610104081402478
0.25 0.5 92 93 8.587588414470808 0.01679426354696876
0.25 0.5 93 94 8.121241923691048 0.01446580007238681
0.25 0.5 94 95 7.674229352240562 0.02242382619898605
0.25 0.5 95 96 7.245095951358081 0.01967467052087347
0.25 0.5 96 97 6.834136553034352 0.01719212403413149
0.25 0.5 97 98 6.441002355926198 0.01499412601110638
0.25 0.5 98 99 6.065319952858466 0.01309562960065883
0.25 0.5 99 100 5.706694023031126 0.01150796271855864
0.5 0.75 50 51 47.25098545243893 0.1157249931649789
0.5 0.75 51 52 45.66126588998449 0.1160236587983388
0.5 0.75 52 53 44.11978748035503 0.1128063247302384
0.5 0.75 53 54 42.62623440954562 0.1065286000841815
0.5 0.75 54 55 41.18008589275681 0.09841764135580877
0.5 0.75 55 56 39.78053358867837 0.09086211983794321
0.5 0.75 56 57 38.42623375429037 0.08459630702563058
0.5 0.75 57 58 37.11619587384186 0.07992460911072832
0.5 0.75 58 59 35.84950838753295 0.07661035268411441
0.5 0.75 59 60 34.62517887921769 0.07445047661341159
0.5 0.75 60 61 33.44194833782862 0.07241778596719756
0.5 0.75 61 62 32.2983753813819 0.06917862487408424
0.5 0.75 62 63 31.19341276843109 0.06490104858898507
0.5 0.75 63 64 30.12568886435524 0.0609276708457814
0.5 0.75 64 65 29.09384667323567 0.05804357330385615
0.5 0.75 65 66 28.09640219462685 0.05484910988185639
0.5 0.75 66 67 27.13164055117373 0.05188790164067655
0.5 0.75 67 68 26.19733061743591 0.04904046702376891
0.5 0.75 68 69 25.28950397775547 0.04637892829897067
0.5 0.75 69 70 24.40171129744817 0.0438659562186456
0.5 0.75 70 71 23.5239960139248 0.0767216611368156
0.5 0.75 71 72 22.66560420063497 0.05216562417743779
0.5 0.75 72 73 21.82084496303847 0.03840300724649111
0.5 0.75 73 74 20.99025121315438 0.03267175128875532
0.5 0.75 74 75 20.17460652316855 0.03206974471107178
0.5 0.75 75 76 19.37429093569727 0.03373035302952335
0.5 0.75 76 77 18.58991907561185 0.0364316069369001
0.5 0.75 77 78 17.82218156622299 0.03943396795151902
0.5 0.75 78 79 17.07169781314244 0.04236154008983711
0.5 0.75 79 80 16.33901301607873 0.04668917839964928
0.5 0.75 80 81 15.62460022790555 0.05103339513224914
0.5 0.75 81 82 14.92982329195964 0.02389491907997504
0.5 0.75 82 83 14.25259695329611 0.02276800949906394
0.5 0.75 83 84 13.59451456631663 0.02174064988119038
0.5 0.75 84 85 12.95579719900129 0.02078285576614915
0.5 0.75 85 86 12.33660594263205 0.01986667689105643
0.5 0.75 86 87 11.737043089552 0.01897714678432661
0.5 0.75 87 88 11.15714453134292 0.01811397457974365
0.5 0.75 88 89 10.59687666991848 0.01727785021672362
0.5 0.75 89 90 10.0561844054554 0.01646837530047689
0.5 0.75 90 91 9.534968474246451 0.0156853757749447
0.5 0.75 91 92 9.033083447055159 0.01492880503079439
0.5 0.75 92 93 8.549994128279145 0.016164014314144
0.5 0.75 93 94 8.086633266146414 0.02409656450296233
0.5 0.75 94 95 7.641479311275429 0.02109108507268135
0.5 0.75 95 96 7.21469628797416 0.01843862648216581
0.5 0.75 96 97 6.805965367635043 0.01605278822876802
0.5 0.75 97 98 6.414940608326042 0.01395318863325149
0.5 0.75 98 99 6.041251681302267 0.01215689103215861
0.5 0.75 99 100 5.684506533825502 0.01067728954951737
0.75 1 50 51 47.32073672310511 0.1146984446015069
0.75 1 51 52 45.72619503494928 0.1148788106641162
0.75 1 52 53 44.18068057773277 0.1116211210142149
0.75 1 53 54 42.68377738107509 0.1053730604137495
0.75 1 54 55 41.23487641326705 0.09655440807045736
0.75 1 55 56 39.83309167028534 0.08626436125420842
0.75 1 56 57 38.47701121033725 0.07785099753950382
0.75 1 57 58 37.16558352655571 0.07196963408126744
0.75 1 58 59 35.89784310474408 0.06833477581279565
0.75 1 59 60 34.67275018599506 0.06664099277962331
0.75 1 60 61 33.48900257983385 0.06507437226059468
0.75 1 61 62 32.34512178126565 0.06133898177592637
0.75 1 62 63 31.24002750875287 0.05565651243522646
0.75 1 63 64 30.17231867021123 0.05034028990833621
0.75 1 64 65 29.14061161146346 0.0469126946291336
0.75 1 65 66 28.14339878479601 0.04277910165422386
0.75 1 66 67 27.1789436494286 0.03893089690010523
0.75 1 67 68 26.24499193657243 0.03518002229664941
0.75 1 68 69 25.33755089166777 0.03164083479975461
0.75 1 69 70 24.45014392306354 0.02828071310778439
0.75 1 70 71 23.57257061505837 0.06964775254494689
0.75 1 71 72 22.71454059717851 0.04061716018697786
0.75 1 72 73 21.87009890574531 0.01976205398762665
0.75 1 73 74 21.03977053890583 0.01427953147575542
0.75 1 74 75 20.22433358786054 0.01740470527161802
0.75 1 75 76 19.42416398478419 0.02309570903829113
0.75 1 76 77 18.63987236320311 0.03102358237189566
0.75 1 77 78 17.8721466174686 0.0376733636630165
0.75 1 78 79 17.12160417692964 0.04325461663915976
0.75 1 79 80 16.38878906122891 0.04795949136397591
0.75 1 80 81 15.67865472760536 0.03094972563128558
0.75 1 81 82 14.97914182570551 0.01040432402159673
0.75 1 82 83 14.30156427342427 0.009669283286682389
0.75 1 83 84 13.6430628334602 0.009111918372357248
0.75 1 84 85 13.00386024604406 0.008670816347835576
0.75 1 85 86 12.38411968548705 0.008275908364650223
0.75 1 86 87 11.7839459223547 0.007897619295020126
0.75 1 87 88 11.2033776727144 0.00753461169605022
0.75 1 88 89 10.64238458539385 0.00718799455825875
0.75 1 89 90 10.10091486953409 0.006856396473953043
0.75 1 90 91 9.578872762805695 0.006539095851641145
0.75 1 91 92 9.076116503225641 0.006235786560080458
0.75 1 92 93 8.592095775866369 0.0158371720432442
0.75 1 93 94 8.127392589514219 0.01343223869709742
0.75 1 94 95 7.681674374694843 0.02012352635514336
0.75 1 95 96 7.253877093627011 0.01656555915431478
0.75 1 96 97 6.844106086206921 0.01327304604892608
0.75 1 97 98 6.452019332106381 0.01025315732814201
0.75 1 98 99 6.077250360105026 0.007809634065200865
0.75 1 99 100 5.719410889858409 0.006046058550405821
1 1.25 50 51 47.14657690501045 0.1090814530010898
1 1.25 51 52 45.56651013775553 0.1092907241415699
1 1.25 52 53 44.03516970719909 0.1061682658717525
1 1.25 53 54 42.55210407543066 0.10015062942163
1 1.25 54 55 41.11667612270591 0.09164692520891465
1 1.25 55 56 39.72798057337565 0.08172331793492557
1 1.25 56 57 38.38459969106952 0.07362062812056924
1 1.25 57 58 37.08547150186919 0.06859118539700763
1 1.25 58 59 35.82962075989329 0.06541778167913316
1 1.25 59 60 34.61600175548074 0.06342747807393005
1 1.25 60 61 33.443310590534 0.06156729287457125
1 1.25 61 62 32.31007197445524 0.05846040112249361
1 1.25 62 63 31.21520554082376 0.05426447674269078
1 1.25 63 64 30.15731320759984 0.05036257675114044
1 1.25 64 65 29.13501480658883 0.04758805531620921
1 1.25 65 66 28.14680795482958 0.04447122075830636
1 1.25 66 67 27.1909623651045 0.04158475205862455
1 1.25 67 68 26.26522815537275 0.03880233213215806
1 1.25 68 69 25.36561640470525 0.03620377508909912
1 1.25 69 70 24.48564470305845 0.03375318157992932
1 1.25 70 71 23.61638123637526 0.06799881726272181
1 1.25 71 72 22.7648671856246 0.04125568305753225
1 1.25 72 73 21.92651452435349 0.02756092734792139
1 1.25 73 74 21.10184287192187 0.02249791931598341
1 1.25 74 75 20.2916307500286 0.02306974442587993
1 1.25 75 76 19.49625381952745 0.02588209480610032
1 1.25 76 77 18.71632531042415 0.02940058128082051
1 1.25 77 78 17.95253921798454 0.03461466664547007
1 1.25 78 79 17.20552048207066 0.03988673259188289
1 1.25 79 80 16.47582204799502 0.04432676513772629
1 1.25 80 81 15.76392673034746 0.04810201207415592
1 1.25 81 82 15.07067393506915 0.01537822806713855
1 1.25 82 83 14.3951000101764 0.01446378747742217
1 1.25 83 84 13.73823802658907 0.01366649837965813
1 1.25 84 85 13.10032500724593 0.0129441656644286
1 1.25 85 86 12.48153906373815 0.01225383039998109
1 1.25 86 87 11.88200048783025 0.01158902586035372
1 1.25 87 88 11.30176386433094 0.01094777755194709
1 1.25 88 89 10.74081508371953 0.01033802341083931
1 1.25 89 90 10.19911889716543 0.009755176450882844
1 1.25 90 91 9.676596269416905 0.009198548891181126
1 1.25 91 92 9.173122225577174 0.008667698896647459
1 1.25 92 93 8.68819339969458 0.01450766983169762
1 1.25 93 94 8.222944902093712 0.0210846607409616
1 1.25 94 95 7.775461634101063 0.01747589513538987
1 1.25 95 96 7.346149872163583 0.01411408873755288
1 1.25 96 97 6.934710560899923 0.01109107953878653
1 1.25 97 98 6.540817130340312 0.009020972640033504
1 1.25 98 99 6.164118147429704 0.007257622357469697
1 1.25 99 100 5.804239911801501 0.005852532672218767
1.25 1.5 50 51 46.33370148425553 0.1032799884081437
1.25 1.5 51 52 44.77669601345096 0.1034621015216863
1.25 1.5 52 53 43.26837695269069 0.1004381251560134
1.25 1.5 53 54 41.80820136046313 0.09463181140832817
1.25 1.5 54 55 40.39545553780906 0.08723663071068304
1.25 1.5 55 56 39.02917105743387 0.08061753512537269
1.25 1.5 56 57 37.70788043010663 0.075180432072659
1.25 1.5 57 58 36.43047906887057 0.07116995075687313
1.25 1.5 58 59 35.19595643117538 0.0683529741477772
1.25 1.5 59 60 34.00323900640731 0.06653530266407517
1.25 1.5 60 61 32.85100486016086 0.06482527380375788
1.25 1.5 61 62 31.73777040491012 0.06208482698351833
1.25 1.5 62 63 30.66244215591517 0.05847953739655605
1.25 1.5 63 64 29.62362052061225 0.05515987029321701
1.25 1.5 64 65 28.61992623097065 0.05276707854286786
1.25 1.5 65 66 27.64986311908989 0.05013530149091989
1.25 1.5 66 67 26.71171361119315 0.04771391476556307
1.25 1.5 67 68 25.80324955599085 0.04540406110271789
1.25 1.5 68 69 24.92053671187055 0.04326047510162986
1.25 1.5 69 70 24.05719202237175 0.04124872635862051
1.25 1.5 70 71 23.20614795596647 0.06218301960207289
1.25 1.5 71 72 22.37078516751983 0.04455373218777711
1.25 1.5 72 73 21.54838550958513 0.03521272517239439
1.25 1.5 73 74 20.73944549212378 0.03295472750837165
1.25 1.5 74 75 19.94471778428822 0.03405165380219794
1.25 1.5 75 76 19.16455921331816 0.03626639918298839
1.25 1.5 76 77 18.39956111068799 0.03889066920728954
1.25 1.5 77 78 17.65039611705654 0.04149753536058341
1.25 1.5 78 79 16.91766992314245 0.04389260788382267
1.25 1.5 79 80 16.20191844632323 0.04601265385731799
1.25 1.5 80 81 15.50624807946303 0.02719928041919499
1.25 1.5 81 82 14.82258646772663 0.02500062357073775
1.25 1.5 82 83 14.15989716188021 0.02403513767193018
1.25 1.5 83 84 13.51552338118009 0.0231250350512773
1.25 1.5 84 85 12.88969500844787 0.02224619777659566
1.25 1.5 85 86 12.28258474783379 0.02138309679668708
1.25 1.5 86 87 11.69415806727106 0.001435487629364273
1.25 1.5 87 88 11.12476270341259 0.001368312848438557
1.25 1.5 88 89 10.57424035495245 0.00130103878580858
1.25 1.5 89 90 10.04255642743316 0.001254854258888494
1.25 1.5 90 91 9.529633881198144 0.001220579275438567
1.25 1.5 91 92 9.035350934086392 0.001244613469423495
1.25 1.5 92 93 8.559331961532028 0.01313060464011845
1.25 1.5 93 94 8.101868752278996 0.01097081877839846
1.25 1.5 94 95 7.663294490396797 0.01827026396693593
1.25 1.5 95 96 7.241563829100134 0.01502529219989316
1.25 1.5 96 97 6.837329461972082 0.01203678771281043
1.25 1.5 97 98 6.450273400948483 0.00931420115528267
1.25 1.5 98 99 6.080053406075351 0.006867615400009082
1.25 1.5 99 100 5.726305502512034 0.004719099982619874
1.5 1.75 50 51 46.46952698656645 0.09549979569937708
1.5 1.75 51 52 44.89541689166643 0.09564242469824992
1.5 1.75 52 53 43.37209074007839 0.09272841201446506
1.5 1.75 53 54 41.89877421039935 0.08716577432184432
1.5 1.75 54 55 40.47454761003945 0.07933792815218342
1.5 1.75 55 56 39.09825847771603 0.07023072455981023
1.5 1.75 56 57 37.76827322867896 0.0628146531665708
1.5 1.75 57 58 36.48333952027022 0.05766078036000179
1.5 1.75 58 59 35.24231540431143 0.0545067056873059
1.5 1.75 59 60 34.04401031850681 0.05307623139170051
1.5 1.75 60 61 32.88699179994549 0.05176953600673825
1.5 1.75 61 62 31.76967729564534 0.04857329707044862
1.5 1.75 62 63 30.69088900693926 0.04368791302157847
1.5 1.75 63 64 29.64914992016962 0.03913917156745201
1.5 1.75 64 65 28.64301055343867 0.03625061257990812
1.5 1.75 65 66 27.67091365110483 0.03276287136564298
1.5 1.75 66 67 26.73108690959276 0.02953296781721225
1.5 1.75 67 68 25.82124903508937 0.02640404126764231
1.5 1.75 68 69 24.93741703055947 0.02346770781616381
1.5 1.75 69 70 24.05905151874079 0.05270969615573638
1.5 1.75 70 71 23.22481714304273 0.04482346745419597
1.5 1.75 71 72 22.38866008234531 0.02154131654155366
1.5 1.75 72 73 21.56559721079211 0.009059312807560914
1.5 1.75 73 74 20.75610488872275 0.01760994533862971
1.5 1.75 74 75 19.96091911740087 0.02626627334018098
1.5 1.75 75 76 19.18038729080895 0.03311617138597043
1.5 1.75 76 77 18.41508765192199 0.03882564685935794
1.5 1.75 77 78 17.66567956771238 0.04351973323386145
1.5 1.75 78 79 16.93531059783105 0.02241757430102407
1.5 1.75 79 80 16.21866252663284 0.02448080135678236
1.5 1.75 80 81 15.5192779707067 0.02622353955404764
1.5 1.75 81 82 14.8356819887838 0.001929267083849389
1.5 1.75 82 83 14.17302515068117 0.001559379789271287
1.5 1.75 83 84 13.52868621763593 0.001893320674799292
1.5 1.75 84 85 12.90288953090953 0.00228007829029752
1.5 1.75 85 86 12.29580307815269 0.002458468028047358
1.5 1.75 86 87 11.70753954276273 0.002449957627538835
1.5 1.75 87 88 11.13814822901815 0.002325662244637016
1.5 1.75 88 89 10.5876122909863 0.002207406300833648
1.5 1.75 89 90 10.0558952268681 0.002110116129311019
1.5 1.75 90 91 9.542918588419987 0.002025971925298881
1.5 1.75 91 92 9.048559704434943 0.001927660113991325
1.5 1.75 92 93 8.572535022501466 0.01219985686861662
1.5 1.75 93 94 8.114945377504345 0.01012436260948
1.5 1.75 94 95 7.675397428755801 0.008216049861782869
1.5 1.75 95 96 7.254593546813702 0.01496587670087426
1.5 1.75 96 97 6.850127320354947 0.01197734158596954
1.5 1.75 97 98 6.462823547433715 0.009263137029599746
1.5 1.75 98 99 6.092340829646833 0.006832941153385504
1.5 1.75 99 100 5.738316178340055 0.004778406327960834
1.75 2 50 51 45.98425351749242 0.09849097395581037
1.75 2 51 52 44.44311458250709 0.09838091473840462
1.75 2 52 53 42.95158185515496 0.09533935772396525
1.75 2 53 54 41.50888026514514 0.08976266591515694
1.75 2 54 55 40.11409675256422 0.08202122299936195
1.75 2 55 56 38.76609503805571 0.07305575787620847
1.75 2 56 57 37.46327481326523 0.06569397769251661
1.75 2 57 58 36.20440845741129 0.06048130514920172
1.75 2 58 59 34.98837710360952 0.05716935719580612
1.75 2 59 60 33.81401630445247 0.05549453559529679
1.75 2 60 61 32.67993214813004 0.0539429459318722
1.75 2 61 62 31.58458978836926 0.05061098436435302
1.75 2 62 63 30.52683927794413 0.04569149413313266
1.75 2 63 64 29.50524494223977 0.04110110653261539
1.75 2 64 65 28.51839722728997 0.03809249963199809
1.75 2 65 66 27.56477958404194 0.03452451206130168
1.75 2 66 67 26.64266240548328 0.03121511561836957
1.75 2 67 68 25.74980561732431 0.0280082979463696
1.75 2 68 69 24.88226968811323 0.02499750171984008
1.75 2 69 70 24.01621869473027 0.05118190345808262
1.75 2 70 71 23.19576204015476 0.04308919216798916
1.75 2 71 72 22.37412204315075 0.02094344217621396
1.75 2 72 73 21.56482784580504 0.01201797545899057
1.75 2 73 74 20.76834062851454 0.01807223735821369
1.75 2 74 75 19.98539287636238 0.02376273135917282
1.75 2 75 76 19.21632179910254 0.02925049995159803
1.75 2 76 77 18.46170485876303 0.03454637809935751
1.75 2 77 78 17.72220903719526 0.03888283322892676
1.75 2 78 79 16.99843804710252 0.04241034399359796
1.75 2 79 80 16.29453461511152 0.02260061555015963
1.75 2 80 81 15.60272224753795 0.02403649535168408
1.75 2 81 82 14.92640828988524 0.006244052868221855
1.75 2 82 83 14.2698474586491 0.005625280092528813
1.75 2 83 84 13.63093468074835 0.005175506860235894
1.75 2 84 85 13.00991602081032 0.004794860927419368
1.75 2 85 86 12.40698244598808 0.004449513253159952
1.75 2 86 87 11.82227076505328 0.004095978039445388
1.75 2 87 88 11.2558552136249 0.003732941350325605
1.75 2 88 89 10.70774472843028 0.003390007574939073
1.75 2 89 90 10.17792926530942 0.003105746012317868
1.75 2 90 91 9.666357346710132 0.002851385777740148
1.75 2 91 92 9.172689633464934 0.01240912970013637
1.75 2 92 93 8.697326311780078 0.01039181140427541
1.75 2 93 94 8.239822254817106 0.008503125385683988
1.75 2 94 95 7.800526833350265 0.01498111758061673
1.75 2 95 96 7.377967891130012 0.01199480072495101
1.75 2 96 97 6.972550689612424 0.009264385378243508
1.75 2 97 98 6.583984786918302 0.006799798948367219
1.75 2 98 99 6.21195513949678 0.004620498640106034
1.75 2 99 100 5.856124500315206 0.002876667593798453
2 2.25 50 51 45.8770704410137 0.09709988621587785
2 2.25 51 52 44.30809815704674 0.09676891104414125
2 2.25 52 53 42.7921465412615 0.09368005142652913
2 2.25 53 54 41.32808667896055 0.08821241078469676
2 2.25 54 55 39.91468921475931 0.08071974309089897
2 2.25 55 56 38.55053739623196 0.07209122979506689
2 2.25 56 57 37.23378841532558 0.06498733881412028
2 2.25 57 58 35.96298844219476 0.05991793966354354
2 2.25 58 59 34.73681237640463 0.05664622141210317
2 2.25 59 60 33.55391077319064 0.05492124403638592
2 2.25 60 61 32.41271769067396 0.05331786900583069
2 2.25 61 62 31.31154394373307 0.05004636646595224
2 2.25 62 63 30.24910325037014 0.04529084107206724
2 2.25 63 64 29.22383025241629 0.04085340081690228
2 2.25 64 65 28.23419671037074 0.03790942326849855
2 2.25 65 66 27.27857878923186 0.03444910869806007
2 2.25 66 67 26.35514881283348 0.03123976146823115
2 2.25 67 68 25.46157576346167 0.02813318166395746
2 2.25 68 69 24.59385609910552 0.02521860590996318
2 2.25 69 70 23.74557657173999 0.02246804375658287
2 2.25 70 71 22.90679115265583 0.04811031011076308
2 2.25 71 72 22.08665443336436 0.02650787895420285
2 2.25 72 73 21.27941135267195 0.01081260030991952
2 2.25 73 74 20.4854917355847 0.007285639590913856
2 2.25 74 75 19.70558847468709 0.01304753594567277
2 2.25 75 76 18.94001988389802 0.0194565059429039
2 2.25 76 77 18.18932980792004 0.02473430109372007
2 2.25 77 78 17.45414522780133 0.0290516063907538
2 2.25 78 79 16.73503138262021 0.03257263012523066
2 2.25 79 80 16.03248930625387 0.03544902633272311
2 2.25 80 81 15.34476299205654 0.02997584357739824
2 2.25 81 82 14.68001788483438 0.004891712196367548
2 2.25 82 83 14.02911966176848 0.004194475337403305
2 2.25 83 84 13.39605707161504 0.003711371422850814
2 2.25 84 85 12.78104723448144 0.003392558750004047
2 2.25 85 86 12.18425369141525 0.003181480414368091
2 2.25 86 87 11.60578738943803 0.002987802549118414
2 2.25 87 88 11.04569812043537 0.002808973986879564
2 2.25 88 89 10.5039719629456 0.002647673314519405
2 2.25 89 90 9.980577307959017 0.002501109281147396
2 2.25 90 91 9.475348019840244 0.01752351468408951
2 2.25 91 92 8.988342677229301 0.0147659861606125
2 2.25 92 93 8.519125719323128 0.01562916804678238
2 2.25 93 94 8.067938372498389 0.0125892558336831
2 2.25 94 95 7.634338118339308 0.009766314183110603
2 2.25 95 96 7.218077256284113 0.007175418698888922
2 2.25 96 97 6.818879739229535 0.004833251727393962
2 2.25 97 98 6.436443606778566 0.002782940626908931
2 2.25 98 99 6.070443384433283 0.001843048211712117
2 2.25 99 100 5.720532440343584 0.001845961033424431
2.25 2.5 50 51 44.74016833153763 0.09130661191343319
2.25 2.5 51 52 43.19589874869831 0.09087985108552768
2.25 2.5 52 53 41.70520483946174 0.08785739156883959
2.25 2.5 53 54 40.26678199824109 0.08260196809635575
2.25 2.5 54 55 38.87925005369573 0.07545157670894163
2.25 2.5 55 56 37.54106409359876 0.06724447264291337
2.25 2.5 56 57 36.25027573268622 0.06067643542447305
2.25 2.5 57 58 35.00533793151681 0.05673296629447656
2.25 2.5 58 59 33.80484513363348 0.05389694528812568
2.25 2.5 59 60 32.64738030964276 0.05200069244769748
2.25 2.5 60 61 31.5313225939573 0.05022474743987951
2.25 2.5 61 62 30.45494210890404 0.04752300278994601
2.25 2.5 62 63 29.41691205475232 0.0440313794535689
2.25 2.5 63 64 28.41564227879857 0.04079957326660864
2.25 2.5 64 65 27.44958532243447 0.0384447421358295
2.25 2.5 65 66 26.5171103673046 0.03587108752370161
2.25 2.5 66 67 25.61639680570065 0.0335026059742439
2.25 2.5 67 68 24.74514235164921 0.03124613422208354
2.25 2.5 68 69 23.89943645200997 0.02915810927066959
2.25 2.5 69 70 23.05726518789567 0.04240010924860717
2.25 2.5 70 71 22.25801550207542 0.03016328043188336
2.25 2.5 71 72 21.45967494203155 0.02064173348255938
2.25 2.5 72 73 20.67418265685122 0.02167242169715985
2.25 2.5 73 74 19.90192056465924 0.02617733534480482
2.25 2.5 74 75 19.14353255766689 0.0299705900686089
2.25 2.5 75 76 18.39928987909747 0.03300958410066781
2.25 2.5 76 77 17.66969193967292 0.03555064841311568
2.25 2.5 77 78 16.95994809032249 0.01799506058735772
2.25 2.5 78 79 16.26075398851092 0.01951997808111898
2.25 2.5 79 80 15.57761092629031 0.02070879187791611
2.25 2.5 80 81 14.90880315434553 0.01390986638074969
2.25 2.5 81 82 14.25974716444145 0.01313089982778187
2.25 2.5 82 83 13.62785010932662 0.0124451544805203
2.25 2.5 83 84 13.013335320955 0.01184105543292777
2.25 2.5 84 85 12.41640161120424 0.01126109160582241
2.25 2.5 85 86 11.83719678522005 0.01070740027159537
2.25 2.5 86 87 11.2758185914757 0.01016786118220926
2.25 2.5 87 88 10.73230603978335 0.009647080837748569
2.25 2.5 88 89 10.20663704590435 0.009150228749929483
2.25 2.5 89 90 9.69877366892505 0.008673234003895868
2.25 2.5 90 91 9.208640004551707 0.008215613518282179
2.25 2.5 91 92 8.736119583202047 0.007777082081465656
2.25 2.5 92 93 8.281056339056299 0.008317562239782757
2.25 2.5 93 94 7.843324235305049 0.006934244401527851
2.25 2.5 94 95 7.4226623064443 0.006551399949729394
2.25 2.5 95 96 7.019150426039742 0.01243009732352206
2.25 2.5 96 97 6.631757772784493 0.01052957549138259
2.25 2.5 97 98 6.260615138240899 0.008843034584431997
2.25 2.5 98 99 5.905404989744891 0.007377363288427952
2.25 2.5 99 100 5.565789670850435 0.006141063091627057
2.5 2.75 50 51 44.25782398827508 0.1012823802234648
2.5 2.75 51 52 42.70515154429118 0.09866472530469496
2.5 2.75 52 53 41.20850293045275 0.09483646903423903
2.5 2.75 53 54 39.76626996093647 0.08995482582523523
2.5 2.75 54 55 38.37680397959105 0.08422098723883675
2.5 2.75 55 56 37.03832395183292 0.07812557889479167
2.5 2.75 56 57 35.74867792855879 0.0729112862512348
2.5 2.75 57 58 34.50613387920357 0.06873516075517694
2.5 2.75 58 59 33.30912038587174 0.0654347856109449
2.5 2.75 59 60 32.1560737841247 0.06287544366453975
2.5 2.75 60 61 31.04524506258531 0.06046036236565733
2.5 2.75 61 62 29.97479599124011 0.05743134211818271
2.5 2.75 62 63 28.94329584703718 0.05389775198500033
2.5 2.75 63 64 27.94906810349023 0.05061535778820084
2.5 2.75 64 65 26.99106290676718 0.0319139881751342
2.5 2.75 65 66 26.06643716374271 0.02880799051494805
2.5 2.75 66 67 25.17388967484415 0.02593301887669257
2.5 2.75 67 68 24.31107804945862 0.02316587764043395
2.5 2.75 68 69 23.4740888363503 0.02058023895447798
2.5 2.75 69 70 22.64218185455806 0.03347054153641718
2.5 2.75 70 71 21.85104371161194 0.02513172911746168
2.5 2.75 71 72 21.06241462257599 0.009071227425196953
2.5 2.75 72 73 20.28692517766179 0.00978219404614772
2.5 2.75 73 74 19.52491081511793 0.01874417168690498
2.5 2.75 74 75 18.7769688319606 0.02491078164909164
2.5 2.75 75 76 18.04333481371575 0.02943744173344224
2.5 2.75 76 77 17.32446751118562 0.0330134616011464
2.5 2.75 77 78 16.62498377599353 0.01761540232841998
2.5 2.75 78 79 15.93668492480638 0.01887946447565363
2.5 2.75 79 80 15.2621696547167 0.003636133256966604
2.5 2.75 80 81 14.60702854095187 0.002614768051775674
2.5 2.75 81 82 13.96876923398341 0.00150623735111371
2.5 2.75 82 83 13.34759259382864 0.0006973147109135625
2.5 2.75 83 84 12.74369716954071 0.0007699084592852573
2.5 2.75 84 85 12.15725801079437 0.0008425953533172082
2.5 2.75 85 86 11.58840126699963 0.0009679264846937414
2.5 2.75 86 87 11.03720516657281 0.001004161615813775
2.5 2.75 87 88 10.5036917640427 0.001030315137719623
2.5 2.75 88 89 9.98782496220457 0.001082414305892634
2.5 2.75 89 90 9.489553073665414 0.001127640377137212
2.5 2.75 90 91 9.008788049662423 0.001165491028351074
2.5 2.75 91 92 8.545403035907546 0.001197006335894872
2.5 2.75 92 93 8.099120896741169 0.007498116622005164
2.5 2.75 93 94 7.670034034449714 0.006053658189509448
2.5 2.75 94 95 7.258174349625618 0.01054719428474528
2.5 2.75 95 96 6.862365797755549 0.008229184262879668
2.5 2.75 96 97 6.482839048501832 0.006134275290287342
2.5 2.75 97 98 6.119296651549355 0.004267220215582804
2.5 2.75 98 99 5.771419865872297 0.002645764307638191
2.5 2.75 99 100 5.438870831250443 0.001372568363197474
2.75 3 50 51 43.05479400412888 0.08130705079772431
2.75 3 51 52 41.50777065364666 0.08071640964968696
2.75 3 52 53 40.01918684402312 0.07787573819588664
2.75 3 53 54 38.5870929793531 0.07311219577219169
2.75 3 54 55 37.20953998195139 0.0667295696878083
2.75 3 55 56 35.88448384608513 0.05945363803857234
2.75 3 56 57 34.60954675755066 0.05340526444299657
2.75 3 57 58 33.3827933531134 0.04898182829145656
2.75 3 58 59 32.20247125206083 0.04598687433896615
2.75 3 59 60 31.06685790409358 0.04421485462615717
2.75 3 60 61 29.97406741300689 0.04256294467504527
2.75 3 61 62 28.92214753826867 0.03966187760202561
2.75 3 62 63 27.90955768734834 0.03566386517565267
2.75 3 63 64 26.93453379035698 0.03193502719390265
2.75 3 64 65 25.99537432209169 0.02935632294144892
2.75 3 65 66 25.09032310610568 0.0264271405957319
2.75 3 66 67 24.21746465211458 0.02371647681161231
2.75 3 67 68 23.37443951578615 0.02111535584760568
2.75 3 68 69 22.5423413423031 0.04235198388142603
2.75 3 69 70 21.75684090709841 0.03468752741791654
2.75 3 70 71 20.97555322127567 0.0172487302928347
2.75 3 71 72 20.20808606016114 0.006768133454381241
2.75 3 72 73 19.45417270457205 0.01459982581351689
2.75 3 73 74 18.71408531558014 0.02292071468877351
2.75 3 74 75 17.98835023371293 0.028377935064388
2.75 3 75 76 17.27715115644994 0.03228176887459191
2.75 3 76 77 16.58472054773817 0.01631501598600611
2.75 3 77 78 15.90067248864244 0.004383008378596635
2.75 3 78 79 15.23551849660689 0.003747058265724916
2.75 3 79 80 14.5865350564618 0.002964316208166016
2.75 3 80 81 13.95404788510209 0.00219980349602287
2.75 3 81 82 13.33832085629456 0.001701336846936145
2.75 3 82 83 12.73951072514624 0.001593910242659272
2.75 3 83 84 12.15777245564197 0.001579243196847498
2.75 3 84 85 11.59323958748189 0.001605973381388525
2.75 3 85 86 11.04599996315676 0.001653575827661603
2.75 3 86 87 10.51609675647723 0.001633926899122968
2.75 3 87 88 10.00352058859051 0.001563555127220782
2.75 3 88 89 9.508207964917853 0.001537413085811231
2.75 3 89 90 9.030081237690148 0.001529222092090334
2.75 3 90 91 8.569029119906494 0.001519019521333671
2.75 3 91 92 8.124904382814519 0.00150701869312606
2.75 3 92 93 7.69752971496508 0.001492656791010969
2.75 3 93 94 7.286698525946267 0.001475775589342269
2.75 3 94 95 6.892159584717088 0.004478540786124792
2.75 3 95 96 6.514154805337934 0.008529202361451793
2.75 3 96 97 6.151401791012133 0.006604448400035714
2.75 3 97 98 5.804109409595222 0.004890038228506649
2.75 3 98 99 5.471954626269616 0.003399576144260684
2.75 3 99 100 5.154597154727025 0.002229506974625014
3 3.25 50 51 40.76235956337572 0.07559522749517661
3 3.25 51 52 39.25162317222178 0.07497907197660432
3 3.25 52 53 37.80089820535621 0.07230934883678922
3 3.25 53 54 36.40790015932633 0.06789182423437248
3 3.25 54 55 35.07038927809344 0.06200981137887675
3 3.25 55 56 33.78607185535741 0.05532203702125826
3 3.25 56 57 32.5523627578299 0.04972800338981764
3 3.25 57 58 31.36714015618253 0.04558008347260645
3 3.25 58 59 30.22848754146769 0.0426997374057954
3 3.25 59 60 29.13454137646713 0.04090132857757375
3 3.25 60 61 28.08330115330205 0.03921849552587113
3 3.25 61 62 27.07272553480016 0.03645867397145314
3 3.25 62 63 26.10118282923622 0.03276020714638576
3 3.25 63 64 25.16684657344572 0.02930464643332695
3 3.25 64 65 24.26796351988016 0.02684949706851605
3 3.25 65 66 23.40274542601808 0.02411117813565973
3 3.25 66 67 22.56926898069836 0.02157455281812632
3 3.25 67 68 21.76520712577995 0.01914747871022982
3 3.25 68 69 20.97304346171792 0.03584448487733068
3 3.25 69 70 20.21644536343515 0.02000772290539573
3 3.25 70 71 19.48276442316488 0.01327644220286008
3 3.25 71 72 18.75475686600208 0.008032957181729417
3 3.25 72 73 18.0406274080005 0.01666187360806451
3 3.25 73 74 17.34056926861797 0.02423256121990035
3 3.25 74 75 16.66014041806023 0.0120198362897096
3 3.25 75 76 15.9880975682861 0.01375467410039938
3 3.25 76 77 15.32886675696588 0.004170155981180122
3 3.25 77 78 14.68806037181745 0.003628501806295911
3 3.25 78 79 14.06290077069305 0.003023420508809105
3 3.25 79 80 13.45366836844488 0.002315926267285477
3 3.25 80 81 12.86061382281758 0.001634221892094768
3 3.25 81 82 12.28393175942627 0.001274888437620451
3 3.25 82 83 11.72372032608491 0.001285554398555927
3 3.25 83 84 11.14733751390562 0.01174144650627076
3 3.25 84 85 10.62217430651883 0.001554661302741712
3 3.25 85 86 10.11388098368732 0.005356253645986886
3 3.25 86 87 9.622386242851789 0.008198098249341
3 3.25 87 88 9.147605866518218 0.008166223743757259
3 3.25 88 89 8.689443766090752 0.005783764648935511
3 3.25 89 90 8.247745812219508 0.001676467500290362
3 3.25 90 91 7.822308998876652 0.004375312654328663
3 3.25 91 92 7.428021298177308 0.001340745909118182
3 3.25 92 93 7.032219192128617 0.001332478899073932
3 3.25 93 94 6.652092368282179 0.001320780718809769
3 3.25 94 95 6.287391321370983 0.001305767625430969
3 3.25 95 96 5.937791519044267 0.003026316953112167
3 3.25 96 97 5.603152390720626 0.002299232692640493
3 3.25 97 98 5.283420065040731 0.005556757937444325
3 3.25 98 99 4.977466926068109 0.004227566120022316
3 3.25 99 100 4.685399212560307 0.003135192595534567
3.25 3.5 50 51 36.80945222487908 0.06863325590776621
3.25 3.5 51 52 35.39295837141314 0.06804638060685561
3.25 3.5 52 53 34.0357896417532 0.06563768385116919
3.25 3.5 53 54 32.73541607408939 0.06168600925125842
3.25 3.5 54 55 31.48939437042165 0.05644907539009589
3.25 3.5 55 56 30.29526823526864 0.05050485915156661
3.25 3.5 56 57 29.15033799644984 0.04548956287547025
3.25 3.5 57 58 28.05237610225737 0.04170326631618562
3.25 3.5 58 59 26.99937649444777 0.03899000792257315
3.25 3.5 59 60 25.98940670299866 0.03718893272397793
3.25 3.5 60 61 25.02042761028856 0.03549493137584184
3.25 3.5 61 62 24.09038539696392 0.03292273434216091
3.25 3.5 62 63 23.19762006288857 0.02959346109242317
3.25 3.5 63 64 22.34031237820174 0.02647266130390494
3.25 3.5 64 65 21.51672428275774 0.02417460601407758
3.25 3.5 65 66 20.7251041791399 0.02166889425550462
3.25 3.5 66 67 19.96359552390236 0.01934243957031199
3.25 3.5 67 68 19.22999612677277 0.01712310216883233
3.25 3.5 68 69 18.52090959927509 0.0150569556588257
3.25 3.5 69 70 17.82016760640566 0.01775003067574912
3.25 3.5 70 71 17.15355617766208 0.01028027320549075
3.25 3.5 71 72 16.49393610025535 0.007284085113309352
3.25 3.5 72 73 15.84808609780577 0.01592562108915879
3.25 3.5 73 74 15.2219611069551 0.009561380862255602
3.25 3.5 74 75 14.60294774747738 0.01130493800409517
3.25 3.5 75 76 13.9955127508694 0.01064063692343381
3.25 3.5 76 77 13.40616758790769 0.008805576317893476
3.25 3.5 77 78 12.83163435395763 0.007143864910084992
3.25 3.5 78 79 12.27205377320009 0.005573514267305441
3.25 3.5 79 80 11.72761070675456 0.004081339646765946
3.25 3.5 80 81 11.19846438302329 0.002670005621941902
3.25 3.5 81 82 10.68472615456022 0.001461172987626117
3.25 3.5 82 83 10.15470479674685 0.002306630163351145
3.25 3.5 83 84 9.703591850364752 0.001075098127334675
3.25 3.5 84 85 9.23623518183461 0.001900111655475835
3.25 3.5 85 86 8.784332827942249 0.002735197409916844
3.25 3.5 86 87 8.289434059910112 0.00685328027226229
3.25 3.5 87 88 7.926931936402143 0.001055152422161573
3.25 3.5 88 89 7.520879544645873 0.001030709121410979
3.25 3.5 89 90 7.066525251399915 0.006327966021375594
3.25 3.5 90 91 6.713199887665339 0.001024499671473253
3.25 3.5 91 92 6.392124142547553 0.0009984587479380678
3.25 3.5 92 93 6.045019446873422 0.0009994461695984793
3.25 3.5 93 94 5.71210615164015 0.0009963044449057107
3.25 3.5 94 95 5.384131913432194 0.001635701781782197
3.25 3.5 95 96 5.080205942988553 0.004190701216170499
3.25 3.5 96 97 4.79583612185514 0.000965061414110174
3.25 3.5 97 98 4.516914493573346 0.001371667095992598
3.25 3.5 98 99 4.250776981572757 0.00107554718631513
3.25 3.5 99 100 3.997041987938341 0.0009147584349475224
3.5 3.75 50 51 30.82585034343499 0.05897658398370087
3.5 3.75 51 52 29.58742759565555 0.05851539158981223
3.5 3.75 52 53 28.4036769926858 0.0299736684487333
3.5 3.75 53 54 27.27230143137577 0.02813886269521829
3.5 3.75 54 55 26.18916870395649 0.04889705864723883
3.5 3.75 55 56 25.15464453175748 0.04395998153697483
3.5 3.75 56 57 24.16476694896056 0.03974793432718817
3.5 3.75 57 58 23.21736732921364 0.03649822947941989
3.5 3.75 58 59 22.31049993707141 0.03408361869363269
3.5 3.75 59 60 21.44230512312883 0.03237432770473432
3.5 3.75 60 61 20.61084799367323 0.03075511390305853
3.5 3.75 61 62 19.81420166418031 0.02848246624844779
3.5 3.75 62 63 19.05079537569192 0.02565598263241964
3.5 3.75 63 64 18.31893950799359 0.02299357157512121
3.5 3.75 64 65 17.61702696644184 0.0209467493849403
3.5 3.75 65 66 16.94345695732835 0.01980328648124454
3.5 3.75 66 67 16.29738536108386 0.01673823212848748
3.5 3.75 67 68 15.67518935275787 0.01480952284174352
3.5 3.75 68 69 15.07482620102935 0.01301383016976275
3.5 3.75 69 70 14.49202317178959 0.01134008496003406
3.5 3.75 70 71 13.91490482269271 0.0109773531223475
3.5 3.75 71 72 13.36473126389261 0.004115556838479628
3.5 3.75 72 73 12.82270223465453 0.008078974760649579
3.5 3.75 73 74 12.29348892923973 0.01455048750227889
3.5 3.75 74 75 11.78153782559761 0.007637037794625446
3.5 3.75 75 76 11.27573395651212 0.003782540869215911
3.5 3.75 76 77 10.78529607098041 0.003055082654075073
3.5 3.75 77 78 10.30818045798417 0.002509658606017117
3.5 3.75 78 79 9.844438930489718 0.001976889382865914
3.5 3.75 79 80 9.394156452664648 0.001438863107276756
3.5 3.75 80 81 8.957397591013622 0.0009774476987019116
3.5 3.75 81 82 8.50785317138004 0.005482803261621399
3.5 3.75 82 83 8.133853126158769 0.0008182142460719336
3.5 3.75 83 84 7.72828427361593 0.00086181236611952
3.5 3.75 84 85 7.345499198639875 0.0008793895076440293
3.5 3.75 85 86 6.97606535898751 0.0008933580074033207
3.5 3.75 86 87 6.619880019508107 0.0009035269223543132
3.5 3.75 87 88 6.276810752587233 0.0009090446714571214
3.5 3.75 88 89 5.946695647483166 0.0009121344219089055
3.5 3.75 89 90 5.629364289002021 0.0009116978117919932
3.5 3.75 90 91 5.327212944556191 0.001174952292344921
3.5 3.75 91 92 5.032279129278005 0.0009008139399343803
3.5 3.75 92 93 4.752094102956085 0.0008908480434588773
3.5 3.75 93 94 4.483834535191483 0.0008781144063410503
3.5 3.75 94 95 4.227159237955012 0.0008164564858679709
3.5 3.75 95 96 3.981953626006513 0.0007980161442979347
3.5 3.75 96 97 3.747944912202199 0.0007858984320835185
3.5 3.75 97 98 3.524752556261329 0.0007672863674624276
3.5 3.75 98 99 3.312189462706297 0.0007809663088507231
3.5 3.75 99 100 3.109803834635736 0.0007564520685580827
3.75 4 50 51 22.94389211860137 0.0009230381256602548
3.75 4 51 52 21.97818799423758 0.0009639244117620392
3.75 4 52 53 21.05765559308002 0.001352747913515475
3.75 4 53 54 20.17975255603745 0.001412879768965283
3.75 4 54 55 19.3422656506146 0.00105937406826894
3.75 4 55 56 18.54311979618025 0.0006165861451470624
3.75 4 56 57 17.78022442873398 0.0005945053048313807
3.75 4 57 58 17.05173757303712 0.0005879627533328705
3.75 4 58 59 16.35588656050539 0.0005754495577183263
3.75 4 59 60 15.69096700582159 0.0005717268848408001
3.75 4 60 61 15.05541762468998 0.0005604437755340353
3.75 4 61 62 14.44772191547984 0.0005480692971200478
3.75 4 62 63 13.86644969940017 0.0005424896186558444
3.75 4 63 64 13.31023630407903 0.0005357630530798363
3.75 4 64 65 12.77775578785914 0.0005240956480830201
3.75 4 65 66 12.26770334332675 0.0005041391984606243
3.75 4 66 67 11.7788842374422 0.01394602498882503
3.75 4 67 68 11.30946141144181 0.01238084993959965
3.75 4 68 69 10.85738689553662 0.0109217092132012
3.75 4 69 70 10.41950225447471 0.009562507996855896
3.75 4 70 71 9.993410228935966 0.008307993655696901
3.75 4 71 72 9.578229126076945 0.007147468274786676
3.75 4 72 73 9.167974440173314 0.004697565375460072
3.75 4 73 74 8.776630343722854 0.001841051520915247
3.75 4 74 75 8.39374186951806 0.005990544887855609
3.75 4 75 76 8.024719055755066 0.003962243323534486
3.75 4 76 77 7.661559089509965 0.002853900886040046
3.75 4 77 78 7.310152902290291 0.00234630168720341
3.75 4 78 79 6.969411759849802 0.001879096465088291
3.75 4 79 80 6.63933753807554 0.001443569188240503
3.75 4 80 81 6.319917933837731 0.001042599678309803
3.75 4 81 82 5.994735124082838 0.002610313206656085
3.75 4 82 83 5.712852672576409 0.0006285658989278963
3.75 4 83 84 5.425048689833573 0.0006462343848713187
3.75 4 84 85 5.147602058437774 0.0006470945142198058
3.75 4 85 86 4.880441631656196 0.0006693061922205726
3.75 4 86 87 4.623345561770743 0.0006836596353655819
3.75 4 87 88 4.375822576523031 0.0007911355989582131
3.75 4 88 89 4.139163572809956 0.0006766057270455991
3.75 4 89 90 3.911625367157174 0.0006729889351432521
3.75 4 90 91 3.693575156888523 0.0006666248923105082
3.75 4 91 92 3.484822507830852 0.0006578084252294322
3.75 4 92 93 3.285167413539326 0.0006467393203709832
3.75 4 93 94 3.094400975808261 0.000633645825657452
3.75 4 94 95 2.91230628280149 0.0006215494292932521
3.75 4 95 96 2.738659461575388 0.0002963699383612044
3.75 4 96 97 2.573230618406996 0.0002830004593451873
3.75 4 97 98 2.415784921638167 0.0002715846246213325
3.75 4 98 99 2.266083478486756 0.000262306376579467
3.75 4 99 100 2.123885965319555 0.0002244774439088906
4 5 50 51 18.95292840761877 0.01692180353526093
4 5 51 52 18.05308448352122 0.01628911804021572
4 5 52 53 17.19934959736264 0.01585235646523834
4 5 53 54 16.38903278773047 0.01529660326010067
4 5 54 55 15.61952931090277 0.01473389303228704
4 5 55 56 14.88840834933585 0.01430080143596019
4 5 56 57 14.18712357202895 0.006495606742186053
4 5 57 58 13.52661039585271 0.006278618467468629
4 5 58 59 12.89834067307076 0.006071699711510924
4 5 59 60 12.30054608640982 0.00587332241747219
4 5 60 61 11.73155182004769 0.005683237868372801
4 5 61 62 11.18979876221358 0.005500794550684405
4 5 62 63 10.67381178279084 0.005325451004121292
4 5 63 64 10.18219673916722 0.005157246617012549
4 5 64 65 9.715753340014667 0.004931998313438559
4 5 65 66 9.268148751101611 0.004777613564667573
4 5 66 67 8.841923238990294 0.004621678999777774
4 5 67 68 8.434760538439749 0.004479627111441886
4 5 68 69 8.046575098549585 0.002250137749808657
4 5 69 70 7.671480977050096 0.002110351536052688
4 5 70 71 7.309317367999581 0.002132659552011298
4 5 71 72 6.959293029881891 0.002285364171436509
4 5 72 73 6.620417829647629 0.002000413907270685
4 5 73 74 6.293800692917453 0.001926349236337839
4 5 74 75 5.977726293392205 0.001066414838706495
4 5 75 76 5.673848717157004 0.001024870003228726
4 5 76 77 5.38110279981968 0.000984047740630367
4 5 77 78 5.09894369675959 0.000657234313364109
4 5 78 79 4.827822229366446 0.0005382674548196385
4 5 79 80 4.567589906433233 0.0004839897924285652
4 5 80 81 4.317816239978247 0.0004682563768556358
4 5 81 82 4.075425521955575 0.002641731098237247
4 5 82 83 3.846216926625157 0.0004911014581245767
4 5 83 84 3.629661403468726 0.002563858706025549
4 5 84 85 3.41964823968512 0.002333771642673086
4 5 85 86 3.219041736588377 0.002065818127048396
4 5 86 87 3.028129278339826 0.001951482704691609
4 5 87 88 2.845601973434593 0.001705367516443017
4 5 88 89 2.671755994914075 0.001473962307415628
4 5 89 90 2.506340559213065 0.00126151034659674
4 5 90 91 2.334143891865938 0.002176028379979761
4 5 91 92 2.198984869435915 0.001655733830594234
4 5 92 93 2.057368740461264 0.001530605777230976
4 5 93 94 1.923151754661583 0.001448466137952302
4 5 94 95 1.796073591062016 0.001369473458056293
4 5 95 96 1.675874300550092 0.001294977365800103
4 5 96 97 1.562295005347345 0.001251910157270689
4 5 97 98 1.455078555907803 0.001219447333352769
4 5 98 99 1.353970144809854 0.001193508784866939
4 5 99 100 1.258717877602895 0.001170650782617666
-5 5 50 100 32133.61733337759 1.715529418461347
