#ylo yhi qTlo qThi PDF0  uncertainty
-5 -4 0 1 2493.41726300518 0.2829908192768186
-5 -4 1 2 -3630.765243296993 0.3980615254386768
-5 -4 2 3 -9765.998966606756 0.2848715488360865
-5 -4 3 4 4018.865439386008 0.4513165063152316
-5 -4 4 5 1262.269769440908 0.1386203375552811
-5 -4 5 6 -3605.181478776807 0.1277975412670357
-5 -4 6 7 -283.1201885627797 0.06972155918444117
-5 -4 7 8 476.8578200899476 0.9290266532661765
-5 -4 8 9 -51.76441508093171 0.4829146681096907
-5 -4 9 10 -123.3499108332351 0.3344732382373204
-5 -4 10 11 -12.63442652470064 0.2365122040286179
-5 -4 11 12 33.92051539314457 0.4256361173217724
-5 -4 12 13 39.20669340063876 0.2319103820238797
-5 -4 13 14 82.41935991820912 0.3931130159025978
-5 -4 14 15 30.44872620032015 0.3909601120803317
-5 -4 15 16 79.07704863326177 0.145929592150906
-5 -4 16 17 59.07070346178767 0.3314760002400964
-5 -4 17 18 48.43908384303995 0.1837875296359838
-5 -4 18 19 70.3763076218022 0.06493619997937175
-5 -4 19 20 52.93863640784571 0.1325062854644392
-5 -4 20 21 57.943499779364 0.06319212196499931
-5 -4 21 22 54.29424849856443 0.05715565681522815
-5 -4 22 23 57.85148681245664 0.1638812348049911
-5 -4 23 24 52.65545770630234 0.166190593712736
-5 -4 24 25 40.65170782921393 0.1284823400332786
-5 -4 25 26 48.69057550742025 0.1080030373522182
-5 -4 26 27 53.71909085693048 0.08018172591005057
-5 -4 27 28 36.41302023799085 0.05120237474799728
-5 -4 28 29 36.44193333539357 0.08789883292061063
-5 -4 29 30 42.34311701813411 0.02779797155340306
-5 -4 30 31 40.89784989609574 0.04120826600593591
-5 -4 31 32 31.95314758774721 0.04598193371573727
-5 -4 32 33 32.11213613769003 0.08446395076621296
-5 -4 33 34 32.73229205993746 0.05155190985546378
-5 -4 34 35 30.59690173557938 0.05830341017700347
-5 -4 35 36 29.07671198774356 0.03355996658525004
-5 -4 36 37 27.68878411351297 0.03205345153701855
-5 -4 37 38 26.37764437047686 0.03183938661062036
-5 -4 38 39 25.14483297029864 0.03104937711132783
-5 -4 39 40 23.98060500031011 0.02927825156016354
-5 -4 40 41 22.87400111644774 0.02711482111541976
-5 -4 41 42 21.81849235972825 0.02522516225988577
-5 -4 42 43 20.81203221325421 0.02388528912721865
-5 -4 43 44 19.85456601811573 0.02300986753564058
-5 -4 44 45 18.94579854986958 0.02236225621805625
-5 -4 45 46 18.18372660161084 0.02939510257003283
-5 -4 46 47 17.23888655378991 0.01139936444814131
-5 -4 47 48 16.38234817190911 0.03149928519397246
-5 -4 48 49 15.74711981175113 0.0284881725530379
-5 -4 49 50 15.05078296784494 0.02471522993209902
-4 -3.75 0 1 1061.166823475727 0.09947403616408593
-4 -3.75 1 2 -2452.933861893772 0.8370072865323074
-4 -3.75 2 3 -2464.208551939245 1.129752204867388
-4 -3.75 3 4 -1649.507735892395 1.007678764347222
-4 -3.75 4 5 -1073.215571164036 0.8882560409037373
-4 -3.75 5 6 -700.4264190345693 0.7854414110151589
-4 -3.75 6 7 -459.3530322764414 0.6976203940494573
-4 -3.75 7 8 -300.776416353036 0.6225651557633231
-4 -3.75 8 9 -194.3614164768076 0.5577703881678614
-4 -3.75 9 10 -121.6106422516352 0.5020929833937071
-4 -3.75 10 11 -71.12803671796041 0.4537639362168086
-4 -3.75 11 12 -35.69061237428548 0.4116980343053659
-4 -3.75 12 13 -10.64102099431705 0.6640595559959823
-4 -3.75 13 14 7.152448780215082 0.5291695368015342
-4 -3.75 14 15 19.76726711563572 0.4231046911305859
-4 -3.75 15 16 28.64942034200249 0.3398010867744134
-4 -3.75 16 17 34.81347989503331 0.2750345330260025
-4 -3.75 17 18 38.98209164488577 0.2455944820956268
-4 -3.75 18 19 41.6768206521574 0.2272866177147246
-4 -3.75 19 20 43.27848097324141 0.2107569251263032
-4 -3.75 20 21 44.06793191356593 0.1957819064795048
-4 -3.75 21 22 44.25412492525311 0.1821721062629769
-4 -3.75 22 23 43.99367601553701 0.1697664884149253
-4 -3.75 23 24 43.40471084046993 0.1584275737105962
-4 -3.75 24 25 42.57678053225871 0.149795074625835
-4 -3.75 25 26 41.57804419677089 0.1541861617463243
-4 -3.75 26 27 40.46052555543793 0.1586623732231401
-4 -3.75 27 28 39.26399650659712 0.1628747390422485
-4 -3.75 28 29 38.01887107454212 0.1666419683321343
-4 -3.75 29 30 36.75162076905144 0.1070925639765682
-4 -3.75 30 31 35.47320321932253 0.1006632885276074
-4 -3.75 31 32 34.20053081505822 0.09469026080389115
-4 -3.75 32 33 32.94367347706253 0.0891327243467014
-4 -3.75 33 34 31.71011084512993 0.08395442857394469
-4 -3.75 34 35 30.50530389467815 0.07912303563525479
-4 -3.75 35 36 29.33313929211951 0.07460961846320718
-4 -3.75 36 37 28.19627617237489 0.07038823272768127
-4 -3.75 37 38 27.09641770504732 0.06643555033547546
-4 -3.75 38 39 26.03452439299731 0.06273054505201719
-4 -3.75 39 40 25.01098200475776 0.05925422095728135
-4 -3.75 40 41 24.02573409865245 0.05598937869633863
-4 -3.75 41 42 23.0783867017047 0.0529204118293093
-4 -3.75 42 43 22.16829111966642 0.05003313079201151
-4 -3.75 43 44 21.29460944914373 0.04731460889968442
-4 -3.75 44 45 20.45636639113717 0.04475304804092749
-4 -3.75 45 46 19.65202745014692 0.04268894040692035
-4 -3.75 46 47 18.88128421024291 0.04238176549610481
-4 -3.75 47 48 18.1425010039014 0.04381759706350178
-4 -3.75 48 49 17.43449240209829 0.04662391959202608
-4 -3.75 49 50 16.75592435749112 0.04961184486035632
-3.75 -3.5 0 1 2300.395281788974 1.000021446450615
-3.75 -3.5 1 2 -2163.584145056643 0.6913340100956941
-3.75 -3.5 2 3 -3086.945875534156 1.32837762916425
-3.75 -3.5 3 4 -2213.711580465862 1.237465590300138
-3.75 -3.5 4 5 -1506.104011730765 1.100832408278331
-3.75 -3.5 5 6 -1022.845406693198 0.9742730149070845
-3.75 -3.5 6 7 -699.2333926836177 0.8644258912865196
-3.75 -3.5 7 8 -480.3470096557378 0.7705039894170523
-3.75 -3.5 8 9 -329.7542583558629 0.6896472045198002
-3.75 -3.5 9 10 -224.3059543164511 0.6204166425390177
-3.75 -3.5 10 11 -149.3409321711154 0.560522012150044
-3.75 -3.5 11 12 -95.35368326680191 0.5084861157377649
-3.75 -3.5 12 13 -56.08004107257648 0.4630184838372953
-3.75 -3.5 13 14 -27.30161948499415 0.4230668908212186
-3.75 -3.5 14 15 -6.121226250151835 0.3877744058953866
-3.75 -3.5 15 16 9.48735879249557 0.3564411829215461
-3.75 -3.5 16 17 20.96469908254687 0.3284929251916472
-3.75 -3.5 17 18 29.35018926698422 0.3034557209433006
-3.75 -3.5 18 19 35.40370519485555 0.2809361668851327
-3.75 -3.5 19 20 39.68731647955133 0.2606057035601984
-3.75 -3.5 20 21 42.62112447214764 0.2421882672264073
-3.75 -3.5 21 22 44.52202765797148 0.2254505425990518
-3.75 -3.5 22 23 45.63102815892415 0.2101942344197669
-3.75 -3.5 23 24 46.13272403945751 0.1962499094873871
-3.75 -3.5 24 25 46.16939432253315 0.1834720603080605
-3.75 -3.5 25 26 45.85129111832947 0.1717351246131167
-3.75 -3.5 26 27 45.26423786877422 0.1609302578542647
-3.75 -3.5 27 28 44.47529198028377 0.1509627003134801
-3.75 -3.5 28 29 43.53700178444251 0.1417496190038141
-3.75 -3.5 29 30 42.49063243923214 0.1332183270670132
-3.75 -3.5 30 31 41.3686286320856 0.1253048092134748
-3.75 -3.5 31 32 40.19650747864856 0.1179524920763657
-3.75 -3.5 32 33 38.99432261216768 0.1111112158216468
-3.75 -3.5 33 34 37.77780318466668 0.1047363689778216
-3.75 -3.5 34 35 36.55924470031493 0.09878815721193621
-3.75 -3.5 35 36 35.34820918374842 0.09323098400638535
-3.75 -3.5 36 37 34.15207796526991 0.08803292249062911
-3.75 -3.5 37 38 32.97648992152 0.08316526405499024
-3.75 -3.5 38 39 31.82569021160239 0.07860213159565957
-3.75 -3.5 39 40 30.70280870907573 0.0743201457781088
-3.75 -3.5 40 41 29.61008304754849 0.07029813711020558
-3.75 -3.5 41 42 28.54903769428988 0.06651689669143378
-3.75 -3.5 42 43 27.52062814354473 0.06295895891405676
-3.75 -3.5 43 44 26.52535721474156 0.05960841257086399
-3.75 -3.5 44 45 25.56336902601061 0.05645073558070797
-3.75 -3.5 45 46 24.63390003721941 0.05390053397353936
-3.75 -3.5 46 47 23.73775205136246 0.05349839510352927
-3.75 -3.5 47 48 22.87376580761911 0.05524330287547984
-3.75 -3.5 48 49 22.04128498699633 0.05869486187666512
-3.75 -3.5 49 50 21.23941432603085 0.06236494275298516
-3.5 -3.25 0 1 3643.877729097073 1.894565804661919
-3.5 -3.25 1 2 -1424.724648056296 0.4447632764364676
-3.5 -3.25 2 3 -3453.836348207942 1.395597498217822
-3.5 -3.25 3 4 -2632.971494117221 1.353630698711772
-3.5 -3.25 4 5 -1855.632257715686 1.218905589177312
-3.5 -3.25 5 6 -1297.601391503063 1.084080272534401
-3.5 -3.25 6 7 -912.7446323449667 0.9643754083422866
-3.5 -3.25 7 8 -646.5623730052021 0.8608878917717668
-3.5 -3.25 8 9 -459.8966506452905 0.7716546696895993
-3.5 -3.25 9 10 -326.8607163436268 0.6950364939004355
-3.5 -3.25 10 11 -230.6407931730698 0.6286566633412187
-3.5 -3.25 11 12 -160.1243104799144 0.5709246977187095
-3.5 -3.25 12 13 -107.8752803358466 0.5204325859000365
-3.5 -3.25 13 14 -68.82031173316432 0.4760274679207647
-3.5 -3.25 14 15 -39.43427683978962 0.4367682579976412
-3.5 -3.25 15 16 -17.2253784584376 0.4018853415892311
-3.5 -3.25 16 17 -0.4041989571916247 0.3707466475146236
-3.5 -3.25 17 18 12.33284543629884 0.3428302429909951
-3.5 -3.25 18 19 21.94777236964944 0.3177025808321958
-3.5 -3.25 19 20 29.15883407559443 0.2950013429478812
-3.5 -3.25 20 21 34.50791205199255 0.2744219159241979
-3.5 -3.25 21 22 38.40767119779116 0.2557067054998244
-3.5 -3.25 22 23 41.17501974573293 0.2386366562229016
-3.5 -3.25 23 24 43.05516169071581 0.2230244888316976
-3.5 -3.25 24 25 44.23909455234445 0.2087092774886708
-3.5 -3.25 25 26 44.87647950594021 0.1955520765076298
-3.5 -3.25 26 27 45.08520433224754 0.1834323720213692
-3.5 -3.25 27 28 44.95855586903122 0.1722451881760796
-3.5 -3.25 28 29 44.5706463528702 0.1618987121563356
-3.5 -3.25 29 30 43.98055171025334 0.1523123351584133
-3.5 -3.25 30 31 43.23549109117118 0.1434150283676347
-3.5 -3.25 31 32 42.37328662711582 0.1351439887247278
-3.5 -3.25 32 33 41.42427854173144 0.127443505612986
-3.5 -3.25 33 34 40.41282508070412 0.1202640067379591
-3.5 -3.25 34 35 39.35848375247119 0.1135612519983423
-3.5 -3.25 35 36 38.27694636336608 0.1072956500072122
-3.5 -3.25 36 37 37.18078267296607 0.1014316748093443
-3.5 -3.25 37 38 36.08003446168303 0.0959373680496084
-3.5 -3.25 38 39 34.98269203872857 0.09078391069548157
-3.5 -3.25 39 40 33.89507786553438 0.08594525533976378
-3.5 -3.25 40 41 32.8221565572336 0.08139780683265078
-3.5 -3.25 41 42 31.76778607615395 0.07712014704919114
-3.5 -3.25 42 43 30.73492198259186 0.07309279442653117
-3.5 -3.25 43 44 29.72578388530289 0.06929799459662256
-3.5 -3.25 44 45 28.74199144475881 0.065719537593701
-3.5 -3.25 45 46 27.78392297795571 0.06283049584660877
-3.5 -3.25 46 47 26.85374054950725 0.06239327363430384
-3.5 -3.25 47 48 25.95109515496019 0.06442038130150027
-3.5 -3.25 48 49 25.07614026796053 0.06842122594940866
-3.5 -3.25 49 50 24.22868956260221 0.0726690721862514
-3.25 -3 0 1 4943.186577105996 1.637114918252273
-3.25 -3 1 2 -440.7259867952032 0.4115615464888366
-3.25 -3 2 3 -3608.348083696806 1.411784528133348
-3.25 -3 3 4 -2913.229731252471 1.412040766857089
-3.25 -3 4 5 -2115.712724577161 1.283304754293373
-3.25 -3 5 6 -1514.560962481995 1.14575749029663
-3.25 -3 6 7 -1088.802731583345 1.021282718035333
-3.25 -3 7 8 -788.6413544618035 0.9128577751189398
-3.25 -3 8 9 -574.7932415378486 0.8190397629707068
-3.25 -3 9 10 -420.2128794288692 0.7383559957712135
-3.25 -3 10 11 -306.9039172113885 0.6683746071546164
-3.25 -3 11 12 -222.7600891320401 0.6074641404024422
-3.25 -3 12 13 -159.5695983028049 0.5541595372712572
-3.25 -3 13 14 -111.6658171296642 0.5072556424789478
-3.25 -3 14 15 -75.07237758424071 0.4657662880515071
-3.25 -3 15 16 -46.95344295450673 0.4288838903723132
-3.25 -3 16 17 -25.25574744957385 0.3959446464800694
-3.25 -3 17 18 -8.471854232015971 0.3664001233322787
-3.25 -3 18 19 4.51901499380574 0.3397945828424284
-3.25 -3 19 20 14.55975196612951 0.315747043944345
-3.25 -3 20 21 22.29085858461747 0.2939371149248881
-3.25 -3 21 22 28.20361918913534 0.2740937907531246
-3.25 -3 22 23 32.67806301805422 0.2559865544629177
-3.25 -3 23 24 36.01041154216227 0.2394182798252577
-3.25 -3 24 25 38.43315648629925 0.2242195387618198
-3.25 -3 25 26 40.12990657228761 0.2102440083364029
-3.25 -3 26 27 41.246476329355 0.1973647446277998
-3.25 -3 27 28 41.89924517073052 0.1854711429265789
-3.25 -3 28 29 42.18151308660049 0.1744664429254143
-3.25 -3 29 30 42.16837168926128 0.1642656706076238
-3.25 -3 30 31 41.92046519029162 0.1547939310646809
-3.25 -3 31 32 41.48691433152692 0.1459849864305381
-3.25 -3 32 33 40.90760417586478 0.1377800636741975
-3.25 -3 33 34 40.21498488600457 0.1301268521821702
-3.25 -3 34 35 39.43549707718188 0.122978656263758
-3.25 -3 35 36 38.59070589752145 0.1162936761819016
-3.25 -3 36 37 37.69820772846896 0.1100343951442348
-3.25 -3 37 38 36.77235840084046 0.1041670552931621
-3.25 -3 38 39 35.82486053475466 0.09866120739648492
-3.25 -3 39 40 34.86523909232847 0.09348932366252996
-3.25 -3 40 41 33.90122792994839 0.0886264621721225
-3.25 -3 41 42 32.93908494624114 0.0840499766566763
-3.25 -3 42 43 31.98384997170962 0.07973926372789991
-3.25 -3 43 44 31.03955633504356 0.07567554214040839
-3.25 -3 44 45 30.10940494290537 0.0718416604427663
-3.25 -3 45 46 29.19506249359674 0.06875708165071096
-3.25 -3 46 47 28.30009447173998 0.06835983068680687
-3.25 -3 47 48 27.42511443447893 0.07067510324668302
-3.25 -3 48 49 26.57120197343369 0.07517468711875561
-3.25 -3 49 50 25.73899666337707 0.07994581391793555
-3 -2.75 0 1 6119.021003984952 1.478296378765286
-3 -2.75 1 2 606.3377435626198 0.2251604414832742
-3 -2.75 2 3 -3627.348156899352 4.64869929803022
-3 -2.75 3 4 -3088.353818433538 4.556619263083277
-3 -2.75 4 5 -2300.459650672654 3.992001019233146
-3 -2.75 5 6 -1678.166517531127 3.442794244943535
-3 -2.75 6 7 -1226.951070319471 2.977575485020466
-3 -2.75 7 8 -903.6634408787022 0.9323922196526643
-3 -2.75 8 9 -670.3126189846712 0.8379334244805225
-3 -2.75 9 10 -499.7088249751562 0.7565361331932839
-3 -2.75 10 11 -373.3317131256242 0.6858182252827245
-3 -2.75 11 12 -278.5249900344934 0.6241772931153413
-3 -2.75 12 13 -206.6014462611586 0.5701609521840901
-3 -2.75 13 14 -151.5081337569763 0.5225704855225046
-3 -2.75 14 15 -108.9622815255798 0.4804228981961483
-3 -2.75 15 16 -75.88699250180366 0.4429119270419279
-3 -2.75 16 17 -50.03945060300566 0.409373984048297
-3 -2.75 17 18 -29.76269787895762 0.3792601747013421
-3 -2.75 18 19 -13.81741831909846 0.3521138855101014
-3 -2.75 19 20 -1.266193047576394 0.3275530143032671
-3 -2.75 20 21 8.607327302116346 0.3052559133078539
-3 -2.75 21 22 16.35566512740343 0.2849502600234271
-3 -2.75 22 23 22.40859348167362 0.2664042075039041
-3 -2.75 23 24 27.10297802674188 0.2494193192895278
-3 -2.75 24 25 30.704705874708 0.2338248965287305
-3 -2.75 25 26 33.42497139153784 0.2194733982885133
-3 -2.75 26 27 35.43249083730302 0.2062367221483756
-3 -2.75 27 28 36.86274766360805 0.1940031678454656
-3 -2.75 28 29 37.82505005487877 0.1826749432159785
-3 -2.75 29 30 38.40796107698714 0.1721661049418626
-3 -2.75 30 31 38.68350757388049 0.1624008505389548
-3 -2.75 31 32 38.71046489883742 0.153312092242838
-3 -2.75 32 33 38.53693684003088 0.1448402629571933
-3 -2.75 33 34 38.20239411415969 0.1369323102703324
-3 -2.75 34 35 37.73929406474912 0.129540845763712
-3 -2.75 35 36 37.17437435367589 0.1226234229256412
-3 -2.75 36 37 36.5296913072691 0.1161419209250185
-3 -2.75 37 38 35.82345716049758 0.1100620176248738
-3 -2.75 38 39 35.07071804971815 0.1043527370562061
-3 -2.75 39 40 34.28390521660884 0.09898605874739318
-3 -2.75 40 41 33.47328493260619 0.09393658016808105
-3 -2.75 41 42 32.64732689319399 0.08918122409074693
-3 -2.75 42 43 31.81300702157012 0.0846989836630555
-3 -2.75 43 44 30.97605701390549 0.08047069986684627
-3 -2.75 44 45 30.14117064855762 0.076478866978587
-3 -2.75 45 46 29.31126331632092 0.07328237875654206
-3 -2.75 46 47 28.49119966594552 0.07296768967199894
-3 -2.75 47 48 27.68255036669345 0.0755718164297151
-3 -2.75 48 49 26.88730088507143 0.08053595801333847
-3 -2.75 49 50 26.10690478859823 0.08579306312208068
-2.75 -2.5 0 1 7163.853381279054 4.397997204181569
-2.75 -2.5 1 2 1624.781905141163 0.3809828715064889
-2.75 -2.5 2 3 -3571.920788292988 1.780429129673292
-2.75 -2.5 3 4 -3194.23217059491 2.222929096705907
-2.75 -2.5 4 5 -2430.755059232592 2.117982513499753
-2.75 -2.5 5 6 -1800.407314495452 1.915568081074266
-2.75 -2.5 6 7 -1333.811054959609 1.711614681144655
-2.75 -2.5 7 8 -994.8837126736667 1.528357451895898
-2.75 -2.5 8 9 -747.6366098488306 1.368513932207159
-2.75 -2.5 9 10 -565.216818165859 1.230734247570058
-2.75 -2.5 10 11 -428.958720026264 1.111694427627709
-2.75 -2.5 11 12 -325.9293336131288 1.008516973755821
-2.75 -2.5 12 13 -247.1602412394645 0.9186349306832013
-2.75 -2.5 13 14 -186.3511731269932 0.8399060968318232
-2.75 -2.5 14 15 -139.0134062548673 0.7705702086295518
-2.75 -2.5 15 16 -101.9024107431921 0.7091867087700637
-2.75 -2.5 16 17 -72.64013253922576 0.6545751233331308
-2.75 -2.5 17 18 -49.46073294294365 0.6057642755435414
-2.75 -2.5 18 19 -31.03710465002268 0.561950995677724
-2.75 -2.5 19 20 -16.36080438817601 0.5224672100845424
-2.75 -2.5 20 21 -4.657774915034679 0.486753904846716
-2.75 -2.5 21 22 4.671618009310919 0.4543405554031403
-2.75 -2.5 22 23 12.09579867045341 0.42482884069692
-2.75 -2.5 23 24 17.98349914401672 0.3978796987580209
-2.75 -2.5 24 25 22.62700614055279 0.3732029883989038
-2.75 -2.5 25 26 26.25948709561385 0.3505491863251204
-2.75 -2.5 26 27 29.06802945246386 0.3297026819941533
-2.75 -2.5 27 28 31.20354273729311 0.3104763314146191
-2.75 -2.5 28 29 32.78834173773032 0.2927070085115243
-2.75 -2.5 29 30 33.92199939123179 0.2762519511475884
-2.75 -2.5 30 31 34.6858973141222 0.2609857444890905
-2.75 -2.5 31 32 35.14678792352703 0.2467978161907774
-2.75 -2.5 32 33 35.35960062227639 0.2335903477848673
-2.75 -2.5 33 34 35.36966566420853 0.2212765243306053
-2.75 -2.5 34 35 35.21448637037764 0.209779059754324
-2.75 -2.5 35 36 34.92515882358919 0.1990289512504616
-2.75 -2.5 36 37 34.5275147178437 0.1889644204231622
-2.75 -2.5 37 38 34.04304560730975 0.1795300114937877
-2.75 -2.5 38 39 33.48965359330668 0.1706758192746611
-2.75 -2.5 39 40 32.88226347907494 0.1623568258511035
-2.75 -2.5 40 41 32.23332397447388 0.1545323295658154
-2.75 -2.5 41 42 31.55321936120927 0.1471654506708955
-2.75 -2.5 42 43 30.85060894018744 0.140222702751775
-2.75 -2.5 43 44 30.13270768410575 0.1336736201515866
-2.75 -2.5 44 45 29.40551904096492 0.1274904319991247
-2.75 -2.5 45 46 28.67306754021331 0.1218631553517776
-2.75 -2.5 46 47 27.94134725131366 0.1175821067870653
-2.75 -2.5 47 48 27.21279000704192 0.1147610517874498
-2.75 -2.5 48 49 26.49019114189409 0.113349179687997
-2.75 -2.5 49 50 25.77573326370367 0.1125604123846647
-2.5 -2.25 0 1 8098.888290712594 3.05622709663619
-2.5 -2.25 1 2 2577.233814711149 0.292786382992374
-2.5 -2.25 2 3 -3484.164932886466 1.279311071376172
-2.5 -2.25 3 4 -3258.358040788554 1.390482152767021
-2.5 -2.25 4 5 -2523.855053309475 1.296722503280866
-2.5 -2.25 5 6 -1892.149035521214 1.173041449298541
-2.5 -2.25 6 7 -1416.237675372357 1.075986798851903
-2.5 -2.25 7 8 -1066.648085943364 0.9808591979132546
-2.5 -2.25 8 9 -809.4323732959188 0.8926717934285704
-2.5 -2.25 9 10 -618.2854007852548 0.813741685411431
-2.5 -2.25 10 11 -474.5759312404384 0.7434108987495005
-2.5 -2.25 11 12 -365.2457123006611 0.6809864035098211
-2.5 -2.25 12 13 -281.161887926577 0.6255386728168991
-2.5 -2.25 13 14 -215.8655493762915 0.5761724231868742
-2.5 -2.25 14 15 -164.7290012096034 0.5320844949085174
-2.5 -2.25 15 16 -124.390774437858 0.4925764436909826
-2.5 -2.25 16 17 -92.37616533911091 0.4570494057032309
-2.5 -2.25 17 18 -66.84004648115615 0.4249928796619535
-2.5 -2.25 18 19 -46.39039656515092 0.3959723068804574
-2.5 -2.25 19 20 -29.96558049116675 0.3696173975002693
-2.5 -2.25 20 21 -16.74784668864459 0.3456118684018606
-2.5 -2.25 21 22 -6.101548184211083 0.323684709027825
-2.5 -2.25 22 23 2.471533659335819 0.3036028683696861
-2.5 -2.25 23 24 9.364879330898248 0.2851651802609921
-2.5 -2.25 24 25 14.89141613916581 0.2681973350463297
-2.5 -2.25 25 26 19.30159561843027 0.252547718242879
-2.5 -2.25 26 27 22.79703592141152 0.2380839636451934
-2.5 -2.25 27 28 25.54090955953882 0.2246900910410431
-2.5 -2.25 28 29 27.66591908524299 0.2122641223640229
-2.5 -2.25 29 30 29.28046841094806 0.2007160901206675
-2.5 -2.25 30 31 30.47347270271922 0.1899663669289678
-2.5 -2.25 31 32 31.31813259061408 0.179944259696084
-2.5 -2.25 32 33 31.87491446822423 0.1705868216933288
-2.5 -2.25 33 34 32.19391784629266 0.1618378461784296
-2.5 -2.25 34 35 32.31676626259008 0.153647008347528
-2.5 -2.25 35 36 32.27812551983607 0.1459691343203722
-2.5 -2.25 36 37 32.10692863622774 0.1387635732145107
-2.5 -2.25 37 38 31.82736873168034 0.1319936583004244
-2.5 -2.25 38 39 31.45970728831929 0.1256262414304307
-2.5 -2.25 39 40 31.02093474785391 0.1196312906783012
-2.5 -2.25 40 41 30.52531261065019 0.1139815406371189
-2.5 -2.25 41 42 29.98481971522904 0.1086521885729232
-2.5 -2.25 42 43 29.40952108319738 0.1036206290228649
-2.5 -2.25 43 44 28.80787359640004 0.0988662207386458
-2.5 -2.25 44 45 28.18698016707287 0.09437008358901955
-2.5 -2.25 45 46 27.55179940950174 0.09043305300253174
-2.5 -2.25 46 47 26.90927459748156 0.08823188778002636
-2.5 -2.25 47 48 26.26256745904192 0.08790548811424347
-2.5 -2.25 48 49 25.61516089249733 0.08957810153217537
-2.5 -2.25 49 50 24.96985606530245 0.09579911073237304
-2.25 -2 0 1 8943.667565400803 1.79313881590544
-2.25 -2 1 2 3440.365965612115 1.018967597928885
-2.25 -2 2 3 -3413.942966747342 1.214796267421148
-2.25 -2 3 4 -3322.779438316081 1.348790836678734
-2.25 -2 4 5 -2609.913095228985 1.266025749164408
-2.25 -2 5 6 -1973.509611103569 1.15070853371979
-2.25 -2 6 7 -1486.960317287104 1.039138657921683
-2.25 -2 7 8 -1126.458846006448 0.9388699248160964
-2.25 -2 8 9 -859.5874955196323 0.8508046596103153
-2.25 -2 9 10 -660.302825853144 0.773342154169756
-2.25 -2 10 11 -509.8479651419225 0.70549798950436
-2.25 -2 11 12 -394.9531247723744 0.6457954406081344
-2.25 -2 12 13 -306.2755168764033 0.5930393764259431
-2.25 -2 13 14 -237.1750606420042 0.5462144304102905
-2.25 -2 14 15 -182.8752750331466 0.5044694727471156
-2.25 -2 15 16 -139.8948809619201 0.4670939697647675
-2.25 -2 16 17 -105.6633389627391 0.4334944879316749
-2.25 -2 17 18 -78.25889826029675 0.4031740116660838
-2.25 -2 18 19 -56.22811416266791 0.3757146112008605
-2.25 -2 19 20 -38.45990873560277 0.350763242508751
-2.25 -2 20 21 -24.0965387851237 0.3280202233948856
-2.25 -2 21 22 -12.46984582094024 0.3072299218780958
-2.25 -2 22 23 -3.055046148469501 0.2881732238354874
-2.25 -2 23 24 4.563154804626834 0.270661432374366
-2.25 -2 24 25 10.71568282838143 0.2545313079585564
-2.25 -2 25 26 15.66790761464995 0.239641021121201
-2.25 -2 26 27 19.6338661033476 0.2258668331673846
-2.25 -2 27 28 22.78711166882977 0.2131003632392797
-2.25 -2 28 29 25.26905825322206 0.2012463259706691
-2.25 -2 29 30 27.19544739739445 0.1902206515484357
-2.25 -2 30 31 28.66139664369348 0.1799489137948809
-2.25 -2 31 32 29.74536703909706 0.1703650127075247
-2.25 -2 32 33 30.51230079495593 0.1614100635538704
-2.25 -2 33 34 31.01611730593709 0.1530314567728458
-2.25 -2 34 35 31.30170969911023 0.1451820589819179
-2.25 -2 35 36 31.40655014959106 0.1378195319469039
-2.25 -2 36 37 31.36198687793092 0.1309057486672631
-2.25 -2 37 38 31.1942968623336 0.1244062926272675
-2.25 -2 38 39 30.92554394974945 0.1182900248162688
-2.25 -2 39 40 30.57428112420803 0.1125287104386627
-2.25 -2 40 41 30.15612755986018 0.1070966938486534
-2.25 -2 41 42 29.68424429142158 0.1019706166111544
-2.25 -2 42 43 29.16972786860492 0.09712917051684182
-2.25 -2 43 44 28.62193700978071 0.09255288184212167
-2.25 -2 44 45 28.04876457569935 0.08822392197698067
-2.25 -2 45 46 27.45581930710347 0.08481035895145639
-2.25 -2 46 47 26.8507378675196 0.08480845290183417
-2.25 -2 47 48 26.23717498630575 0.08828973808458089
-2.25 -2 48 49 25.61908607022761 0.09461320731151894
-2.25 -2 49 50 24.99969132800669 0.10130875544976
-2 -1.75 0 1 9738.545729962912 1.516738957491133
-2 -1.75 1 2 4266.878858789015 1.578133608968049
-2 -1.75 2 3 -3325.606972150954 2.490713831519423
-2 -1.75 3 4 -3372.620407372528 2.192027281295176
-2 -1.75 4 5 -2690.052579877364 1.856726765138572
-2 -1.75 5 6 -2055.5467230214 1.581699876991039
-2 -1.75 6 7 -1562.596354524307 1.363502588624264
-2 -1.75 7 8 -1193.661408942435 1.189003455059005
-2 -1.75 8 9 -918.4422421661779 1.047776155968279
-2 -1.75 9 10 -711.5874261195577 0.9312188415134793
-2 -1.75 10 11 -554.503914742204 0.8338639107940924
-2 -1.75 11 12 -433.8916573042088 0.7514527755174424
-2 -1.75 12 13 -340.3117651201851 0.6809096164233711
-2 -1.75 13 14 -267.0137477193084 0.6199355670469265
-2 -1.75 14 15 -209.1162200190502 0.5667825839177212
-2 -1.75 15 16 -163.0451877411849 0.5200997493861689
-2 -1.75 16 17 -126.1508367505983 0.4788274134507889
-2 -1.75 17 18 -96.44470489545847 0.4421231069687609
-2 -1.75 18 19 -72.41761806176555 0.4093088171306896
-2 -1.75 19 20 -52.91206677001128 0.3798328484345213
-2 -1.75 20 21 -37.03162361986347 0.3532417984520308
-2 -1.75 21 22 -24.07585169717152 0.3291596672331626
-2 -1.75 22 23 -13.4929689313135 0.3072720699141558
-2 -1.75 23 24 -4.845032635899202 0.2873141592610081
-2 -1.75 24 25 2.217942722107864 0.2690612791896813
-2 -1.75 25 26 7.977420355342929 0.2523216552269857
-2 -1.75 26 27 12.66107214920817 0.2369306228175149
-2 -1.75 27 28 16.45404241691415 0.2227460285150077
-2 -1.75 28 29 19.50763122926776 0.2096445354909992
-2 -1.75 29 30 21.94603965721114 0.1975186317950449
-2 -1.75 30 31 23.87164702800771 0.1862741912346766
-2 -1.75 31 32 25.36916725801177 0.1758284703925925
-2 -1.75 32 33 26.50894281628831 0.1661084545852983
-2 -1.75 33 34 27.34957054557185 0.1570494822723389
-2 -1.75 34 35 27.94000635040709 0.1485940964100786
-2 -1.75 35 36 28.3212608951884 0.140691079182327
-2 -1.75 36 37 28.52777237969991 0.1332946375815909
-2 -1.75 37 38 28.58852298091659 0.1263637122919217
-2 -1.75 38 39 28.52795072320146 0.1198613894368351
-2 -1.75 39 40 28.36669722613772 0.1137543973032954
-2 -1.75 40 41 28.12222334796559 0.1080126743698174
-2 -1.75 41 42 27.8093176829305 0.1026089969547409
-2 -1.75 42 43 27.44051822769626 0.09751865704187337
-2 -1.75 43 44 27.02646299081647 0.09271918323302049
-2 -1.75 44 45 26.57618251161728 0.08819009737202467
-2 -1.75 45 46 26.09627058525544 0.08430112034214383
-2 -1.75 46 47 25.59532348870383 0.08437754804280841
-2 -1.75 47 48 25.07777665208059 0.08831958708454136
-2 -1.75 48 49 24.54831004002213 0.09524850436106209
-2 -1.75 49 50 24.01079118865951 0.102563650875301
-1.75 -1.5 0 1 10469.93233500794 1.465540357333766
-1.75 -1.5 1 2 5048.093291054838 1.249136947909012
-1.75 -1.5 2 3 -3217.022047435483 1.353205141409764
-1.75 -1.5 3 4 -3380.416397894308 1.516436829027981
-1.75 -1.5 4 5 -2721.393950772906 1.42302009664995
-1.75 -1.5 5 6 -2088.89542655628 1.281539288808804
-1.75 -1.5 6 7 -1592.478829539592 1.142669514888356
-1.75 -1.5 7 8 -1219.079160799534 1.018688408150343
-1.75 -1.5 8 9 -939.6800844817858 0.9115359657459094
-1.75 -1.5 9 10 -729.2408924800889 0.819156552591658
-1.75 -1.5 10 11 -569.1725938121313 0.7397272266135188
-1.75 -1.5 11 12 -446.1028841016637 0.6710579685004157
-1.75 -1.5 12 13 -350.5057247424265 0.611346364966235
-1.75 -1.5 13 14 -275.5509619790485 0.5591057046280629
-1.75 -1.5 14 15 -216.2900502162245 0.5131270085608384
-1.75 -1.5 15 16 -169.0941285155168 0.4724298473593931
-1.75 -1.5 16 17 -131.2691012797986 0.4362170238613124
-1.75 -1.5 17 18 -100.7908924499873 0.4038369450860523
-1.75 -1.5 18 19 -76.12166718650906 0.3747536365683118
-1.75 -1.5 19 20 -56.08079160621924 0.3485232414730779
-1.75 -1.5 20 21 -39.75311651649804 0.3247756875698001
-1.75 -1.5 21 22 -26.42299051830128 0.303200382344717
-1.75 -1.5 22 23 -15.52622019238117 0.2835349990282283
-1.75 -1.5 23 24 -6.614700601110826 0.2655566427505432
-1.75 -1.5 24 25 0.6699040419896392 0.2490748475159421
-1.75 -1.5 25 26 6.615941334105173 0.2339259864862919
-1.75 -1.5 26 27 11.45677693562618 0.2199687821767437
-1.75 -1.5 27 28 15.38227818917949 0.207080676127461
-1.75 -1.5 28 29 18.54767382611794 0.1951548752834561
-1.75 -1.5 29 30 21.08044130397616 0.184097933101545
-1.75 -1.5 30 31 23.08569899560666 0.173827758629829
-1.75 -1.5 31 32 24.6504558473016 0.1642719675304083
-1.75 -1.5 32 33 25.84698139344675 0.1553665093686111
-1.75 -1.5 33 34 26.73549376935631 0.1470545188974626
-1.75 -1.5 34 35 27.36631541895167 0.1392853509587054
-1.75 -1.5 35 36 27.78161078050709 0.1320137646724885
-1.75 -1.5 36 37 28.01679371301418 0.1251992318773151
-1.75 -1.5 37 38 28.10167261768214 0.1188053483071415
-1.75 -1.5 38 39 28.06138610629023 0.1127993290268926
-1.75 -1.5 39 40 27.91717054477823 0.1071515773572702
-1.75 -1.5 40 41 27.68699220832764 0.1018353108142043
-1.75 -1.5 41 42 27.38606957319394 0.09682624103073652
-1.75 -1.5 42 43 27.02730654506496 0.09210229339130335
-1.75 -1.5 43 44 26.62165276972678 0.08764336444680611
-1.75 -1.5 44 45 26.17840431300266 0.08343111061701598
-1.75 -1.5 45 46 25.70434089079259 0.08019675135073474
-1.75 -1.5 46 47 25.208331833817 0.0806743645115643
-1.75 -1.5 47 48 24.69493613249327 0.08495920064688113
-1.75 -1.5 48 49 24.16897354613644 0.09236957388519124
-1.75 -1.5 49 50 23.63444112844076 0.1002029700825579
-1.5 -1.25 0 1 11154.95790322746 4.451475009683096
-1.5 -1.25 1 2 5791.901895213179 1.159551371154332
-1.5 -1.25 2 3 -3113.78155452818 1.529463822066498
-1.5 -1.25 3 4 -3399.830900541846 1.429169237297024
-1.5 -1.25 4 5 -2769.901512892218 1.354892496890698
-1.5 -1.25 5 6 -2141.823844797012 1.232171623433708
-1.5 -1.25 6 7 -1642.394752760291 1.109110326733709
-1.5 -1.25 7 8 -1263.904654608603 0.9972421012375783
-1.5 -1.25 8 9 -979.2340996936823 0.8993552651136055
-1.5 -1.25 9 10 -763.871526387768 0.8143558031618583
-1.5 -1.25 10 11 -599.4478072998854 0.7395160214778788
-1.5 -1.25 11 12 -472.5998962553904 0.674476316669691
-1.5 -1.25 12 13 -373.7489537282975 0.6173991255301503
-1.5 -1.25 13 14 -295.9995800396209 0.5670589641680862
-1.5 -1.25 14 15 -234.3380625645509 0.5224366993099148
-1.5 -1.25 15 16 -185.076526249311 0.4826901527597978
-1.5 -1.25 16 17 -145.4696785014328 0.4471234304118035
-1.5 -1.25 17 18 -113.4499347117733 0.4151597652585008
-1.5 -1.25 18 19 -87.44285119111669 0.386318928018895
-1.5 -1.25 19 20 -66.23712340486145 0.3601989448701135
-1.5 -1.25 20 21 -48.89193670472719 0.3364614633091999
-1.5 -1.25 21 22 -34.67014893749297 0.3148200894656181
-1.5 -1.25 22 23 -22.98954088438688 0.2950310775488498
-1.5 -1.25 23 24 -13.38685280238565 0.2768858810427022
-1.5 -1.25 24 25 -5.490973423989885 0.2602051670338379
-1.5 -1.25 25 26 0.9972458045403982 0.2459123170126309
-1.5 -1.25 26 27 6.320329538413716 0.2339352958080929
-1.5 -1.25 27 28 10.67593531792659 0.2227418402464572
-1.5 -1.25 28 29 14.22593788663755 0.212266156126843
-1.5 -1.25 29 30 17.10350154338289 0.2024490868010091
-1.5 -1.25 30 31 19.41862508026691 0.1932373683457859
-1.5 -1.25 31 32 21.26251787026172 0.1845829678992318
-1.5 -1.25 32 33 22.71107481423735 0.1764424993300788
-1.5 -1.25 33 34 23.82765168752974 0.1687767064592715
-1.5 -1.25 34 35 24.66529374104766 0.1615500099257539
-1.5 -1.25 35 36 25.26853440303614 0.1547301064376679
-1.5 -1.25 36 37 25.67485392235744 0.148287617047092
-1.5 -1.25 37 38 25.91586759983369 0.142195777415704
-1.5 -1.25 38 39 26.01829784661658 0.1364301638393756
-1.5 -1.25 39 40 26.00477252244724 0.1309684522419215
-1.5 -1.25 40 41 25.89448322666647 0.1257902052334261
-1.5 -1.25 41 42 25.70372981892496 0.1208766830931557
-1.5 -1.25 42 43 25.4463726149213 0.1162106766235808
-1.5 -1.25 43 44 25.13420890747807 0.1117763586947784
-1.5 -1.25 44 45 24.77728754556983 0.1075591521374116
-1.5 -1.25 45 46 24.38303059395071 0.1038852999003628
-1.5 -1.25 46 47 23.9609503844419 0.1020152546968984
-1.5 -1.25 47 48 23.51611230057455 0.1021316039781581
-1.5 -1.25 48 49 23.05381342743726 0.1041486604750973
-1.5 -1.25 49 50 22.5784687153907 0.1074790678584932
-1.25 -1 0 1 11741.08856469079 3.069872541423029
-1.25 -1 1 2 6411.403812077282 1.461977821506824
-1.25 -1 2 3 -3040.705729441991 1.488967267991919
-1.25 -1 3 4 -3425.145843629031 1.737459734735974
-1.25 -1 4 5 -2814.725426297206 1.636405591626236
-1.25 -1 5 6 -2186.7690652303 1.478436605835131
-1.25 -1 6 7 -1682.434437210821 1.324343318443008
-1.25 -1 7 8 -1298.193483260266 1.18708349789396
-1.25 -1 8 9 -1008.150422673514 1.068480814458039
-1.25 -1 9 10 -788.2370965043488 0.9650643400162235
-1.25 -1 10 11 -619.8906951703812 0.8762965224126658
-1.25 -1 11 12 -489.8014974845041 0.7988807896240654
-1.25 -1 12 13 -388.2557598545422 0.7311640460046598
-1.25 -1 13 14 -308.2641967914128 0.6715860978060817
-1.25 -1 14 15 -244.7326496092132 0.6188739565300175
-1.25 -1 15 16 -193.9066659470243 0.5719895801540998
-1.25 -1 16 17 -152.9866489491612 0.5300834990610598
-1.25 -1 17 18 -119.8609481184042 0.4924567601866514
-1.25 -1 18 19 -92.91937881010767 0.4585306509523047
-1.25 -1 19 20 -70.92159172824631 0.4278228952335173
-1.25 -1 20 21 -52.90309467172392 0.3999289875036623
-1.25 -1 21 22 -38.10737120731073 0.3745075279831963
-1.25 -1 22 23 -25.93628607914843 0.3512686523683901
-1.25 -1 23 24 -15.91345206962251 0.329964853099571
-1.25 -1 24 25 -7.656887767304738 0.3103836535242654
-1.25 -1 25 26 -0.8584092888471559 0.2923417248253019
-1.25 -1 26 27 4.732045786148319 0.2756801313746928
-1.25 -1 27 28 9.318445474619239 0.2602604647650356
-1.25 -1 28 29 13.06796522270452 0.2459616814810111
-1.25 -1 29 30 16.1182360535405 0.2326775010466228
-1.25 -1 30 31 18.58303217751825 0.2203142535156447
-1.25 -1 31 32 20.55676333931956 0.208789089061208
-1.25 -1 32 33 22.11804487180859 0.1980284814248304
-1.25 -1 33 34 23.33255113777659 0.1879669709990495
-1.25 -1 34 35 24.25530848821194 0.1785461034623646
-1.25 -1 35 36 24.93254718235085 0.1697135309592969
-1.25 -1 36 37 25.40320418237616 0.1614222466119028
-1.25 -1 37 38 25.70014813174038 0.1536299303783381
-1.25 -1 38 39 25.85118208833677 0.1462983878522219
-1.25 -1 39 40 25.87986754299925 0.1393930678888537
-1.25 -1 40 41 25.80620427430995 0.1328826442467295
-1.25 -1 41 42 25.64719301538082 0.1267386546666723
-1.25 -1 42 43 25.41730297168675 0.1209351862932706
-1.25 -1 43 44 25.12886130190327 0.1154486006931953
-1.25 -1 44 45 24.79237869049746 0.1102572948922127
-1.25 -1 45 46 24.41565255963832 0.105712930045248
-1.25 -1 46 47 24.00860578003039 0.1032099630253581
-1.25 -1 47 48 23.57658413982369 0.1029747730783154
-1.25 -1 48 49 23.12515462029987 0.1049117531863347
-1.25 -1 49 50 22.65897429738158 0.1130412823231459
-1 -0.75 0 1 12243.40115163239 3.713084123357467
-1 -0.75 1 2 6965.645902125158 1.720210505413171
-1 -0.75 2 3 -2948.50191078898 1.051385169751394
-1 -0.75 3 4 -3420.454904324291 1.296279886508625
-1 -0.75 4 5 -2831.063951715952 1.253151468341793
-1 -0.75 5 6 -2207.234245966885 1.154928281451079
-1 -0.75 6 7 -1702.100230970062 1.052031765381277
-1 -0.75 7 8 -1315.707408139579 0.9568290232522223
-1 -0.75 8 9 -1023.312562564965 0.8715778297060481
-1 -0.75 9 10 -801.2238864808169 0.7957826125090215
-1 -0.75 10 11 -630.9799103449782 0.7293529576714853
-1 -0.75 11 12 -499.270075754825 0.6703420192239818
-1 -0.75 12 13 -396.3554435434849 0.6179311485606296
-1 -0.75 13 14 -315.2120079464755 0.5712002028178769
-1 -0.75 14 15 -250.7118879834331 0.5293648808316125
-1 -0.75 15 16 -199.0707492147731 0.4917629856730065
-1 -0.75 16 17 -157.4635318173159 0.4578367837843919
-1 -0.75 17 18 -123.757277292485 0.4271160246157365
-1 -0.75 18 19 -96.3241168297443 0.3992030673967567
-1 -0.75 19 20 -73.90907226203876 0.3737603746430113
-1 -0.75 20 21 -55.53555699128947 0.350500186932704
-1 -0.75 21 22 -40.43704671716523 0.3291760780991999
-1 -0.75 22 23 -28.00711085607531 0.309576059068527
-1 -0.75 23 24 -17.76247171817317 0.2915169520913339
-1 -0.75 24 25 -9.315410898818413 0.2748397892243318
-1 -0.75 25 26 -2.352956214111373 0.2594060365755314
-1 -0.75 26 27 3.378961118734651 0.245094485070668
-1 -0.75 27 28 8.087669447640337 0.2317986798372909
-1 -0.75 28 29 11.94316947312916 0.2194247837841425
-1 -0.75 29 30 15.08547317358352 0.2078897964254217
-1 -0.75 30 31 17.63036586233477 0.1971200611731516
-1 -0.75 31 32 19.67395974358089 0.1870500087840269
-1 -0.75 32 33 21.29631441907645 0.1776210958074353
-1 -0.75 33 34 22.56433202141579 0.1687809041067612
-1 -0.75 34 35 23.53408471371483 0.1604823724506974
-1 -0.75 35 36 24.25269529454056 0.1526831415505278
-1 -0.75 36 37 24.7598638743371 0.1453449900329784
-1 -0.75 37 38 25.08911278054325 0.138433349230188
-1 -0.75 38 39 25.26880595866322 0.1319168849229313
-1 -0.75 39 40 25.32298696107836 0.125767133226501
-1 -0.75 40 41 25.272070540578 0.1199581843676198
-1 -0.75 41 42 25.13341519396988 0.1144664083785418
-1 -0.75 42 43 24.92179902069688 0.1092702124644398
-1 -0.75 43 44 24.64981624532999 0.1043498308639933
-1 -0.75 44 45 24.32820876089374 0.09968713861884544
-1 -0.75 45 46 23.96494992399255 0.09610073909468846
-1 -0.75 46 47 23.57018307644199 0.09665090447057777
-1 -0.75 47 48 23.14938032457934 0.1014550036440221
-1 -0.75 48 49 22.70823963761802 0.1097572196174733
-1 -0.75 49 50 22.25152768228295 0.1185433821540459
-0.75 -0.5 0 1 12638.18681468008 5.159154869984405
-0.75 -0.5 1 2 7400.151886831019 1.383109602887189
-0.75 -0.5 2 3 -2882.571226065245 1.058185145844317
-0.75 -0.5 3 4 -3425.352303271153 1.309733609276964
-0.75 -0.5 4 5 -2853.097744159555 1.267499457809544
-0.75 -0.5 5 6 -2232.310166967134 1.167521164955089
-0.75 -0.5 6 7 -1725.986595710428 1.062185024601638
-0.75 -0.5 7 8 -1337.212682639983 0.9646826520779013
-0.75 -0.5 8 9 -1042.264162362578 0.8775336151673365
-0.75 -0.5 9 10 -817.7924411885801 0.8058995217337984
-0.75 -0.5 10 11 -645.4417684441883 0.7513346066755191
-0.75 -0.5 11 12 -511.9025524237995 0.7000548060369645
-0.75 -0.5 12 13 -407.4152921878144 0.6526611179114344
-0.75 -0.5 13 14 -324.9240946833529 0.6091302928273663
-0.75 -0.5 14 15 -259.269020651298 0.5692550993153408
-0.75 -0.5 15 16 -206.6366701772017 0.5327546900162724
-0.75 -0.5 16 17 -164.1767727701083 0.4993290995066753
-0.75 -0.5 17 18 -129.7349561352157 0.4686856703472725
-0.75 -0.5 18 19 -101.6653433796123 0.4405511060933555
-0.75 -0.5 19 20 -78.69787747113446 0.4146761175968814
-0.75 -0.5 20 21 -59.84336089471526 0.3908362888853721
-0.75 -0.5 21 22 -44.32471657425799 0.3688310791638277
-0.75 -0.5 22 23 -31.52666946434852 0.3484819826056607
-0.75 -0.5 23 24 -20.95851310957801 0.3296303853718339
-0.75 -0.5 24 25 -12.22627379237281 0.312135401243972
-0.75 -0.5 25 26 -5.011697937354711 0.2958718238144374
-0.75 -0.5 26 27 0.9437547453986781 0.2807282566065266
-0.75 -0.5 27 28 5.851209074807002 0.2666054401727292
-0.75 -0.5 28 29 9.88389815667631 0.2534147739893087
-0.75 -0.5 29 30 13.18459378685725 0.2410770207456835
-0.75 -0.5 30 31 15.87144408331289 0.2295211742956677
-0.75 -0.5 31 32 18.04258962464246 0.2186834748054065
-0.75 -0.5 32 33 19.77983591394548 0.2085065507925039
-0.75 -0.5 33 34 21.15159176122961 0.1989386733498857
-0.75 -0.5 34 35 22.21523287400964 0.1899331068974404
-0.75 -0.5 35 36 23.01901266301235 0.1814475424974639
-0.75 -0.5 36 37 23.60361425365113 0.1734436049756739
-0.75 -0.5 37 38 24.003416699296 0.1658864202794268
-0.75 -0.5 38 39 24.24753234900015 0.1587442380056052
-0.75 -0.5 39 40 24.36066002305631 0.1519880996627423
-0.75 -0.5 40 41 24.36378947717049 0.1455915469565398
-0.75 -0.5 41 42 24.27478487310555 0.1395303655809595
-0.75 -0.5 42 43 24.10886994683318 0.1337823584454595
-0.75 -0.5 43 44 23.87903247067749 0.1283271454391702
-0.75 -0.5 44 45 23.5963625893969 0.1231459861052415
-0.75 -0.5 45 46 23.26912578009723 0.1185946054784919
-0.75 -0.5 46 47 22.90776919839811 0.1160679952430598
-0.75 -0.5 47 48 22.51799280956931 0.115785379638623
-0.75 -0.5 48 49 22.10571249316411 0.1176570649321322
-0.75 -0.5 49 50 21.67588936641766 0.1203250847434778
-0.5 -0.25 0 1 12905.66766845558 5.446986679558554
-0.5 -0.25 1 2 7690.543330652769 1.498674551268326
-0.5 -0.25 2 3 -2841.579195040191 1.03047835833837
-0.5 -0.25 3 4 -3431.456001973677 1.302925723715316
-0.5 -0.25 4 5 -2869.914061891129 1.270213681040501
-0.5 -0.25 5 6 -2250.4586134182 1.215955408603652
-0.5 -0.25 6 7 -1742.778919352495 1.163470289396306
-0.5 -0.25 7 8 -1351.987926953581 1.090132338643568
-0.5 -0.25 8 9 -1055.01820761017 1.013376245363964
-0.5 -0.25 9 10 -828.7220287580285 0.9384460054917684
-0.5 -0.25 10 11 -654.7945827996996 0.8692457442050245
-0.5 -0.25 11 12 -519.9104674148475 0.8056445748552866
-0.5 -0.25 12 13 -414.2844765840582 0.747757822460633
-0.5 -0.25 13 14 -330.8306570987288 0.6952153398109586
-0.5 -0.25 14 15 -264.3612195989788 0.647540383866771
-0.5 -0.25 15 16 -211.0385921139793 0.604240949790655
-0.5 -0.25 16 17 -167.9921192152849 0.5648500738896008
-0.5 -0.25 17 18 -133.0504598052646 0.5289417609786943
-0.5 -0.25 18 19 -104.5536871712334 0.4961352601754622
-0.5 -0.25 19 20 -81.22012708412808 0.4660939161289372
-0.5 -0.25 20 21 -62.05096868563214 0.4385216805855554
-0.5 -0.25 21 22 -46.26116423194844 0.4131588174609601
-0.5 -0.25 22 23 -33.22881299039364 0.3897775405348453
-0.5 -0.25 23 24 -22.45768496084668 0.3681779261572558
-0.5 -0.25 24 25 -13.54918778861793 0.3481842360994749
-0.5 -0.25 25 26 -6.181194137264015 0.329641682524241
-0.5 -0.25 26 27 -0.09190486686350141 0.3124136194854549
-0.5 -0.25 27 28 4.932554529143772 0.2963791215461252
-0.5 -0.25 28 29 9.067743954146067 0.2814309053958182
-0.5 -0.25 29 30 12.45840969355652 0.2674735479312366
-0.5 -0.25 30 31 15.22437996914778 0.2544219601933475
-0.5 -0.25 31 32 17.46522875763776 0.2422000777455361
-0.5 -0.25 32 33 19.263987622998 0.2307397374418247
-0.5 -0.25 33 34 20.690116702365 0.2199797106623747
-0.5 -0.25 34 35 21.80189537762703 0.2098648704058306
-0.5 -0.25 35 36 22.64835563965585 0.2003454713331283
-0.5 -0.25 36 37 23.27085294017508 0.1913765273982018
-0.5 -0.25 37 38 23.70434818880148 0.1829172706376743
-0.5 -0.25 38 39 23.97845837040609 0.1749306810910356
-0.5 -0.25 39 40 24.11832087920669 0.167383076198087
-0.5 -0.25 40 41 24.14530739714559 0.160243752376084
-0.5 -0.25 41 42 24.07761533110175 0.1534846706645351
-0.5 -0.25 42 43 23.93075973521695 0.1470801804151106
-0.5 -0.25 43 44 23.71798351440884 0.1410067762685991
-0.5 -0.25 44 45 23.45060065095402 0.135242883644516
-0.5 -0.25 45 46 23.13706184715431 0.1301164500714192
-0.5 -0.25 46 47 22.78801061582584 0.1269289660240109
-0.5 -0.25 47 48 22.409288037267 0.125900277242553
-0.5 -0.25 48 49 22.00694463718276 0.1269758043012691
-0.5 -0.25 49 50 21.58606225715101 0.1288941015195673
-0.25 0 0 1 13042.12600569456 5.657308844629838
-0.25 0 1 2 7839.532722849192 1.502758657157614
-0.25 0 2 3 -2817.875625747449 1.046079397919592
-0.25 0 3 4 -3431.351379448256 1.311533054018696
-0.25 0 4 5 -2875.153184673512 1.274468990866465
-0.25 0 5 6 -2256.463341039924 1.176699232886611
-0.25 0 6 7 -1748.280210478718 1.072308656894329
-0.25 0 7 8 -1356.688498774313 0.9766919499214076
-0.25 0 8 9 -1058.921003458234 0.9177525105406236
-0.25 0 9 10 -831.9206041843531 0.8577758697190629
-0.25 0 10 11 -657.3966361240541 0.7994896811468493
-0.25 0 11 12 -522.016061323246 0.7450383427922149
-0.25 0 12 13 -415.9801284497012 0.6946715329302874
-0.25 0 13 14 -332.1887808898987 0.6483889456390933
-0.25 0 14 15 -265.4416622040217 0.6059833508182114
-0.25 0 15 16 -211.8905809728017 0.5671630723963609
-0.25 0 16 17 -168.6561072638265 0.5316126997686096
-0.25 0 17 18 -133.5597162320321 0.4990227092988666
-0.25 0 18 19 -104.9356168298154 0.4691031316157404
-0.25 0 19 20 -81.49734670746034 0.4415889717351666
-0.25 0 20 21 -62.24217904074499 0.4162414007792161
-0.25 0 21 22 -46.38185587707312 0.3928468480982226
-0.25 0 22 23 -33.29183799612088 0.3712151294753026
-0.25 0 23 24 -22.47372112504979 0.351177214400138
-0.25 0 24 25 -13.52711664035326 0.3325829485423648
-0.25 0 25 26 -6.128409678642583 0.3152988864961346
-0.25 0 26 27 -0.01456651017451804 0.2992063071949017
-0.25 0 27 28 5.029314137279698 0.2841994341766796
-0.25 0 28 29 9.179647700281407 0.2701838614779414
-0.25 0 29 30 12.58189454733815 0.2570751719854361
-0.25 0 30 31 15.35647984977788 0.2447977301322131
-0.25 0 31 32 17.6034773156357 0.2332836307190004
-0.25 0 32 33 19.4063373792261 0.2224717829559628
-0.25 0 33 34 20.83487165655299 0.2123071146896676
-0.25 0 34 35 21.94765473732264 0.2027398786151692
-0.25 0 35 36 22.79396675219641 0.1937250480897171
-0.25 0 36 37 23.41537185604847 0.1852217895518693
-0.25 0 37 38 23.84700656677484 0.1771930024570184
-0.25 0 38 39 24.11863566613346 0.1696049146362446
-0.25 0 39 40 24.25552093768363 0.1624267290842062
-0.25 0 40 41 24.27913872951069 0.1556303128198317
-0.25 0 41 42 24.20777447358648 0.1491899228717004
-0.25 0 42 43 24.05701719420688 0.1430819645673429
-0.25 0 43 44 23.84017188296752 0.1372847782236009
-0.25 0 44 45 23.56860455208323 0.1317784497546279
-0.25 0 45 46 23.25080256457397 0.1269057635116499
-0.25 0 46 47 22.89745973844936 0.1240177959536598
-0.25 0 47 48 22.51444026299498 0.1233363059192787
-0.25 0 48 49 22.10781941560975 0.1247935193953609
-0.25 0 49 50 21.68269947708148 0.127078406116309
0 0.25 0 1 13041.64598707508 5.657306519469698
0 0.25 1 2 7838.645454706259 1.502703176787212
0 0.25 2 3 -2818.444793955696 1.04596522720698
0 0.25 3 4 -3431.5157721115 1.311462625982823
0 0.25 4 5 -2875.095336108388 1.274435729287565
0 0.25 5 6 -2256.315243181647 1.176698754453513
0 0.25 6 7 -1748.106893402341 1.072331652828309
0 0.25 7 8 -1356.519829939597 0.9767295219572556
0 0.25 8 9 -1058.768614682046 0.917794912599482
0 0.25 9 10 -831.7873266478359 0.8578163072891454
0 0.25 10 11 -657.282146362274 0.7995293864227241
0 0.25 11 12 -521.9176428971996 0.7450746155166327
0 0.25 12 13 -415.8950241161638 0.6947040011324754
0 0.25 13 14 -332.1144516863123 0.6484176675424085
0 0.25 14 15 -265.3759750990382 0.6060085940074752
0 0.25 15 16 -211.8318340629812 0.5671851876550239
0 0.25 16 17 -168.6029852015795 0.5316320540098891
0 0.25 17 18 -133.5112224703894 0.4990396516130902
0 0.25 18 19 -104.8910047710337 0.4691179787011198
0 0.25 19 20 -81.45605906145693 0.4416020034052109
0 0.25 20 21 -62.20379825988653 0.4162528603966011
0 0.25 21 22 -46.34606550583248 0.3928569457194256
0 0.25 22 23 -33.25839351770946 0.3712240455003094
0 0.25 23 24 -22.44242854142419 0.3511851035903314
0 0.25 24 25 -13.49781707987916 0.3325899434975799
0 0.25 25 26 -6.100968562161142 0.315305100999048
0 0.25 26 27 0.011133918997416 0.2992118391920266
0 0.25 27 28 5.053379853123261 0.2842043678938207
0 0.25 28 29 9.202176212333939 0.2701882697299848
0 0.25 29 30 12.60297702336209 0.2570791176404534
0 0.25 30 31 15.37620242770265 0.2448012678979777
0 0.25 31 32 17.62192187869277 0.2332868079242904
0 0.25 32 33 19.4235819880214 0.2224746409752048
0 0.25 33 34 20.85099077274106 0.212309689687697
0 0.25 34 35 21.96271932754644 0.2027422020182434
0 0.25 35 36 22.80804433246419 0.1937271475643891
0 0.25 36 37 23.42852651429905 0.1852236895749637
0 0.25 37 38 23.85929898560113 0.1771947241883913
0 0.25 38 39 24.13012315828689 0.1696064769078009
0 0.25 39 40 24.2662575000038 0.1624281485429006
0 0.25 40 41 24.28917511733681 0.1556316041374824
0 0.25 41 42 24.21715829281089 0.1491910990593593
0 0.25 42 43 24.06579301099919 0.1430830371065275
0 0.25 43 44 23.84838134550512 0.1372857573683869
0 0.25 44 45 23.57628652341708 0.1317793445599946
0 0.25 45 46 23.25799321806682 0.1269065940819982
0 0.25 46 47 22.90419281772029 0.1240186240473878
0 0.25 47 48 22.52074709919168 0.1233371923289124
0 0.25 48 49 22.11372912585477 0.1247945131003227
0 0.25 49 50 21.68823907188113 0.1270795110519017
0.25 0.5 0 1 12904.30194828166 5.446981272652764
0.25 0.5 1 2 7688.022241524847 1.498556771594564
0.25 0.5 2 3 -2843.191497062395 1.030257049174371
0.25 0.5 3 4 -3431.918512274673 1.302807246581375
0.25 0.5 4 5 -2869.74929834388 1.270169325824704
0.25 0.5 5 6 -2250.041573878598 1.215967706466654
0.25 0.5 6 7 -1742.29296439382 1.163516310030553
0.25 0.5 7 8 -1351.516511319036 1.090197318527505
0.25 0.5 8 9 -1054.592524734496 1.013075456454636
0.25 0.5 9 10 -828.3517336097716 0.9388870263873337
0.25 0.5 10 11 -654.4760142218984 0.8693099193101328
0.25 0.5 11 12 -519.6364719633293 0.8057033599077384
0.25 0.5 12 13 -414.0471602350176 0.7478107712063758
0.25 0.5 13 14 -330.6228401055043 0.695262579586687
0.25 0.5 14 15 -264.1769310605964 0.6475823200452586
0.25 0.5 15 16 -210.8731146868286 0.6042780973275809
0.25 0.5 16 17 -167.8418444800316 0.5648829667836341
0.25 0.5 17 18 -132.9126842512435 0.5289709068322365
0.25 0.5 18 19 -104.4264096655772 0.4961611205894269
0.25 0.5 19 20 -81.10187283700543 0.4661169003571142
0.25 0.5 20 21 -61.940646810305 0.4385421469706079
0.25 0.5 21 22 -46.15795767575264 0.4131770772550483
0.25 0.5 22 23 -33.13209628780669 0.3897938631907972
0.25 0.5 23 24 -22.36696442055438 0.368192544939639
0.25 0.5 24 25 -13.46405903374966 0.3481973529699101
0.25 0.5 25 26 -6.10131266000883 0.3296534727102436
0.25 0.5 26 27 -0.016966108419183 0.3124242352510301
0.25 0.5 27 28 5.00282828426441 0.2963886956508122
0.25 0.5 28 29 9.133611909035267 0.281439553764301
0.25 0.5 29 30 12.52011760468224 0.2674813722449133
0.25 0.5 30 31 15.28216303483498 0.2544290494562875
0.25 0.5 31 32 17.51931310539101 0.2422065104268135
0.25 0.5 32 33 19.31459093341618 0.2307455826386116
0.25 0.5 33 34 20.73744833838259 0.2199850294967998
0.25 0.5 34 35 21.84615626136633 0.2098697167513608
0.25 0.5 35 36 22.6897380352263 0.2003498930953998
0.25 0.5 36 37 23.30954023697041 0.1913805670518592
0.25 0.5 37 38 23.74051473818537 0.1829209658689877
0.25 0.5 38 39 24.01226940601032 0.1749340655314994
0.25 0.5 39 40 24.14993252387649 0.1673861796800956
0.25 0.5 40 41 24.17486675963005 0.1602466016920836
0.25 0.5 41 42 24.10526067968135 0.1534872895951356
0.25 0.5 42 43 23.9566207387258 0.1470825902399757
0.25 0.5 43 44 23.74218153748569 0.1410089961337816
0.25 0.5 44 45 23.47324908954261 0.1352449306512294
0.25 0.5 45 46 23.15826639378048 0.1301183711272382
0.25 0.5 46 47 22.80786991418694 0.126930920363716
0.25 0.5 47 48 22.42789378126372 0.1259024265606671
0.25 0.5 48 49 22.02438210582272 0.1269782841655366
0.25 0.5 49 50 21.60241061285859 0.1288969264512151
0.5 0.75 0 1 12636.0090745603 5.159153275337235
0.5 0.75 1 2 7396.153291248258 1.383047651032583
0.5 0.75 2 3 -2885.090830256107 1.058015108437792
0.5 0.75 3 4 -3426.037494869428 1.309610652087856
0.5 0.75 4 5 -2852.802043972936 1.267440658016325
0.5 0.75 5 6 -2231.632449893781 1.167516945822586
0.5 0.75 6 7 -1725.213342502484 1.062214174479304
0.5 0.75 7 8 -1336.471094360102 0.9647245190625539
0.5 0.75 8 9 -1041.600919406844 0.8775821630205791
0.5 0.75 9 10 -817.2164954266896 0.8059593972672605
0.5 0.75 10 11 -644.9493916746801 0.7513833469019828
0.5 0.75 11 12 -511.4802601934448 0.7000991056253325
0.5 0.75 12 13 -407.0501209320751 0.6527007556256766
0.5 0.75 13 14 -324.6044866877176 0.6091654579854699
0.5 0.75 14 15 -258.9854896670593 0.5692861696188666
0.5 0.75 15 16 -206.3817995371824 0.5327821113011592
0.5 0.75 16 17 -163.9449429479591 0.4993533220334672
0.5 0.75 17 18 -129.5219965349861 0.4687071162419128
0.5 0.75 18 19 -101.4681975695485 0.4405701549632355
0.5 0.75 19 20 -78.51431698026386 0.4146931020503268
0.5 0.75 20 21 -59.67175607814102 0.390851495409696
0.5 0.75 21 22 -44.16386095982057 0.3688447519106557
0.5 0.75 22 23 -31.37564939607228 0.348494328431198
0.5 0.75 23 24 -20.81661357379323 0.329641578667787
0.5 0.75 24 25 -12.09291203746625 0.3121455890445453
0.5 0.75 25 26 -4.886377824064652 0.2958811301624533
0.5 0.75 26 27 1.06147330367105 0.2807367862087907
0.5 0.75 27 28 5.961729928476529 0.2666132818870967
0.5 0.75 28 29 9.987601257082133 0.2534220036439137
0.5 0.75 29 30 13.28184244210479 0.241083702916093
0.5 0.75 30 31 15.96258885802899 0.229527364698264
0.5 0.75 31 32 18.12797010751876 0.2186892215634358
0.5 0.75 32 33 19.85978119869992 0.2085118957523218
0.5 0.75 33 34 21.22642021424781 0.1989436531808721
0.5 0.75 34 35 22.28525156666694 0.1899377535652344
0.5 0.75 35 36 23.08451670985164 0.1814518845358723
0.5 0.75 36 37 23.66488619771661 0.17344766764715
0.5 0.75 37 38 24.06072602546982 0.1658902260199257
0.5 0.75 38 39 24.30113516100158 0.1587478069319796
0.5 0.75 39 40 24.41079889182822 0.1519914498379414
0.5 0.75 40 41 24.41069345274735 0.1455946948626545
0.5 0.75 41 42 24.31866964297353 0.1395333259626189
0.5 0.75 42 43 24.14993811771893 0.1337851446770248
0.5 0.75 43 44 23.91747395136832 0.1283297697942409
0.5 0.75 44 45 23.63235505176658 0.1231484596904029
0.5 0.75 45 46 23.30283504914627 0.1185969864862277
0.5 0.75 46 47 22.93935014390337 0.1160705160479273
0.5 0.75 47 48 22.54758955737481 0.1157882834239077
0.5 0.75 48 49 22.13345920356898 0.1176605597858249
0.5 0.75 49 50 21.70191067383266 0.1203291902338836
0.75 1 0 1 12240.46617025599 3.713032542082984
0.75 1 1 2 6960.263130954327 1.719591201207105
0.75 1 2 3 -2951.883624597144 1.050550053233124
0.75 1 3 4 -3421.364596968494 1.296335374410509
0.75 1 4 5 -2830.655668962266 1.253650493508867
0.75 1 5 6 -2206.314195267551 1.155577808442338
0.75 1 6 7 -1701.053218265261 1.052683830707853
0.75 1 7 8 -1314.704169009951 0.9574153476453244
0.75 1 8 9 -1022.415677218946 0.8720842493509745
0.75 1 9 10 -800.4452813385401 0.7962228536777598
0.75 1 10 11 -630.314538304448 0.7297086193849848
0.75 1 11 12 -498.6997383795151 0.6706337498038021
0.75 1 12 13 -395.8626558129188 0.6181689718686455
0.75 1 13 14 -314.7811681801461 0.5713932634366394
0.75 1 14 15 -250.3301721951723 0.529521146339722
0.75 1 15 16 -198.7281107930744 0.4918892237967118
0.75 1 16 17 -157.1523384604041 0.4579386517854092
0.75 1 17 18 -123.4718460126728 0.4271981985656648
0.75 1 18 19 -96.06026644331632 0.3992693798312715
0.75 1 19 20 -73.66374041579888 0.3738139461865686
0.75 1 20 21 -55.30649318535961 0.3505435447811905
0.75 1 21 22 -40.22257662394759 0.3292112600629675
0.75 1 22 23 -27.80596107471388 0.3096047026033772
0.75 1 23 24 -17.57364285191568 0.2915403688469802
0.75 1 24 25 -9.138087793371938 0.2748590277269041
0.75 1 25 26 -2.186445953130487 0.2594219331811047
0.75 1 26 27 3.53527097613312 0.2451077061000786
0.75 1 27 28 8.23433818515025 0.2318097552575565
0.75 1 28 29 12.08072044872858 0.2194341350943037
0.75 1 29 30 15.21440416737732 0.2078977586759736
0.75 1 30 31 17.75115485564629 0.1971269004593526
0.75 1 31 32 19.78706776695003 0.1870559366497412
0.75 1 32 33 21.40218660836422 0.1776262804590084
0.75 1 33 34 22.66339765803957 0.1687854792646415
0.75 1 34 35 23.62675675956984 0.1604864448706741
0.75 1 35 36 24.33936975188038 0.1526867963431695
0.75 1 36 37 24.8409191680912 0.1453482951437071
0.75 1 37 38 25.16490927555981 0.1384363593784727
0.75 1 38 39 25.33968566541762 0.131919643937685
0.75 1 39 40 25.38927344495448 0.1257696764574494
0.75 1 40 41 25.33406902947269 0.1199605405868201
0.75 1 41 42 25.19141286263675 0.1144686009644176
0.75 1 42 43 24.97606542655581 0.1092722605688412
0.75 1 43 44 24.70060388712039 0.1043517503183072
0.75 1 44 45 24.37575373150759 0.09968894245309386
0.75 1 45 46 24.00947245057517 0.09610249651898864
0.75 1 46 47 23.61188876238305 0.09665289017917744
0.75 1 47 48 23.1884604215694 0.101457478816549
0.75 1 48 49 22.74487210888179 0.1097603734265605
0.75 1 49 50 22.28587779912647 0.1185471933182912
1 1.25 0 1 11737.48467763444 3.070010961205607
1 1.25 1 2 6404.772695834992 1.463126718163572
1 1.25 2 3 -3044.911694333649 1.489380106870945
1 1.25 3 4 -3426.319233886938 1.73704313500631
1 1.25 4 5 -2814.258755526515 1.635754662813291
1 1.25 5 6 -2185.648757948545 1.477823268493366
1 1.25 6 7 -1681.13948861492 1.323842212984437
1 1.25 7 8 -1296.941238364813 1.186700834078682
1 1.25 8 9 -1007.022799645079 1.067740792025879
1 1.25 9 10 -787.255723795889 0.9652974785758086
1 1.25 10 11 -619.0485531449549 0.876130207388969
1 1.25 11 12 -489.0784682799945 0.7987576014493232
1 1.25 12 13 -387.6308518331525 0.7310744511001692
1 1.25 13 14 -307.7183242662104 0.6715228697539855
1 1.25 14 15 -244.2499166005414 0.6188314853109163
1 1.25 15 16 -193.4744787098707 0.5719634180473188
1 1.25 16 17 -152.5953364290403 0.5300700708549959
1 1.25 17 18 -119.5032284413717 0.4924531729864858
1 1.25 18 19 -92.58982987327863 0.4585345618469339
1 1.25 19 20 -70.61619073619295 0.427832412418737
1 1.25 20 21 -52.6188449925462 0.3999425917418997
1 1.25 21 22 -37.84201336653223 0.3745240082475832
1 1.25 22 23 -25.68808110998407 0.3512870517119284
1 1.25 23 24 -15.68102327680072 0.3299844229174868
1 1.25 24 25 -7.439107744784906 0.3104038150756333
1 1.25 25 26 -0.6543209651847519 0.2923620367457716
1 1.25 26 27 4.923283127061609 0.2757002627292695
1 1.25 27 28 9.497592223640709 0.260280172714447
1 1.25 28 29 13.23572483626162 0.2459807929176531
1 1.25 29 30 16.27526973007787 0.2326958973930816
1 1.25 30 31 18.72996766982237 0.2203318588071257
1 1.25 31 32 20.6941999311 0.2088058599472545
1 1.25 32 33 22.2465559414095 0.1980443994267838
1 1.25 33 34 23.45268528396275 0.1879820360289145
1 1.25 34 35 24.36758987072199 0.1785603292543323
1 1.25 35 36 25.03747550287875 0.1697269408216198
1 1.25 36 37 25.50125457018123 0.1614348706009304
1 1.25 37 38 25.79177108971248 0.1536418028697625
1 1.25 38 39 25.93680357986608 0.1463095459511651
1 1.25 39 40 25.95988925496363 0.1394035496609897
1 1.25 40 41 25.88100405859927 0.1328924882649014
1 1.25 41 42 25.71712549384154 0.1267478989428534
1 1.25 42 43 25.48270028395808 0.1209438675965598
1 1.25 43 44 25.19003396451404 0.1154567547242133
1 1.25 44 45 24.84961654234155 0.1102649554005025
1 1.25 45 46 24.469225487122 0.1057202290028224
1 1.25 46 47 24.05876551012767 0.1032173877355918
1 1.25 47 48 23.62356447490265 0.1029828092261209
1 1.25 48 49 23.16917286618869 0.1049207802124233
1 1.25 49 50 22.70023204731675 0.1130508219583184
1.25 1.5 0 1 11151.03818424701 4.45164016390331
1.25 1.5 1 2 5784.740810373491 1.162489044524626
1.25 1.5 2 3 -3118.243022322717 1.531089828951523
1.25 1.5 3 4 -3401.008840643931 1.429325168787162
1.25 1.5 4 5 -2769.351626577417 1.354166183505914
1.25 1.5 5 6 -2140.610366341868 1.231078970663132
1.25 1.5 6 7 -1641.019156124927 1.107926633567224
1.25 1.5 7 8 -1262.58489133794 0.9962121864167096
1.25 1.5 8 9 -978.0291131823733 0.8981005689159678
1.25 1.5 9 10 -762.8817419046104 0.8136621157666512
1.25 1.5 10 11 -598.5739080741669 0.7388087840910958
1.25 1.5 11 12 -471.8497078921159 0.6738995509884762
1.25 1.5 12 13 -373.0994954304615 0.6169347003627623
1.25 1.5 13 14 -295.430438931382 0.5666887662654978
1.25 1.5 14 15 -233.8325305699252 0.5221442531847742
1.25 1.5 15 16 -184.6215715397409 0.4824611719057718
1.25 1.5 16 17 -145.0554482546167 0.4469458571419727
1.25 1.5 17 18 -113.0691304860366 0.4150235886243036
1.25 1.5 18 19 -87.09013252747673 0.3862159232897433
1.25 1.5 19 20 -65.90860021458525 0.3601224031479542
1.25 1.5 20 21 -48.58476435756256 0.3364059400024031
1.25 1.5 21 22 -34.3822189248101 0.3147811840470719
1.25 1.5 22 23 -22.71925204724062 0.2950052443700404
1.25 1.5 23 24 -13.13294667410969 0.2768702720435764
1.25 1.5 24 25 -5.252418650047048 0.2601975000696825
1.25 1.5 25 26 1.221332566221349 0.2459107754735823
1.25 1.5 26 27 6.530736257286321 0.2339383689092356
1.25 1.5 27 28 10.87338846795842 0.2227483117639548
1.25 1.5 28 29 14.41112331863212 0.2122750772400874
1.25 1.5 29 30 17.27707656962343 0.2024597200264123
1.25 1.5 30 31 19.58122479916165 0.1932491431103321
1.25 1.5 31 32 21.41475786149624 0.1845954454576941
1.25 1.5 32 33 22.8535516783395 0.1764553442202648
1.25 1.5 33 34 23.96094241745493 0.1687896650327498
1.25 1.5 34 35 24.7899545780142 0.1615628921654781
1.25 1.5 35 36 25.3850995801597 0.1547427723798053
1.25 1.5 36 37 25.78383453840081 0.148299965656203
1.25 1.5 37 38 26.01775075122879 0.1422077377894602
1.25 1.5 38 39 26.11354607165089 0.1364416885147279
1.25 1.5 39 40 26.09382356609348 0.1309795117418259
1.25 1.5 40 41 25.97775010600378 0.1258007837638206
1.25 1.5 41 42 25.78160115210756 0.1208867750675532
1.25 1.5 42 43 25.51921317518406 0.116220284465828
1.25 1.5 43 44 25.20236035435926 0.1117854901916783
1.25 1.5 44 45 24.84106929575438 0.1075678195078965
1.25 1.5 45 46 24.44274056923325 0.103893632297507
1.25 1.5 46 47 24.01686661580561 0.1020237942990691
1.25 1.5 47 48 23.56849337554104 0.1021408997962934
1.25 1.5 48 49 23.10289990472424 0.1041591454970128
1.25 1.5 49 50 22.62448393440235 0.1074906701177899
1.5 1.75 0 1 10465.71368452561 1.466797960877945
1.5 1.75 1 2 5040.400829132444 1.255928038547622
1.5 1.75 2 3 -3221.785843589265 1.357719227667402
1.5 1.75 3 4 -3381.638948364993 1.516758323635497
1.5 1.75 4 5 -2720.763469128829 1.421388846820894
1.5 1.75 5 6 -2087.561145760706 1.279233507033866
1.5 1.75 6 7 -1590.979645490897 1.140308744570654
1.5 1.75 7 8 -1217.645908739149 1.017062897241818
1.5 1.75 8 9 -938.4090947781388 0.9093813813576693
1.5 1.75 9 10 -728.1436570287183 0.8174230998080332
1.5 1.75 10 11 -568.2327431500548 0.7384858662855582
1.5 1.75 11 12 -445.2980713701731 0.670059420835369
1.5 1.75 12 13 -349.8107078098558 0.6105496267386881
1.5 1.75 13 14 -274.9434216781838 0.5584739276534803
1.5 1.75 14 15 -215.7517500145545 0.5126287421393347
1.5 1.75 15 16 -168.6108456689344 0.4720389629020424
1.5 1.75 16 17 -130.8300706230079 0.4359121407973525
1.5 1.75 17 18 -100.3881232015822 0.4036007235414909
1.5 1.75 18 19 -75.74929560757664 0.3745720909586108
1.5 1.75 19 20 -55.73453190072246 0.3483851317479392
1.5 1.75 20 21 -39.42982342083837 0.3246720023596621
1.5 1.75 21 22 -26.1203251399055 0.3031239102290216
1.5 1.75 22 23 -15.24240261300042 0.2834799772749362
1.5 1.75 23 24 -6.348331428027223 0.2655184723085796
1.5 1.75 24 25 0.9199693616853892 0.2490498621228582
1.5 1.75 25 26 6.850678956344495 0.2339112673823181
1.5 1.75 26 27 11.67705255822159 0.219962008206312
1.5 1.75 27 28 15.58888473050069 0.2070800044441191
1.5 1.75 28 29 18.74135501364378 0.1951588448796973
1.5 1.75 29 30 21.26190569295716 0.1841053879182038
1.5 1.75 30 31 23.25562767027714 0.1738377860718208
1.5 1.75 31 32 24.80950609718866 0.1642838490297195
1.5 1.75 32 33 25.99578795630657 0.1553796809484184
1.5 1.75 33 34 26.87466871347442 0.1470685399294115
1.5 1.75 34 35 27.49644737411381 0.1392998785455121
1.5 1.75 35 36 27.90326396577228 0.1320285338874035
1.5 1.75 36 37 28.13050703226912 0.1252140396825964
1.5 1.75 37 38 28.20795896964125 0.1188200403355765
1.5 1.75 38 39 28.16073197882952 0.1128137897635037
1.5 1.75 39 40 28.01003590958476 0.1071657218021042
1.5 1.75 40 41 27.77381070242376 0.1018490781436396
1.5 1.75 41 42 27.46724893470434 0.09683958892442264
1.5 1.75 42 43 27.1032292659562 0.09211519437376471
1.5 1.75 43 44 26.69267692047066 0.08765580247032487
1.5 1.75 44 45 26.24486450159429 0.08344307845679447
1.5 1.75 45 46 25.76654907966667 0.08020833894504525
1.5 1.75 46 47 25.2665790539188 0.08068598521633022
1.5 1.75 47 48 24.74949297273395 0.0849712547748981
1.5 1.75 48 49 24.22009165894158 0.09238235053573823
1.5 1.75 49 50 23.68235407924314 0.1002164367329707
1.75 2 0 1 9734.305734291022 1.516936305496467
1.75 2 1 2 4259.123854220417 1.578775885272066
1.75 2 2 3 -3330.463374254799 2.490737247036467
1.75 2 3 4 -3373.938721672384 2.191688543731156
1.75 2 4 5 -2689.494315752753 1.856309845440839
1.75 2 5 6 -2054.25147911645 1.581344166387721
1.75 2 6 7 -1561.107543310451 1.36323112650964
1.75 2 7 8 -1192.222941847432 1.188797181194892
1.75 2 8 9 -917.1485365039675 1.047649280066831
1.75 2 9 10 -710.461899249322 0.9311226935577518
1.75 2 10 11 -553.5356955370148 0.8337993121714752
1.75 2 11 12 -433.0585204341598 0.7514119473954491
1.75 2 12 13 -339.589583175469 0.6808870688038748
1.75 2 13 14 -266.3807430803229 0.6199272748547032
1.75 2 14 15 -208.5543744123868 0.5667854487776427
1.75 2 15 16 -162.5403207511295 0.5201112878646449
1.75 2 16 17 -125.6921330727737 0.4788455863792077
1.75 2 17 18 -96.02407722925113 0.4421462240893111
1.75 2 18 19 -72.02908484309341 0.4093354795487674
1.75 2 19 20 -52.55121662348324 0.3798619069865311
1.75 2 20 21 -36.69518526658999 0.3532723206568236
1.75 2 21 22 -23.76136375194767 0.3291909068820717
1.75 2 22 23 -13.19853463482355 0.3073034400547232
1.75 2 23 24 -4.569142520058335 0.2873452070393063
1.75 2 24 25 2.47653599149919 0.2690916633222775
1.75 2 25 26 8.219788244973074 0.2523511262136149
1.75 2 26 27 12.88816824219771 0.2369590054741454
1.75 2 27 28 16.66674028298371 0.2227732073925831
1.75 2 28 29 19.70674830090638 0.2096704420614925
1.75 2 29 30 22.13235159985811 0.1975432342263268
1.75 2 30 31 24.04589583322092 0.1862974858023031
1.75 2 31 32 25.53206533495438 0.1758504745295882
1.75 2 32 33 26.66117465619692 0.1661292010490892
1.75 2 33 34 27.49179302670188 0.157069014781493
1.75 2 34 35 28.07284837917672 0.1486124660193362
1.75 2 35 36 28.44532283092252 0.1407083417283491
1.75 2 36 37 28.64362550565869 0.1333108511742893
1.75 2 37 38 28.69670916869802 0.1263789358792011
1.75 2 38 39 28.62898235714925 0.1198756816931344
1.75 2 39 40 28.46105740355767 0.113767815467836
1.75 2 40 41 28.21036634146685 0.1080252737595204
1.75 2 41 42 27.89166963407234 0.102620830622862
1.75 2 42 43 27.51747803291448 0.09752977543850827
1.75 2 43 44 27.09840333922432 0.09272963395297865
1.75 2 44 45 26.6434510350615 0.08819992516257025
1.75 2 45 46 26.15919079608679 0.08431049212917734
1.75 2 46 47 25.65419680479175 0.08438686159550245
1.75 2 47 48 25.13288286522706 0.08832924064223953
1.75 2 48 49 24.59990900432283 0.09525880992847063
1.75 2 49 50 24.05912378119567 0.1025746050891837
2 2.25 0 1 8939.33378128571 1.793100026545475
2 2.25 1 2 3432.503464638907 1.018485089312067
2 2.25 2 3 -3418.748831432839 1.214315167546462
2 2.25 3 4 -3323.952174994801 1.348662326007558
2 2.25 4 5 -2609.208786722506 1.266176095961803
2 2.25 5 6 -1972.101041955533 1.151010608105403
2 2.25 6 7 -1485.392631968752 1.039495536758001
2 2.25 7 8 -1124.969453258733 0.9392247378851161
2 2.25 8 9 -858.2634199426484 0.8511233514668712
2 2.25 9 10 -659.1616248876344 0.7736244108222674
2 2.25 10 11 -508.8743717325417 0.7057395227834168
2 2.25 11 12 -394.1218771251542 0.6459994958592379
2 2.25 12 13 -305.5603861714492 0.5932106444917268
2 2.25 13 14 -236.552791048872 0.5463578158428331
2 2.25 14 15 -182.3267784727216 0.5045895418330402
2 2.25 15 16 -139.4051785827724 0.4671947380819024
2 2.25 16 17 -105.2210038287894 0.4335793742994291
2 2.25 17 18 -77.85536618097876 0.4032458689386293
2 2.25 18 19 -55.85702856571129 0.375775789056763
2 2.25 19 20 -38.11656334033319 0.3508156599091779
2 2.25 20 21 -23.77743211527297 0.3280654385475887
2 2.25 21 22 -12.17233937591141 0.3072691962285443
2 2.25 22 23 -2.777109861624012 0.288207576703133
2 2.25 23 24 4.823127577969331 0.2706916872979631
2 2.25 24 25 10.95900695879379 0.2545581311570947
2 2.25 25 26 15.89569799491153 0.239664952451713
2 2.25 26 27 19.8471003480671 0.2258883114108128
2 2.25 27 28 22.9866719848817 0.2131197463617979
2 2.25 28 29 25.45575868751177 0.2012639074894573
2 2.25 29 30 27.37005102376577 0.190236672971832
2 2.25 30 31 28.82462598615427 0.1799635751756174
2 2.25 31 32 29.89791007266365 0.170378480871644
2 2.25 32 33 30.65481415809808 0.161422478297273
2 2.25 33 34 31.14922784519024 0.1530429359344157
2 2.25 34 35 31.42601509260277 0.1451927029284643
2 2.25 35 36 31.52261909700104 0.1378294262015819
2 2.25 36 37 31.47035915930837 0.1309149670937698
2 2.25 37 38 31.2954834444314 0.1244148990025228
2 2.25 38 39 31.02002723349864 0.118298074817071
2 2.25 39 40 30.66251537345869 0.1125362528044306
2 2.25 40 41 30.23853951637989 0.1071037716251362
2 2.25 41 42 29.76123396127929 0.1019772678725846
2 2.25 42 43 29.2416694548541 0.09713542900901372
2 2.25 43 44 28.68917996191806 0.0925587779120027
2 2.25 44 45 28.1116347241373 0.08822948283421311
2 2.25 45 46 27.51461977767929 0.08481569680285181
2 2.25 46 47 26.90575102244253 0.0848139883237421
2 2.25 47 48 26.28866287258418 0.08829586957945487
2 2.25 48 49 25.6672920274263 0.09462022311445793
2 2.25 49 50 25.04484088612202 0.1013166299582671
2.25 2.5 0 1 8095.036396057158 3.056219359040712
2.25 2.5 1 2 2570.318213586614 0.2921744629226884
2.25 2.5 2 3 -3488.279467829027 1.279111812623451
2.25 2.5 3 4 -3259.271563088847 1.390389096188594
2.25 2.5 4 5 -2523.183659694491 1.296732409229644
2.25 2.5 5 6 -1890.91714835343 1.17311048216889
2.25 2.5 6 7 -1414.898794695988 1.076077151017362
2.25 2.5 7 8 -1065.391271671217 0.98094500429611
2.25 2.5 8 9 -808.3224797523649 0.8927576506971309
2.25 2.5 9 10 -617.3318608241784 0.8138148036976963
2.25 2.5 10 11 -473.7626590810116 0.7434746086344228
2.25 2.5 11 12 -364.549771144963 0.68104178015426
2.25 2.5 12 13 -280.5604994239832 0.625586991755899
2.25 2.5 13 14 -215.3390278333209 0.5762148832134885
2.25 2.5 14 15 -164.2615064150355 0.532122127710375
2.25 2.5 15 16 -123.9700993839012 0.492610100318302
2.25 2.5 16 17 -91.99316428987731 0.4570797721883174
2.25 2.5 17 18 -66.48799196068057 0.4250205013691257
2.25 2.5 18 19 -46.06439133570757 0.3959976140747649
2.25 2.5 19 20 -29.66206908344805 0.3696407281873784
2.25 2.5 20 21 -16.46423214369497 0.3456334883036017
2.25 2.5 21 22 -5.835902952456649 0.3237048278448437
2.25 2.5 22 23 2.720679252906962 0.303621652843989
2.25 2.5 23 24 9.598687873935205 0.2851827645541203
2.25 2.5 24 25 15.11084799227876 0.2682138287436258
2.25 2.5 25 26 19.50747999436385 0.2525632123975423
2.25 2.5 26 27 22.99011769485173 0.2380985353475791
2.25 2.5 27 28 25.72187902671749 0.2247038069044502
2.25 2.5 28 29 27.83543001693795 0.2122770409926285
2.25 2.5 29 30 29.4391482802489 0.2007282638517029
2.25 2.5 30 31 30.62192784416874 0.1899778432573544
2.25 2.5 31 32 31.45695022111147 0.1799550820357227
2.25 2.5 32 33 32.00466288326891 0.1705970304008589
2.25 2.5 33 34 32.3151456720102 0.1618474786303312
2.25 2.5 34 35 32.43000132751354 0.1536560994657239
2.25 2.5 35 36 32.38387369667714 0.1459777169705466
2.25 2.5 36 37 32.20567285427825 0.1387716781693504
2.25 2.5 37 38 31.91956826103831 0.1320013144185561
2.25 2.5 38 39 31.54579733359907 0.1256334758970232
2.25 2.5 39 40 31.10132634862657 0.1196381289627773
2.25 2.5 40 41 30.60039282431984 0.1139880067487184
2.25 2.5 41 42 30.05495204189697 0.1086583049990096
2.25 2.5 42 43 29.47504609362451 0.1036264167225537
2.25 2.5 43 44 28.86910971765016 0.09887169957140873
2.25 2.5 44 45 28.24422458890669 0.09437527196573213
2.25 2.5 45 46 27.60532890488133 0.0904380639331336
2.25 2.5 46 47 26.95934694917864 0.08823718013708753
2.25 2.5 47 48 26.30942209934057 0.08791153336048385
2.25 2.5 48 49 25.65902023391206 0.08958526754937066
2.25 2.5 49 50 25.01092628427395 0.09580707039125562
2.5 2.75 0 1 7160.371807961715 4.397999062539051
2.5 2.75 1 2 1618.559599702128 0.3809622166911608
2.5 2.75 2 3 -3575.573030627457 1.780331651776222
2.5 2.75 3 4 -3194.988867007753 2.222821824456943
2.5 2.75 4 5 -2430.098308486063 2.117911589858908
2.5 2.75 5 6 -1799.262454329764 1.915538136587277
2.5 2.75 6 7 -1332.582505062891 1.71161234706284
2.5 2.75 7 8 -993.7379433522092 1.528366503310298
2.5 2.75 8 9 -746.6292681416289 1.368534290046945
2.5 2.75 9 10 -564.3545653583019 1.230755341372256
2.5 2.75 10 11 -428.2258378993508 1.111716069236772
2.5 2.75 11 12 -325.3043672722426 1.008538205365979
2.5 2.75 12 13 -246.6221430759344 0.9186553680936624
2.5 2.75 13 14 -185.8818396498843 0.8399256226461584
2.5 2.75 14 15 -138.5982908805449 0.7705888186119043
2.5 2.75 15 16 -101.5302949552133 0.7092044391671919
2.5 2.75 16 17 -72.30259037251722 0.6545920191943271
2.5 2.75 17 18 -49.15154149323484 0.6057803785406808
2.5 2.75 18 19 -30.75170953474503 0.5619663409352232
2.5 2.75 19 20 -16.09587752607922 0.5224818264802485
2.5 2.75 20 21 -4.410868172224809 0.4867678166475936
2.5 2.75 21 22 4.902334058107385 0.4543537841779799
2.5 2.75 22 23 12.31172616424988 0.4248414066437613
2.5 2.75 23 24 18.18574980151027 0.3978916220134331
2.5 2.75 24 25 22.81649691783298 0.3732142894705625
2.5 2.75 25 26 26.43700552262374 0.350559886693815
2.5 2.75 26 27 29.23427715003163 0.3297128040227627
2.5 2.75 27 28 31.35916356091582 0.3104858983109019
2.5 2.75 28 29 32.93393931640219 0.2927160442118723
2.5 2.75 29 30 34.05814752380263 0.2762604801990773
2.5 2.75 30 31 34.81314569194228 0.2609937913717666
2.5 2.75 31 32 35.26566490462761 0.246805405527293
2.5 2.75 32 33 35.47061424410657 0.2335975039375048
2.5 2.75 33 34 35.4733036893075 0.2212832710428292
2.5 2.75 34 35 35.31121588236124 0.2097854202816164
2.5 2.75 35 36 35.01542569826296 0.1990349479204401
2.5 2.75 36 37 34.61174316066422 0.1889700748351736
2.5 2.75 37 38 34.12163785843518 0.1795353442614731
2.5 2.75 38 39 33.56298984644201 0.1706808498693881
2.5 2.75 39 40 32.95070201862802 0.1623615728791623
2.5 2.75 40 41 32.29720151911096 0.1545368105795777
2.5 2.75 41 42 31.61285158595555 0.1471696821005903
2.5 2.75 42 43 30.90629114708554 0.1402267001768754
2.5 2.75 43 44 30.18471558772205 0.1336773980864826
2.5 2.75 44 45 29.45410963995761 0.1274940040082569
2.5 2.75 45 46 28.7184798929691 0.1218666023635128
2.5 2.75 46 47 27.9838037833135 0.1175857591923631
2.5 2.75 47 48 27.25249710022848 0.1147652644081482
2.5 2.75 48 49 26.52734033388612 0.1133542738032026
2.5 2.75 49 50 25.81050195120915 0.1125664517282195
2.75 3 0 1 6115.990266326563 1.478309186566322
2.75 3 1 2 600.9786311367031 0.2255488067711154
2.75 3 2 3 -3630.394465716404 4.648684811120984
2.75 3 3 4 -3088.881258700091 4.556570703076786
2.75 3 4 5 -2299.803673458903 3.99195318833654
2.75 3 5 6 -1677.128786337029 3.442760203510219
2.75 3 6 7 -1225.868452177896 2.977553198151243
2.75 3 7 8 -902.6689506283556 0.9323523267669408
2.75 3 8 9 -669.4471304550416 0.8379140825339825
2.75 3 9 10 -498.9738146742848 0.7565241309522668
2.75 3 10 11 -372.7110979217921 0.6858132240769673
2.75 3 11 12 -277.9988728601977 0.6241773105831054
2.75 3 12 13 -206.1509212406559 0.5701646999472441
2.75 3 13 14 -151.1171843600673 0.5225770572653305
2.75 3 14 15 -108.6181417293794 0.4804316113072866
2.75 3 15 16 -75.57985776590726 0.4429222432768947
2.75 3 16 17 -49.76196849584903 0.4093854682298086
2.75 3 17 18 -29.50943667018555 0.3792724713331694
2.75 3 18 19 -13.58439590432044 0.3521267037656476
2.75 3 19 20 -1.050491881306812 0.3275661173355073
2.75 3 20 21 8.80785975035019 0.3052691098334788
2.75 3 21 22 16.54264148944105 0.2849633973921407
2.75 3 22 23 22.58325123288478 0.2664171657285081
2.75 3 23 24 27.26629736713073 0.2494320057245124
2.75 3 24 25 30.85749235213495 0.2338372417123831
2.75 3 25 26 33.56791263305126 0.2194853517322774
2.75 3 26 27 35.56619465381186 0.2062482490313189
2.75 3 27 28 36.98776701299113 0.1940142461751908
2.75 3 28 29 37.94189891008148 0.1826855612434719
2.75 3 29 30 38.51712413597517 0.1721762590761521
2.75 3 30 31 38.78544590288226 0.1624105435292841
2.75 3 31 32 38.80561897626137 0.153321331833113
2.75 3 32 33 38.62572801038954 0.1448490605058116
2.75 3 33 34 38.28522513270468 0.1369406798127197
2.75 3 34 35 37.81654917939045 0.1295488032028669
2.75 3 35 36 37.24641920806806 0.1226309852794715
2.75 3 36 37 36.5968728350179 0.1161491060137269
2.75 3 37 38 35.88610356635161 0.110068843596152
2.75 3 38 39 35.12913892336599 0.1043592217561076
2.75 3 39 40 34.33839179081997 0.09899221999198184
2.75 3 40 41 33.52411048222817 0.09394243519707571
2.75 3 41 42 32.69474725754193 0.08918678957334342
2.75 3 42 43 31.85726122831099 0.08470427568590494
2.75 3 43 44 31.01736798249112 0.08047573358510902
2.75 3 44 45 30.17974595106841 0.07648365692639453
2.75 3 45 46 29.34729585597785 0.07328700290555661
2.75 3 46 47 28.52486874674992 0.07297245048051761
2.75 3 47 48 27.71402222906895 0.07557700009244872
2.75 3 48 49 26.91672969508164 0.08054177033597516
2.75 3 49 50 26.13443321880135 0.08579948604314873
3 3.25 0 1 4940.629151034457 1.637118990499624
3 3.25 1 2 -445.1828817826554 0.4116660159767063
3 3.25 2 3 -3610.76580220129 1.411731181308406
3 3.25 3 4 -2913.521013982335 1.411907126731458
3 3.25 4 5 -2115.057595514407 1.283189028119281
3 3.25 5 6 -1513.633433540776 1.145687806698826
3 3.25 6 7 -1087.870539561608 1.021246538485683
3 3.25 7 8 -787.8032039579557 0.9128413063003686
3 3.25 8 9 -574.0747994485719 0.8190393674997466
3 3.25 9 10 -419.6102066813392 0.7383595082144926
3 3.25 10 11 -306.4004787124727 0.6683819259455747
3 3.25 11 12 -222.3375130906813 0.6074737196914588
3 3.25 12 13 -159.2111119115966 0.5541704780817661
3 3.25 13 14 -111.3574900773554 0.5072673861375284
3 3.25 14 15 -74.80322534894549 0.465778464167745
3 3.25 15 16 -46.71507587497263 0.4288962410060963
3 3.25 16 17 -25.04188758027999 0.3959569866393301
3 3.25 17 18 -8.277862607122302 0.3664123185377593
3 3.25 18 19 4.696545435363078 0.339806535334872
3 3.25 19 20 14.72332398183607 0.3157586832244635
3 3.25 20 21 22.44232328536987 0.2939483913031333
3 3.25 21 22 28.34436513342644 0.2741046705552007
3 3.25 22 23 32.80915449052657 0.2559970163450762
3 3.25 23 24 36.1326877205762 0.2394283123341027
3 3.25 24 25 38.54730131748681 0.2242291378743565
3 3.25 25 26 40.23649717216051 0.2102531758833267
3 3.25 26 27 41.34601591997716 0.1973734869765564
3 3.25 27 28 41.99218506982112 0.1854794700371254
3 3.25 28 29 42.26826707423174 0.1744743671639827
3 3.25 29 30 42.24932516184754 0.1642732062257761
3 3.25 30 31 41.99598082213754 0.1548010936100405
3 3.25 31 32 41.55733545578744 0.1459917922348413
3 3.25 32 33 40.97325672210582 0.13778652922784
3 3.25 33 34 40.27617844674006 0.1301329944230248
3 3.25 34 35 39.4925254815721 0.1229844917125247
3 3.25 35 36 38.64384753980733 0.1162992211569348
3 3.25 36 37 37.74772580459933 0.1100396654604563
3 3.25 37 38 36.8185011425785 0.1041720661980104
3 3.25 38 39 35.86786149186958 0.09866597335507316
3 3.25 39 40 34.90531748210554 0.09349385878838244
3 3.25 40 41 33.93858906098052 0.08863077948385886
3 3.25 41 42 32.9739207082695 0.08405408881758583
3 3.25 42 43 32.01633938268722 0.07974318245594778
3 3.25 43 44 31.06986613155388 0.07567927852795038
3 3.25 44 45 30.13769020049094 0.07184522481800422
3 3.25 45 46 29.22146718398176 0.06876053590829806
3 3.25 46 47 28.32475226541823 0.06836341848251164
3 3.25 47 48 27.44814916040522 0.0706790541197416
3 3.25 48 49 26.59272837351389 0.07517916469450067
3 3.25 49 50 25.75912083578245 0.07995080224320705
3.25 3.5 0 1 3641.757085962341 1.894565226262062
3.25 3.5 1 2 -1428.348063664625 0.4448468392447427
3.25 3.5 2 3 -3455.670810143895 1.395575271729476
3.25 3.5 3 4 -2633.040130665808 1.353531048782093
3.25 3.5 4 5 -1854.97374489428 1.218811920347197
3.25 3.5 5 6 -1296.772949424932 1.084020049697443
3.25 3.5 6 7 -911.9499501946329 0.9642599578005825
3.25 3.5 7 8 -645.8685225153004 0.8609477031882382
3.25 3.5 8 9 -459.3144816537022 0.7716425095285091
3.25 3.5 9 10 -326.3811945232558 0.6950262458051411
3.25 3.5 10 11 -230.2468013914213 0.6286493074824131
3.25 3.5 11 12 -159.7987682962419 0.5709195400054065
3.25 3.5 12 13 -107.6032980721884 0.5204292349556431
3.25 3.5 13 14 -68.58982006000338 0.4760256439569564
3.25 3.5 14 15 -39.23588685078903 0.4367677244803969
3.25 3.5 15 16 -17.05197051890229 0.4018858860435467
3.25 3.5 16 17 -0.2504615672867203 0.3707480787784751
3.25 3.5 17 18 12.47083606758019 0.3428323918237807
3.25 3.5 18 19 22.07290198940029 0.3177052997198505
3.25 3.5 19 20 29.27322645287313 0.2950045054934132
3.25 3.5 20 21 34.6131396899483 0.2744254148522627
3.25 3.5 21 22 38.50491232331183 0.2557104508387979
3.25 3.5 22 23 41.26517310963379 0.2386405729850033
3.25 3.5 23 24 43.13892922672579 0.2230285151067476
3.25 3.5 24 25 44.31704008550412 0.2087133626937501
3.25 3.5 25 26 44.94906991717352 0.1955561794492392
3.25 3.5 26 27 45.15283806145271 0.1834364597141137
3.25 3.5 27 28 45.02158239836876 0.1722492344109825
3.25 3.5 28 29 44.62937934867637 0.1619026964142684
3.25 3.5 29 30 44.03527776637526 0.1523162417865095
3.25 3.5 30 31 43.28647546460462 0.1434188455038354
3.25 3.5 31 32 42.42077695388747 0.1351477079854492
3.25 3.5 32 33 41.46850722148611 0.1274471210153958
3.25 3.5 33 34 40.45401080771626 0.1202675146194127
3.25 3.5 34 35 39.39683251629728 0.1135646504235291
3.25 3.5 35 36 38.31265213624479 0.1072989382887142
3.25 3.5 36 37 37.2140279230812 0.10143485354047
3.25 3.5 37 38 36.11099058263591 0.09594043849321884
3.25 3.5 38 39 35.01151974750036 0.09078687489121763
3.25 3.5 39 40 33.92192759908485 0.08594811571982749
3.25 3.5 40 41 32.84716888201896 0.08140056618083215
3.25 3.5 41 42 31.79109211603233 0.07712280839474017
3.25 3.5 42 43 30.75664386347387 0.07309536100199364
3.25 3.5 43 44 29.74603519316457 0.06930046964995371
3.25 3.5 44 45 28.76087769133673 0.06572192446400427
3.25 3.5 45 46 27.80154202329824 0.06283283714087136
3.25 3.5 46 47 26.87018314003154 0.06239574958736754
3.25 3.5 47 48 25.96644529185808 0.0644231609719291
3.25 3.5 48 49 25.09047572875539 0.06842442822549298
3.25 3.5 49 50 24.24208220742928 0.07267268241568368
3.5 3.75 0 1 2298.676905314065 1.00001483424947
3.5 3.75 1 2 -2166.452101794141 0.6913442567700017
3.5 3.75 2 3 -3088.272213246896 1.32836417936721
3.5 3.75 3 4 -2213.605904265392 1.237408817427142
3.5 3.75 4 5 -1505.46490853631 1.100782964667437
3.5 3.75 5 6 -1022.122099093398 0.9742458434346605
3.5 3.75 6 7 -698.5731223910991 0.8644134405927977
3.5 3.75 7 8 -479.7889961190847 0.7704939989505851
3.5 3.75 8 9 -329.2980995360901 0.6896445268643552
3.5 3.75 9 10 -223.9386451725552 0.6204124869110005
3.5 3.75 10 11 -149.0454528349526 0.5605181571319647
3.5 3.75 11 12 -95.11452214699125 0.5084825511537628
3.5 3.75 12 13 -55.88427269249178 0.4630152868095378
3.5 3.75 13 14 -27.13903348024326 0.4230641224989927
3.5 3.75 14 15 -5.984001893693971 0.3877720917041111
3.5 3.75 15 16 9.605098003283274 0.3564393190673555
3.5 3.75 16 17 21.06731538927045 0.3284914897611054
3.5 3.75 17 18 29.44089770905669 0.3034546825314325
3.5 3.75 18 19 35.48486814309695 0.2809354901253717
3.5 3.75 19 20 39.76067134390416 0.2606053522164307
3.5 3.75 20 21 42.68795542075048 0.2421882058135006
3.5 3.75 21 22 44.58329280485094 0.2254507372520046
3.5 3.75 22 23 45.68745247153862 0.2101946533082155
3.5 3.75 23 24 46.18486643943351 0.196250523021065
3.5 3.75 24 25 46.21769567518982 0.1834728412510414
3.5 3.75 25 26 45.89610825040506 0.1717360482314072
3.5 3.75 26 27 45.30586748245548 0.1609313015301617
3.5 3.75 27 28 44.51398732934047 0.1509638439761253
3.5 3.75 28 29 43.57298421465231 0.1417508445295483
3.5 3.75 29 30 42.52409931666213 0.1332196185907511
3.5 3.75 30 31 41.39975875766208 0.1253061526026463
3.5 3.75 31 32 40.22546476862928 0.1179538750850239
3.5 3.75 32 33 39.02125860045095 0.1111126277258792
3.5 3.75 33 34 37.80285873242011 0.1047378005208099
3.5 3.75 34 35 36.58255118246794 0.09878960044198291
3.5 3.75 35 36 35.36988933620196 0.09323243207282135
3.5 3.75 36 37 34.17224651724837 0.08803436958052857
3.5 3.75 37 38 32.99525409543091 0.08316670538420333
3.5 3.75 38 39 31.84315014346078 0.07860356288883703
3.5 3.75 39 40 30.71905782437949 0.0743215636806339
3.5 3.75 40 41 29.62520841099607 0.07029953877063912
3.5 3.75 41 42 28.56312034687916 0.06651827970345833
3.5 3.75 42 43 27.53374343078121 0.06296032141491056
3.5 3.75 43 44 26.53757511000329 0.05960975311220836
3.5 3.75 44 45 25.57475444783131 0.05645205285299407
3.5 3.75 45 46 24.64451314571907 0.05390185431429012
3.5 3.75 46 47 23.74764855319754 0.0534998399720481
3.5 3.75 47 48 22.88299723919067 0.05524498535269015
3.5 3.75 48 49 22.04989903357939 0.05869685980948936
3.5 3.75 49 50 21.24745501234185 0.06236724318189651
3.75 4 0 1 1059.837876219507 0.09944944084078944
3.75 4 1 2 -2455.090844058829 0.8370056526383298
3.75 4 2 3 -2465.095885883982 1.129749255144118
3.75 4 3 4 -1649.295143565073 1.007673398749238
3.75 4 4 5 -1072.644404171942 0.8882600958385805
3.75 4 5 6 -699.8366527064586 0.7854512537119068
3.75 4 6 7 -458.8403599883322 0.6976299775485378
3.75 4 7 8 -300.357806450007 0.6225878276787495
3.75 4 8 9 -194.0286323220378 0.5577533567867997
3.75 4 9 10 -121.3491796600573 0.5020910250220014
3.75 4 10 11 -70.9224903372176 0.4537608096610647
3.75 4 11 12 -35.52793020825675 0.4116938867357471
3.75 4 12 13 -10.51078255147684 0.6640569341573733
3.75 4 13 14 7.258254336552227 0.529166426968914
3.75 4 14 15 19.85466470901736 0.4231011623755889
3.75 4 15 16 28.72288036973862 0.3397971987737382
3.75 4 16 17 34.87629141105782 0.2750303548646083
3.75 4 17 18 39.03666292873481 0.245590464528793
3.75 4 18 19 41.72491198424274 0.2272829288800002
3.75 4 19 20 43.32138051303082 0.2107535753775833
3.75 4 20 21 44.10658635134013 0.1957788957823968
3.75 4 21 22 44.28923533498147 0.1821694272821992
3.75 4 22 23 44.02576750341728 0.1697641282951612
3.75 4 23 24 43.43418275390184 0.1584255158296368
3.75 4 24 25 42.60394241234712 0.1497933206252218
3.75 4 25 26 41.60314136516831 0.1541848033878258
3.75 4 26 27 40.48375722265655 0.1586613344000862
3.75 4 27 28 39.28552851973612 0.1628739549844161
3.75 4 28 29 38.03884484858088 0.1666413863087436
3.75 4 29 30 36.7701595157674 0.1070918942932032
3.75 4 30 31 35.49041627870642 0.1006627812743034
3.75 4 31 32 34.21651666015671 0.09468989879770298
3.75 4 32 33 32.95852180168362 0.08913249167790507
3.75 4 33 34 31.72390402100289 0.08395431061470146
3.75 4 34 35 30.51811799942591 0.07912301908300848
3.75 4 35 36 29.34504484909618 0.07460969119190031
3.75 4 36 37 28.20733869744228 0.07038838374853452
3.75 4 37 38 27.10669812784403 0.06643576984682416
3.75 4 38 39 26.04407939501968 0.06273082413101787
3.75 4 39 40 25.01986430465819 0.05925455174861784
3.75 4 40 41 24.03399270320988 0.05598975406961596
3.75 4 41 42 23.08606713442269 0.05292082546980621
3.75 4 42 43 22.17543563421735 0.05003357712637569
3.75 4 43 44 21.30125723164008 0.04731508290552579
3.75 4 44 45 20.4625537539237 0.04475354524900371
3.75 4 45 46 19.65778802561642 0.04268947372150181
3.75 4 46 47 18.88664907967086 0.04238240644432408
3.75 4 47 48 18.14749891330916 0.04381841148466838
3.75 4 48 49 17.43914992996557 0.04662495117801085
3.75 4 49 50 16.76026602334336 0.04961308231269271
4 5 0 1 2793.548099745765 0.3282509834587589
4 5 1 2 -3389.739084428398 0.4395376558604535
4 5 2 3 -11156.83144360839 0.3188149256442755
4 5 3 4 4769.360884262429 0.5232770467645785
4 5 4 5 1842.704832596935 0.148842625806122
4 5 5 6 -4133.268189645524 0.1517625694764538
4 5 6 7 -352.7069629101147 0.07721347738499533
4 5 7 8 591.009042279871 1.154233371438545
4 5 8 9 -35.32653763879694 0.5730637702449
4 5 9 10 -135.6282423971395 0.4661519264618727
4 5 10 11 -18.43688597371977 0.3124258972919194
4 5 11 12 33.45070932302815 0.4380367879910382
4 5 12 13 41.45694342466766 0.2706080406274007
4 5 13 14 82.74567302096216 0.3867234817026955
4 5 14 15 31.29268678380771 0.102461373487714
4 5 15 16 79.18786806415687 0.05152566767493941
4 5 16 17 59.40630132307189 0.05382445760734519
4 5 17 18 47.96817229780311 0.3144047329415429
4 5 18 19 70.55911735864152 0.2212026347835862
4 5 19 20 51.36454168518213 0.1999447840221777
4 5 20 21 59.43504554641572 0.2629834554574531
4 5 21 22 54.98810751882434 0.1814057888716345
4 5 22 23 57.01543846029938 0.1273892039411871
4 5 23 24 54.35485777489833 0.08238491703825145
4 5 24 25 40.73954572945735 0.09838497602837516
4 5 25 26 49.04694338785026 0.1638539751921172
4 5 26 27 53.68257829685078 0.1537581536511271
4 5 27 28 36.4606160287745 0.05196035086298432
4 5 28 29 35.92229245873494 0.02937219846148913
4 5 29 30 42.91830354540006 0.09452869525780985
4 5 30 31 41.64416210787719 0.02471494138422215
4 5 31 32 31.92527596272849 0.02325570069373324
4 5 32 33 31.93157179982772 0.04262715573678536
4 5 33 34 32.31982942111001 0.05808499659655631
4 5 34 35 31.39553095467186 0.07803935515327758
4 5 35 36 28.84956366087752 0.06318761598546378
4 5 36 37 27.6937419208063 0.03238747596181988
4 5 37 38 26.38277111784912 0.03200637926162835
4 5 38 39 25.1500195328452 0.0311052197732446
4 5 39 40 23.98575636707771 0.02926454278445047
4 5 40 41 22.87904014714685 0.02706146391618838
4 5 41 42 21.82336061392975 0.025151926308784
4 5 42 43 20.81668904682736 0.02380432078237406
4 5 43 44 19.85898632931693 0.0229284464920051
4 5 44 45 18.94996970306521 0.02228476167911286
4 5 45 46 18.19236152621108 0.0339958902583045
4 5 46 47 17.24061886935243 0.01179194629310557
4 5 47 48 16.37523417869869 0.02390166218762092
4 5 48 49 15.64446976515741 0.03390484790715687
4 5 49 50 15.03513416534927 0.02519676242790115
-5 5 0 50 -134680.8836349777 32.35409902244304
