#ylo yhi qTlo qThi PDF0  uncertainty
-5 -4 0 1 -889.9037405556929 0.00776913335743141
-5 -4 1 2 -4079.705995291992 0.06575048881031832
-5 -4 2 3 -2334.349787817058 0.06299627806392685
-5 -4 3 4 -1256.184961243738 0.06202179238198095
-5 -4 4 5 -670.8894873720726 0.0363317172068358
-5 -4 5 6 -343.7278646415875 0.05815994483071778
-5 -4 6 7 -156.3329329446397 0.02244933969888967
-5 -4 7 8 -46.3307518273964 0.02864793530956679
-5 -4 8 9 19.48571226280797 0.03103042244662427
-5 -4 9 10 58.46606524878882 0.03049994957580227
-5 -4 10 11 81.15702360408807 0.01858236129088579
-5 -4 11 12 93.677200271679 0.01778713070658864
-5 -4 12 13 99.78494763865115 0.01684180583815773
-5 -4 13 14 101.7985196698548 0.01571365426116621
-5 -4 14 15 101.1904675830835 0.01465507409411219
-5 -4 15 16 98.92316648691906 0.01376554201272145
-5 -4 16 17 95.6342155719974 0.01297364732875706
-5 -4 17 18 91.74608607928513 0.01220417861480903
-5 -4 18 19 87.53858269069246 0.01144811708115802
-5 -4 19 20 83.19785291354759 0.01073085022803625
-5 -4 20 21 78.8481403069473 0.01007049428727983
-5 -4 21 22 74.57177171086553 0.009467028568749102
-5 -4 22 23 70.42203724013018 0.008911107109808665
-5 -4 23 24 66.43195462682127 0.008393787832655585
-5 -4 24 25 62.62047039859047 0.007910105377799957
-5 -4 25 26 58.99687379778976 0.007458128632875434
-5 -4 26 27 55.56087151642313 0.004740606355481521
-5 -4 27 28 52.31700587296231 0.004472661355952139
-5 -4 28 29 49.257475851526 0.00422447446363602
-5 -4 29 30 46.37579223539008 0.003994214219922035
-5 -4 30 31 43.66429937447951 0.003780162188621409
-5 -4 31 32 41.11468835489593 0.003580783058554185
-5 -4 32 33 38.71836022920874 0.003394741897559951
-5 -4 33 34 36.4666806598168 0.00322088534664307
-5 -4 34 35 34.35321611656508 0.001985063278258187
-5 -4 35 36 32.3655668252398 0.001887838531297561
-5 -4 36 37 30.49792743245742 0.001796436245560561
-5 -4 37 38 28.74276752643562 0.001710472508359286
-5 -4 38 39 27.09295537500554 0.001629583443232656
-5 -4 39 40 25.54176573545251 0.001553424348110248
-5 -4 40 41 24.08287731416137 0.001481670519978578
-5 -4 41 42 22.71036321386248 0.001414018304741006
-5 -4 42 43 21.4186767836843 0.001350185640088866
-5 -4 43 44 20.20263461290781 0.001289911781382582
-5 -4 44 45 19.05739786220429 0.00123295643722945
-5 -4 45 46 17.97805312113955 0.001179105417522173
-5 -4 46 47 16.96101218990611 0.00112810851171774
-5 -4 47 48 16.00170662747565 0.001079803040567278
-5 -4 48 49 15.09632979368235 0.001034258781487129
-5 -4 49 50 14.24137086239949 0.0009907071982316125
-4 -3.75 0 1 -332.6899762335455 0.01907504884986222
-4 -3.75 1 2 -3784.928270393554 0.1185601504964235
-4 -3.75 2 3 -2589.05764671283 0.09506445890423504
-4 -3.75 3 4 -1552.283310095285 0.07208860293330666
-4 -3.75 4 5 -927.8723234439424 0.05635443442767075
-4 -3.75 5 6 -552.6761192625418 0.04537096905812701
-4 -3.75 6 7 -322.2984275703006 0.03740104743870471
-4 -3.75 7 8 -177.516764128573 0.03141365934860253
-4 -3.75 8 9 -84.72695176543448 0.02678473401307262
-4 -3.75 9 10 -24.40131040475046 0.02311969943008463
-4 -3.75 10 11 15.08670780121554 0.0201608923027257
-4 -3.75 11 12 40.90914786040719 0.01773244762594249
-4 -3.75 12 13 57.59664920683042 0.01571124900254544
-4 -3.75 13 14 68.08506908045081 0.0140086989722813
-4 -3.75 14 15 74.31858167540884 0.01255956707954156
-4 -3.75 15 16 77.60918415801899 0.01131486015744367
-4 -3.75 16 17 78.85672133745032 0.0102371307087502
-4 -3.75 17 18 78.68687938147173 0.009297309589695716
-4 -3.75 18 19 77.53969542434493 0.008472518506434396
-4 -3.75 19 20 75.72749694165987 0.007744528154443362
-4 -3.75 20 21 73.46643540544369 0.008399068429324268
-4 -3.75 21 22 70.93816757464123 0.006522935645390972
-4 -3.75 22 23 68.23688963092468 0.006007564421925128
-4 -3.75 23 24 65.45288715592554 0.005544408312596194
-4 -3.75 24 25 62.64590951421977 0.00512668340227405
-4 -3.75 25 26 59.85859318320294 0.004748688735572906
-4 -3.75 26 27 57.12101670495528 0.004405602328231936
-4 -3.75 27 28 54.45400912057747 0.004093321146727399
-4 -3.75 28 29 51.87157124449334 0.003808334452538803
-4 -3.75 29 30 49.38265941996656 0.003547622727177488
-4 -3.75 30 31 46.99250717824563 0.003308576384446134
-4 -3.75 31 32 44.70360927170333 0.003088929921090487
-4 -3.75 32 33 42.51645724317204 0.002886708224792443
-4 -3.75 33 34 40.43009096253056 0.002700182506998416
-4 -3.75 34 35 38.44251305642837 0.002527833928501195
-4 -3.75 35 36 36.55100065669477 0.002368323405165596
-4 -3.75 36 37 34.75233989365017 0.002220466411868495
-4 -3.75 37 38 33.04300204511235 0.002083211851514686
-4 -3.75 38 39 31.41927546529989 0.001955624255698144
-4 -3.75 39 40 29.87736390109596 0.001836868717515819
-4 -3.75 40 41 28.41345924257905 0.001726198089671709
-4 -3.75 41 42 27.02379474985446 0.001622942060818866
-4 -3.75 42 43 25.70468339847299 0.001526497800408569
-4 -3.75 43 44 24.45254489144553 0.001436321916202206
-4 -3.75 44 45 23.26392401664405 0.001351923519626534
-4 -3.75 45 46 22.13505815501397 0.001324519150455492
-4 -3.75 46 47 21.06359280327824 0.001262423016265411
-4 -3.75 47 48 20.04594354266284 0.001204992708592528
-4 -3.75 48 49 19.07913956824282 0.001156885187183321
-4 -3.75 49 50 18.16042619161552 0.001782976022768981
-3.75 -3.5 0 1 44.68926661399246 0.009356544332647826
-3.75 -3.5 1 2 -4532.932664830235 0.02891105243476473
-3.75 -3.5 2 3 -3450.085694658027 0.02202396491835155
-3.75 -3.5 3 4 -2172.694428524572 0.02373256530550606
-3.75 -3.5 4 5 -1357.874923120914 0.02178511748963661
-3.75 -3.5 5 6 -850.4701015567039 0.01941490307420496
-3.75 -3.5 6 7 -529.6657238492221 0.01724099730521539
-3.75 -3.5 7 8 -322.4576824636338 0.01536364497525602
-3.75 -3.5 8 9 -185.9133230203352 0.01376718713806443
-3.75 -3.5 9 10 -94.43325515350307 0.01240737986244539
-3.75 -3.5 10 11 -32.45779068396882 0.01124437389496168
-3.75 -3.5 11 12 9.788672917983376 0.01024263765963712
-3.75 -3.5 12 13 38.58387512444426 0.009373608945131987
-3.75 -3.5 13 14 58.05927595095181 0.008614427786957904
-3.75 -3.5 14 15 70.99210406904683 0.007946831126359603
-3.75 -3.5 15 16 79.28463312540396 0.007356173504235833
-3.75 -3.5 16 17 84.26143620462369 0.006830636949677557
-3.75 -3.5 17 18 86.85808579609034 0.006360615457503922
-3.75 -3.5 18 19 87.7435571179102 0.00593824149084579
-3.75 -3.5 19 20 87.40121526291256 0.005557022623355505
-3.75 -3.5 20 21 86.18337431979069 0.005211561975358767
-3.75 -3.5 21 22 84.34865804539339 0.00489734200332916
-3.75 -3.5 22 23 82.08796468057483 0.004610556202130831
-3.75 -3.5 23 24 79.54275500019872 0.004347977183744967
-3.75 -3.5 24 25 76.8180903294363 0.004106852513024479
-3.75 -3.5 25 26 73.99203017026787 0.003884821867675909
-3.75 -3.5 26 27 71.12247350668906 0.00367985069031418
-3.75 -3.5 27 28 68.25218408409154 0.003490176692245868
-3.75 -3.5 28 29 65.41251184165318 0.003314266425548238
-3.75 -3.5 29 30 62.62616899067405 0.003150779817440562
-3.75 -3.5 30 31 59.90931454620605 0.002998541027696956
-3.75 -3.5 31 32 57.27312876874197 0.002856514370836478
-3.75 -3.5 32 33 54.72500850238563 0.002723784306576216
-3.75 -3.5 33 34 52.26947880107545 0.002599538736910512
-3.75 -3.5 34 35 49.90889087668731 0.002483054981967437
-3.75 -3.5 35 36 47.64395817154491 0.002373687961246682
-3.75 -3.5 36 37 45.4741691400956 0.002270860185846485
-3.75 -3.5 37 38 43.39810569196086 0.002174053241814765
-3.75 -3.5 38 39 41.41368911864924 0.002082800524669068
-3.75 -3.5 39 40 39.51837005554677 0.00199668100850202
-3.75 -3.5 40 41 37.70927515194445 0.001915313885641023
-3.75 -3.5 41 42 35.98332007858565 0.001838353941327013
-3.75 -3.5 42 43 34.33729635362128 0.001765487545312664
-3.75 -3.5 43 44 32.76793775718446 0.001696429169083207
-3.75 -3.5 44 45 31.27197077614417 0.001630918351785109
-3.75 -3.5 45 46 29.84554676495371 0.001579279742090892
-3.75 -3.5 46 47 28.48662447943185 0.00152985432272554
-3.75 -3.5 47 48 27.19137162127585 0.001484930643056256
-3.75 -3.5 48 49 25.95663489077286 0.00280709664879209
-3.75 -3.5 49 50 24.77962811008111 0.001791749379472622
-3.5 -3.25 0 1 543.0799461183169 0.01543400308361378
-3.5 -3.25 1 2 -4868.405426955271 0.009363467269496393
-3.5 -3.25 2 3 -4098.528102742855 0.01574932360567802
-3.5 -3.25 3 4 -2683.437637410754 0.01770167890590744
-3.5 -3.25 4 5 -1732.348148953799 0.01644478268175479
-3.5 -3.25 5 6 -1122.616313108136 0.0147319928704709
-3.5 -3.25 6 7 -728.3009485855055 0.01311613248725642
-3.5 -3.25 7 8 -468.3735522553477 0.01170370054002245
-3.5 -3.25 8 9 -293.6447918909387 0.01049386244203999
-3.5 -3.25 9 10 -174.1440159295421 0.009458735649857736
-3.5 -3.25 10 11 -91.34383152098144 0.008570988667979493
-3.5 -3.25 11 12 -33.43648819944929 0.007804823093260571
-3.5 -3.25 12 13 7.257997143903822 0.007139228685653995
-3.5 -3.25 13 14 35.85351836097561 0.006557192864309643
-3.5 -3.25 14 15 55.82618593221673 0.006045017464531486
-3.5 -3.25 15 16 69.58292193835564 0.00559165611036657
-3.5 -3.25 16 17 78.81786808625577 0.005188157739392906
-3.5 -3.25 17 18 84.74079657142943 0.004827223115907798
-3.5 -3.25 18 19 88.22656961658095 0.004502858688784275
-3.5 -3.25 19 20 89.91483805113796 0.004210108245782708
-3.5 -3.25 20 21 90.27772944377909 0.003944844908249196
-3.5 -3.25 21 22 89.66654828250512 0.003703609339659372
-3.5 -3.25 22 23 88.34447085599516 0.00348348324689864
-3.5 -3.25 23 24 86.50974171206587 0.003281989849930616
-3.5 -3.25 24 25 84.31233182089653 0.003097015065813971
-3.5 -3.25 25 26 81.86603410272295 0.002926744673200558
-3.5 -3.25 26 27 79.25733484081053 0.002769613869405875
-3.5 -3.25 27 28 76.55198031753514 0.00262426653305796
-3.5 -3.25 28 29 73.79987830977205 0.002489522098348965
-3.5 -3.25 29 30 71.0387846380948 0.00236434846841691
-3.5 -3.25 30 31 68.29709524958275 0.002247839729149665
-3.5 -3.25 31 32 65.59597421870609 0.002139197711030376
-3.5 -3.25 32 33 62.95098488275113 0.002037716667513333
-3.5 -3.25 33 34 60.37334656646536 0.001942770455809625
-3.5 -3.25 34 35 57.87090729915528 0.001853801781581122
-3.5 -3.25 35 36 55.44889977855766 0.001770313117717903
-3.5 -3.25 36 37 53.11053096355263 0.001691859016452194
-3.5 -3.25 37 38 50.85744332729479 0.001618039560996179
-3.5 -3.25 38 39 48.69007661040919 0.001548494776494504
-3.5 -3.25 39 40 46.60795208940115 0.001482899833880927
-3.5 -3.25 40 41 44.60989632102192 0.001420960926084143
-3.5 -3.25 41 42 42.69421349313669 0.005750812412912888
-3.5 -3.25 42 43 40.85883996676534 0.005365447181452767
-3.5 -3.25 43 44 39.1014294655613 0.005007440673292175
-3.5 -3.25 44 45 37.41945545149331 0.004674639612585758
-3.5 -3.25 45 46 35.80954298415399 0.004452316407121615
-3.5 -3.25 46 47 34.27044889298286 0.004478555148208029
-3.5 -3.25 47 48 32.79829596825491 0.003938825096935094
-3.5 -3.25 48 49 31.39069258376459 0.003445476123984263
-3.5 -3.25 49 50 30.04465969361651 0.001650553800060591
-3.25 -3 0 1 1083.136634769103 0.01510451936842073
-3.25 -3 1 2 -4886.141278942308 0.1961390176646734
-3.25 -3 2 3 -4536.963909155927 0.0880988308608283
-3.25 -3 3 4 -3068.602609176101 0.04967665841316173
-3.25 -3 4 5 -2031.885453836268 0.03105624439090087
-3.25 -3 5 6 -1350.392434757635 0.02052693303049852
-3.25 -3 6 7 -901.3980090486712 0.01398597991248179
-3.25 -3 7 8 -600.6026106939134 0.009658360786482505
-3.25 -3 8 9 -395.2799224955004 0.006658258114460052
-3.25 -3 9 10 -252.6811895359062 0.004510457557938367
-3.25 -3 10 11 -152.2637610833233 0.002930420910171868
-3.25 -3 11 12 -80.77805168334817 0.00174473869803182
-3.25 -3 12 13 -29.51551233341343 0.0008413109813951294
-3.25 -3 13 14 7.37774634889729 0.000153541731876392
-3.25 -3 14 15 33.91611924335712 0.0004090493316363366
-3.25 -3 15 16 52.90284726080472 0.0008344149399359916
-3.25 -3 16 17 66.32742356475944 0.001171366768123834
-3.25 -3 17 18 75.62230357609405 0.001438247264812286
-3.25 -3 18 19 81.83208987725095 0.001649640961966261
-3.25 -3 19 20 85.72713854496067 0.001816752808646354
-3.25 -3 20 21 87.88117165948336 0.001948247927610519
-3.25 -3 21 22 88.72514438460041 0.002050893428191392
-3.25 -3 22 23 88.58517554862863 0.002130025583012454
-3.25 -3 23 24 87.70961126770794 0.002189890360638901
-3.25 -3 24 25 86.28856929363786 0.002233894094416221
-3.25 -3 25 26 84.46820970319374 0.002264790071317713
-3.25 -3 26 27 82.3612606692692 0.002284818963230612
-3.25 -3 27 28 80.05485414603959 0.002295815640711472
-3.25 -3 28 29 77.61640865798933 0.002299291191891361
-3.25 -3 29 30 75.09808031863321 0.002296496504882581
-3.25 -3 30 31 72.54015464225546 0.002288471952427706
-3.25 -3 31 32 69.97364811980128 0.002276086530572675
-3.25 -3 32 33 67.4223156056446 0.002260068921029405
-3.25 -3 33 34 64.90420769185073 0.002241032301575381
-3.25 -3 34 35 62.43287772882383 0.009923623350482113
-3.25 -3 35 36 60.01836244272982 0.009263487919442577
-3.25 -3 36 37 57.66788421308902 0.008654071090007504
-3.25 -3 37 38 55.38647241926196 0.008090999612991073
-3.25 -3 38 39 53.1774227275807 0.007570340559064435
-3.25 -3 39 40 51.04266806709748 0.007088549973955098
-3.25 -3 40 41 48.9830795390713 0.008430621919707122
-3.25 -3 41 42 46.99867885723947 0.007866879409689888
-3.25 -3 42 43 45.08886129641502 0.007343445578167925
-3.25 -3 43 44 43.25252224118603 0.006857051294674074
-3.25 -3 44 45 41.48818336486954 0.006404735891238061
-3.25 -3 45 46 39.79326140895571 0.006110272247412973
-3.25 -3 46 47 38.1674630500944 0.004984538593874443
-3.25 -3 47 48 36.60749421486639 0.005414996481786842
-3.25 -3 48 49 35.11132919554083 0.003618443219857425
-3.25 -3 49 50 33.67661660661268 0.002103504203511897
-3 -2.75 0 1 1609.239704739359 0.02466816305934131
-3 -2.75 1 2 -4714.802170466695 0.04195129378806211
-3 -2.75 2 3 -4815.349080958189 0.005600912375542903
-3 -2.75 3 4 -3346.077025067352 0.004424835602635993
-3 -2.75 4 5 -2260.120352867231 0.008029172729929408
-3 -2.75 5 6 -1530.930371132265 0.00938236824618134
-3 -2.75 6 7 -1043.194640247315 0.009795254713324653
-3 -2.75 7 8 -712.2354897837272 0.009778179567670957
-3 -2.75 8 9 -483.6265745028409 0.009553787321574782
-3 -2.75 9 10 -322.9959413845245 0.00923332471876437
-3 -2.75 10 11 -208.5165202673281 0.008870709624606978
-3 -2.75 11 12 -125.9712278860704 0.008495299229008964
-3 -2.75 12 13 -65.93576368741947 0.008122674339334926
-3 -2.75 13 14 -22.0268378526921 0.007761089411579801
-3 -2.75 14 15 10.16379414699895 0.007414721710532831
-3 -2.75 15 16 33.73492801299312 0.007085437525525622
-3 -2.75 16 17 50.90001863098314 0.006773783698109326
-3 -2.75 17 18 63.26292424146709 0.006479558369883536
-3 -2.75 18 19 72.00069883129686 0.006202145656649947
-3 -2.75 19 20 77.98699425919744 0.005940714184631557
-3 -2.75 20 21 81.8767875486476 0.005694335473353324
-3 -2.75 21 22 84.16546586211064 0.005462054272165296
-3 -2.75 22 23 85.23062185819344 0.005242929697107851
-3 -2.75 23 24 85.36200785008782 0.005036058486672081
-3 -2.75 24 25 84.78326245442258 0.004840587270512535
-3 -2.75 25 26 83.66784369887796 0.00465571806836274
-3 -2.75 26 27 82.1508319730579 0.004480709701389282
-3 -2.75 27 28 80.33775480583495 0.004314876741600455
-3 -2.75 28 29 78.31124143069877 0.004157587075614977
-3 -2.75 29 30 76.13608027781032 0.004008258714889494
-3 -2.75 30 31 73.86307269325852 0.01410629704868725
-3 -2.75 31 32 71.53208879447266 0.01314850396304264
-3 -2.75 32 33 69.17427043899755 0.01226624735640056
-3 -2.75 33 34 66.81390932818334 0.01145261617936552
-3 -2.75 34 35 64.46984154626068 0.01070144203486724
-3 -2.75 35 36 62.15656380057646 0.01268372736784666
-3 -2.75 36 37 59.88510027952549 0.0118229490477838
-3 -2.75 37 38 57.66372209282861 0.01102683606409723
-3 -2.75 38 39 55.4984898491131 0.01028974497624341
-3 -2.75 39 40 53.39370232861978 0.009606613176010024
-3 -2.75 40 41 51.35225321073793 0.008972888955391153
-3 -2.75 41 42 49.37591766435651 0.008384471172175447
-3 -2.75 42 43 47.46558312988222 0.007837657626543232
-3 -2.75 43 44 45.62143547481739 0.007329099019630526
-3 -2.75 44 45 43.84310933910237 0.006855760614694213
-3 -2.75 45 46 42.1289160109676 0.006550482854304838
-3 -2.75 46 47 40.47946634631558 0.006627850757903319
-3 -2.75 47 48 38.89229419568969 0.005819415442734668
-3 -2.75 48 49 37.36581524829182 0.003889745826435135
-3 -2.75 49 50 35.89827433587359 0.002421313742124397
-2.75 -2.5 0 1 2098.534180284109 0.003295266004553381
-2.75 -2.5 1 2 -4454.420205609687 0.1579625321253226
-2.75 -2.5 2 3 -4991.176027543553 0.08751246604403592
-2.75 -2.5 3 4 -3546.582421950156 0.05708979759901473
-2.75 -2.5 4 5 -2432.876041100408 0.04057289731749262
-2.75 -2.5 5 6 -1671.666314171346 0.03039992027175287
-2.75 -2.5 6 7 -1156.319339179166 0.02361000542503875
-2.75 -2.5 7 8 -803.1098551597993 0.01881737376440477
-2.75 -2.5 8 9 -556.8995095716182 0.01529268368279508
-2.75 -2.5 9 10 -382.3740815105732 0.01261641583921555
-2.75 -2.5 10 11 -256.8805371842459 0.01053317682225582
-2.75 -2.5 11 12 -165.5472887610636 0.008878052977902567
-2.75 -2.5 12 13 -98.44910757914613 0.007540703268459774
-2.75 -2.5 13 14 -48.82299092245648 0.00644469256941923
-2.75 -2.5 14 15 -11.97269284916501 0.005535564174538302
-2.75 -2.5 15 16 15.42019026933053 0.004773580629436674
-2.75 -2.5 16 17 35.73782207685122 0.004129140924107392
-2.75 -2.5 17 18 50.71474392121877 0.003579795036523818
-2.75 -2.5 18 19 61.63009353154837 0.003108245270084922
-2.75 -2.5 19 20 69.43792364855506 0.00270097589317221
-2.75 -2.5 20 21 74.85703309927135 0.002347293505836283
-2.75 -2.5 21 22 78.43384608346867 0.002038642237425124
-2.75 -2.5 22 23 80.58705173352632 0.001768106811983943
-2.75 -2.5 23 24 81.63970846057111 0.001530046368227944
-2.75 -2.5 24 25 81.84260989235963 0.001319820918606898
-2.75 -2.5 25 26 81.39147802031255 0.001133584412911629
-2.75 -2.5 26 27 80.43974230203867 0.000968126396106789
-2.75 -2.5 27 28 79.10812631208694 0.0008207495755566412
-2.75 -2.5 28 29 77.49189020900792 0.01648065277382736
-2.75 -2.5 29 30 75.66640642081802 0.01530782419920313
-2.75 -2.5 30 31 73.69134095281589 0.01422963212201237
-2.75 -2.5 31 32 71.61399987577346 0.0177072711499618
-2.75 -2.5 32 33 69.47181263186906 0.0164747160327909
-2.75 -2.5 33 34 67.29442642070882 0.01533964513435402
-2.75 -2.5 34 35 65.1052163999147 0.01429293135925226
-2.75 -2.5 35 36 62.9225458769584 0.0133264664819826
-2.75 -2.5 36 37 60.7607540637967 0.01243302716293629
-2.75 -2.5 37 38 58.63094357763157 0.01160616152038243
-2.75 -2.5 38 39 56.54161062487458 0.01084009262184411
-2.75 -2.5 39 40 54.49915098438819 0.01012963563569211
-2.75 -2.5 40 41 52.50826758583077 0.009470126466252253
-2.75 -2.5 41 42 50.57229963693885 0.008857361043958296
-2.75 -2.5 42 43 48.69348911230963 0.008287542205528168
-2.75 -2.5 43 44 46.87319696922307 0.00775723334777889
-2.75 -2.5 44 45 45.11207887638616 0.007263318912457625
-2.75 -2.5 45 46 43.40928495717534 0.006947204950159124
-2.75 -2.5 46 47 41.76629828811912 0.007037531812614352
-2.75 -2.5 47 48 40.18127371070966 0.006182947668383448
-2.75 -2.5 48 49 38.65321497297603 0.004129092841239862
-2.75 -2.5 49 50 37.18088105429575 0.001870626061214191
-2.5 -2.25 0 1 2547.894507862612 0.02048259970144136
-2.5 -2.25 1 2 -4167.807192745113 0.008691794476768454
-2.5 -2.25 2 3 -5110.408591789211 0.02678219001202762
-2.5 -2.25 3 4 -3698.118480228341 0.02642305224448979
-2.5 -2.25 4 5 -2566.896589434243 0.02386720130516599
-2.5 -2.25 5 6 -1782.509707232485 0.02125822945601167
-2.5 -2.25 6 7 -1246.473255701047 0.01896151869455904
-2.5 -2.25 7 8 -876.283650259345 0.01700409818268651
-2.5 -2.25 8 9 -616.4664039897293 0.01534113547313047
-2.5 -2.25 9 10 -431.0889306247482 0.01392353992135454
-2.5 -2.25 10 11 -296.9159261144332 0.01270560657113947
-2.5 -2.25 11 12 -198.6027726277878 0.01165106842101598
-2.5 -2.25 12 13 -125.8550135160876 0.0107309531463384
-2.5 -2.25 13 14 -71.62585297285636 0.009922308783560244
-2.5 -2.25 14 15 -31.00134663534163 0.009206885848768033
-2.5 -2.25 15 16 -0.4954810229355644 0.008570073720503155
-2.5 -2.25 16 17 22.40376324838758 0.008000079502946756
-2.5 -2.25 17 18 39.53227623270345 0.00748730350406486
-2.5 -2.25 18 19 52.24890551366798 0.007023865615201402
-2.5 -2.25 19 20 61.57087326409203 0.006603244917132836
-2.5 -2.25 20 21 68.26740695534465 0.006220003799079117
-2.5 -2.25 21 22 72.92546810666579 0.005869575219054102
-2.5 -2.25 22 23 75.99654457950533 0.005548097319909023
-2.5 -2.25 23 24 77.83039404197598 0.005252283832060869
-2.5 -2.25 24 25 78.69966782588426 0.004979321697847277
-2.5 -2.25 25 26 78.81807691260178 0.004726789564856948
-2.5 -2.25 26 27 78.35392900377917 0.004492592419579461
-2.5 -2.25 27 28 77.44030992090518 0.004274908780707024
-2.5 -2.25 28 29 76.1827914664832 0.01780424636283572
-2.5 -2.25 29 30 74.66539869096334 0.01657961379982881
-2.5 -2.25 30 31 72.9550782375274 0.02003815200057606
-2.5 -2.25 31 32 71.10522297375337 0.0186455822553355
-2.5 -2.25 32 33 69.15850679250707 0.01736407427737364
-2.5 -2.25 33 34 67.14897464852334 0.01618307617568522
-2.5 -2.25 34 35 65.10376251702081 0.01509323526658019
-2.5 -2.25 35 36 63.04444703126347 0.01408623741287427
-2.5 -2.25 36 37 60.98812019160732 0.01315467170438867
-2.5 -2.25 37 38 58.94824875187226 0.01229191468718969
-2.5 -2.25 38 39 56.9353640528617 0.01149203250139953
-2.5 -2.25 39 40 54.95761768080126 0.01074969633123135
-2.5 -2.25 40 41 53.02123055979712 0.01006011029380842
-2.5 -2.25 41 42 51.1308568773058 0.009418949146320004
-2.5 -2.25 42 43 49.28987984323001 0.008822303798160236
-2.5 -2.25 43 44 47.50065259052724 0.008266635340167298
-2.5 -2.25 44 45 45.76469478698425 0.007748733096664876
-2.5 -2.25 45 46 44.08186910312438 0.007418341789318251
-2.5 -2.25 46 47 42.45439606448844 0.007517938660679141
-2.5 -2.25 47 48 40.88095746354944 0.006615989280799691
-2.5 -2.25 48 49 39.36105912187051 0.004439970371640694
-2.5 -2.25 49 50 37.8938998305938 0.002256956117269385
-2.25 -2 0 1 2957.733940780839 0.0222212104078288
-2.25 -2 1 2 -3896.183532472365 0.04221841822657562
-2.25 -2 2 3 -5216.260877020493 0.118649815146578
-2.25 -2 3 4 -3832.147281857358 0.07881473335168622
-2.25 -2 4 5 -2682.893909444713 0.05686859396698448
-2.25 -2 5 6 -1876.267793788435 0.04320240523324358
-2.25 -2 6 7 -1321.045032841346 0.03399676250430259
-2.25 -2 7 8 -935.5187033424022 0.02744672431280346
-2.25 -2 8 9 -663.6798462066095 0.02259228117696452
-2.25 -2 9 10 -468.8968299050512 0.01888160031179558
-2.25 -2 10 11 -327.3257470282872 0.01597346636797278
-2.25 -2 11 12 -223.1523307737668 0.01364799020352775
-2.25 -2 12 13 -145.7272349464065 0.01175708815411318
-2.25 -2 13 14 -87.73773616524295 0.01019774765335395
-2.25 -2 14 15 -44.06995223141394 0.008896286910438015
-2.25 -2 15 16 -11.0864265732464 0.007798738925406595
-2.25 -2 16 17 13.8406071491579 0.006864759687116479
-2.25 -2 17 18 32.6363377207208 0.006063646805169837
-2.25 -2 18 19 46.72914298934597 0.005371666057356378
-2.25 -2 19 20 57.19085758794154 0.004770213072681834
-2.25 -2 20 21 64.83395484979246 0.004244522483367338
-2.25 -2 21 22 70.27989992352161 0.003782744396699999
-2.25 -2 22 23 74.007900552558 0.003375272494349679
-2.25 -2 23 24 76.39012631274613 0.003014247755871069
-2.25 -2 24 25 77.71745495653681 0.002693186854048631
-2.25 -2 25 26 78.21849977324268 0.002406700384092524
-2.25 -2 26 27 78.07381319946865 0.002150276794259691
-2.25 -2 27 28 77.42658802834194 0.001920114898541438
-2.25 -2 28 29 76.39079076151415 0.02424638041185707
-2.25 -2 29 30 75.05738208072296 0.02253483758948425
-2.25 -2 30 31 73.49913243030863 0.02096384871175213
-2.25 -2 31 32 71.77434611183662 0.01951952968441285
-2.25 -2 32 33 69.9297794991964 0.018189645196387
-2.25 -2 33 34 68.00293337521771 0.01696337797529346
-2.25 -2 34 35 66.02386442277981 0.01583113481913863
-2.25 -2 35 36 64.01662381474313 0.01478438361446293
-2.25 -2 36 37 62.00040486325059 0.01381551508725543
-2.25 -2 37 38 59.99046245440638 0.01291772514979409
-2.25 -2 38 39 57.99885250020276 0.01208491533687418
-2.25 -2 39 40 56.03502874350477 0.01131160655015364
-2.25 -2 40 41 54.10632608379075 0.01059286530060514
-2.25 -2 41 42 52.21835307359493 0.009924240217752383
-2.25 -2 42 43 50.37531159890537 0.009301706792807077
-2.25 -2 43 44 48.58025785954965 0.00872161955404363
-2.25 -2 44 45 46.83531588669246 0.008180670512170123
-2.25 -2 45 46 45.14082747199097 0.007836919926660092
-2.25 -2 46 47 43.49953877022241 0.007946727874918642
-2.25 -2 47 48 41.91046638190684 0.006998958962894371
-2.25 -2 48 49 40.37344619603064 0.004703075407473346
-2.25 -2 49 50 38.88796077652555 0.002167679426200902
-2 -1.75 0 1 3344.779380785576 0.02752638798272165
-2 -1.75 1 2 -3626.585584738171 0.05459075363455269
-2 -1.75 2 3 -5303.048673263973 0.02566004711988251
-2 -1.75 3 4 -3953.684007504966 0.01494338108546088
-2 -1.75 4 5 -2793.412327082231 0.1364608435674683
-2 -1.75 5 6 -1969.240902368608 0.09289858182514268
-2 -1.75 6 7 -1397.646416147632 0.06522325561707731
-2 -1.75 7 8 -998.3620029636841 0.04656342637322955
-2 -1.75 8 9 -715.3167957773658 0.03342789873397498
-2 -1.75 9 10 -511.481572096603 0.02387627177538825
-2 -1.75 10 11 -362.593920374492 0.01675334996775022
-2 -1.75 11 12 -252.4831699066287 0.01133515393402707
-2 -1.75 12 13 -170.2138409083893 0.007147807576145557
-2 -1.75 13 14 -108.2489964970205 0.003870367875378331
-2 -1.75 14 15 -61.3001825442318 0.001279319072644289
-2 -1.75 15 16 -25.59390812195761 0.0007883111628185359
-2 -1.75 16 17 1.604059733048871 0.002443885345791816
-2 -1.75 17 18 22.30273697248572 0.003777883632539997
-2 -1.75 18 19 37.99694513413851 0.004855328423413859
-2 -1.75 19 20 49.81154422759937 0.00572648273473208
-2 -1.75 20 21 58.60160830059397 0.006430393217111452
-2 -1.75 21 22 65.02304805925587 0.006997719788941052
-2 -1.75 22 23 69.58309232345391 0.007452779009041345
-2 -1.75 23 24 72.6768359321045 0.007815032646496387
-2 -1.75 24 25 74.61401334410971 0.008100185995153528
-2 -1.75 25 26 75.63882583949442 0.00832100837460663
-2 -1.75 26 27 75.94477220885915 0.008487953203987207
-2 -1.75 27 28 75.6858448646625 0.008609631605978392
-2 -1.75 28 29 74.98506218155433 0.01682566942754399
-2 -1.75 29 30 73.94096210575367 0.02380051536476097
-2 -1.75 30 31 72.63277480467582 0.02216446538016955
-2 -1.75 31 32 71.12422275130155 0.02065917305618146
-2 -1.75 32 33 69.46668011474594 0.01927209401158048
-2 -1.75 33 34 67.70158261608071 0.01799212861143058
-2 -1.75 34 35 65.86234966566343 0.01680942603642796
-2 -1.75 35 36 63.9759140059985 0.01571521844991201
-2 -1.75 36 37 62.06394459106832 0.01470168090972037
-2 -1.75 37 38 60.14382841612422 0.01376181210746928
-2 -1.75 38 39 58.22946190743636 0.0128893325970939
-2 -1.75 39 40 56.33189110440327 0.01235239729184195
-2 -1.75 40 41 54.45983134115266 0.01186751968160058
-2 -1.75 41 42 52.6200902987984 0.0114160530421033
-2 -1.75 42 43 50.81842163054478 0.009940053298861383
-2 -1.75 43 44 49.05776871156746 0.009330902144942314
-2 -1.75 44 45 47.34156444581956 0.008762451490534747
-2 -1.75 45 46 45.67081403954026 0.008400852091686712
-2 -1.75 46 47 44.0489314627788 0.008515935132501854
-2 -1.75 47 48 42.47542505102632 0.007518752347533721
-2 -1.75 48 49 40.9505977331626 0.005101258796692976
-2 -1.75 49 50 39.47434089974089 0.002428125253889441
-1.75 -1.5 0 1 3709.393423908824 0.0005662926244691429
-1.75 -1.5 1 2 -3347.065090513197 0.003518729043376549
-1.75 -1.5 2 3 -5351.171169008294 0.1349589195143854
-1.75 -1.5 3 4 -4030.976619280479 0.06567907304358044
-1.75 -1.5 4 5 -2860.75749252581 0.03404534994295846
-1.75 -1.5 5 6 -2022.770697126939 0.01716547081538344
-1.75 -1.5 6 7 -1439.279733655585 0.007289406977230521
-1.75 -1.5 7 8 -1030.622592273157 0.001188544045551405
-1.75 -1.5 8 9 -740.3649049324235 0.002803089439658393
-1.75 -1.5 9 10 -530.971848037545 0.005420690643424844
-1.75 -1.5 10 11 -377.7817176706521 0.007173600333773962
-1.75 -1.5 11 12 -264.3170839180066 0.008353625687090884
-1.75 -1.5 12 13 -179.4135900489421 0.009139403763042522
-1.75 -1.5 13 14 -115.3664357193411 0.009649051441747493
-1.75 -1.5 14 15 -66.76253807466151 0.009961989131572379
-1.75 -1.5 15 16 -29.73495275119308 0.01013294536822326
-1.75 -1.5 16 17 -1.47861202836043 0.01020042444287643
-1.75 -1.5 17 18 20.0697616641196 0.01019199836276
-1.75 -1.5 18 19 36.4469713892131 0.01012771034300937
-1.75 -1.5 19 20 48.81065550144194 0.01002231912803027
-1.75 -1.5 20 21 58.04169307858626 0.009886811816716643
-1.75 -1.5 21 22 64.8164614921842 0.00972944368096359
-1.75 -1.5 22 23 69.65853053812293 0.009556465340894056
-1.75 -1.5 23 24 72.9761197843693 0.009372639220097213
-1.75 -1.5 24 25 75.0895613134461 0.009181611546771103
-1.75 -1.5 25 26 76.25165416488483 0.008986183643631272
-1.75 -1.5 26 27 76.66292099241934 0.0199915294601399
-1.75 -1.5 27 28 76.48304315485814 0.01851752260464865
-1.75 -1.5 28 29 75.83975274540398 0.01717496663874981
-1.75 -1.5 29 30 74.83548900303572 0.01594938149577397
-1.75 -1.5 30 31 73.55263163809423 0.01482822844153681
-1.75 -1.5 31 32 72.05754454629948 0.02180053600749479
-1.75 -1.5 32 33 70.40382248694891 0.02036524503504377
-1.75 -1.5 33 34 68.63469966666702 0.01903925057273676
-1.75 -1.5 34 35 66.78510446450008 0.01781262061857955
-1.75 -1.5 35 36 64.88322499296146 0.01667650300374995
-1.75 -1.5 36 37 62.95177531944438 0.01562298691052099
-1.75 -1.5 37 38 61.00901281836246 0.01464498565335036
-1.75 -1.5 38 39 59.06955876729222 0.01373613483780977
-1.75 -1.5 39 40 57.14506261930308 0.01289070686447523
-1.75 -1.5 40 41 55.24474160666068 0.0121035352092867
-1.75 -1.5 41 42 53.37582031417509 0.011369950807388
-1.75 -1.5 42 43 51.54388986239297 0.01068572540418569
-1.75 -1.5 43 44 49.75320211805712 0.01004702314031842
-1.75 -1.5 44 45 48.00691123962238 0.009450357848100588
-1.75 -1.5 45 46 46.30617902206384 0.00906936454947296
-1.75 -1.5 46 47 44.65464817211358 0.009186608197028118
-1.75 -1.5 47 48 43.05191159655868 0.008316234323624121
-1.75 -1.5 48 49 41.49837405588036 0.006831077325712727
-1.75 -1.5 49 50 39.99400858731809 0.00554594749500281
-1.5 -1.25 0 1 4049.522292090046 0.08276611179177874
-1.5 -1.25 1 2 -3078.625083999692 0.02659326908294445
-1.5 -1.25 2 3 -5398.705731116428 0.1627205742853212
-1.5 -1.25 3 4 -4114.108709984183 0.08925604428841818
-1.5 -1.25 4 5 -2938.291311606462 0.06542537512045511
-1.5 -1.25 5 6 -2088.230134998997 0.05035882068004615
-1.5 -1.25 6 7 -1493.112306267087 0.04008957815336541
-1.5 -1.25 7 8 -1074.616638054793 0.03270983667002926
-1.5 -1.25 8 9 -776.3638620487873 0.02719446614922733
-1.5 -1.25 9 10 -560.5832199093647 0.02294756951138601
-1.5 -1.25 10 11 -402.1727938443778 0.01959215507756755
-1.5 -1.25 11 12 -284.512157019569 0.01689281005362949
-1.5 -1.25 12 13 -196.1962204720667 0.01468420336286156
-1.5 -1.25 13 14 -129.3579350484674 0.01285201418888193
-1.5 -1.25 14 15 -78.45830910342488 0.01131405840843809
-1.5 -1.25 15 16 -39.5325449796967 0.01000986059135364
-1.5 -1.25 16 17 -9.69914742181868 0.008894014558465193
-1.5 -1.25 17 18 13.1652421944334 0.007931824319224897
-1.5 -1.25 18 19 30.64498973063473 0.007096364751632386
-1.5 -1.25 19 20 43.93565164967981 0.006366452607688876
-1.5 -1.25 20 21 53.9485418373049 0.005725216633719937
-1.5 -1.25 21 22 61.38462332399263 0.005159071078574393
-1.5 -1.25 22 23 66.78744628534503 0.004656966499761009
-1.5 -1.25 23 24 70.5815591933856 0.004209834691862544
-1.5 -1.25 24 25 73.10070848374608 0.003810171864573137
-1.5 -1.25 25 26 74.60876659548762 0.003451721713595222
-1.5 -1.25 26 27 75.31543927454584 0.02085900458254531
-1.5 -1.25 27 28 75.38805167249677 0.01933821007763214
-1.5 -1.25 28 29 74.96072818825769 0.01795213146216021
-1.5 -1.25 29 30 74.14127026574874 0.0166859937422765
-1.5 -1.25 30 31 73.01655453295507 0.0241260728796155
-1.5 -1.25 31 32 71.65680900655059 0.02253317471391049
-1.5 -1.25 32 33 70.11880622280148 0.02106284085152926
-1.5 -1.25 33 34 68.44854087060196 0.01970375390790552
-1.5 -1.25 34 35 66.68327793922873 0.01844585089441058
-1.5 -1.25 35 36 64.85320072589627 0.01728015952219106
-1.5 -1.25 36 37 62.98273097608813 0.01619865839475368
-1.5 -1.25 37 38 61.09159092336006 0.01519415850722059
-1.5 -1.25 38 39 59.19566105344677 0.01426020167112454
-1.5 -1.25 39 40 57.30767538651668 0.01339097301056176
-1.5 -1.25 40 41 55.43778704107962 0.01258122574952378
-1.5 -1.25 41 42 53.59402959689248 0.01182621615248219
-1.5 -1.25 42 43 51.78269462617612 0.0111216469011767
-1.5 -1.25 43 44 50.00864139147399 0.01046361792994333
-1.5 -1.25 44 45 48.27555150048795 0.00984858340958567
-1.5 -1.25 45 46 46.58501771869493 0.009457781085780756
-1.5 -1.25 46 47 44.9411313218221 0.009586458487919723
-1.5 -1.25 47 48 43.34379041538332 0.008502989489188895
-1.5 -1.25 48 49 41.79370080959677 0.005867825953803581
-1.5 -1.25 49 50 40.29109684110767 0.002947335330397503
-1.25 -1 0 1 4340.648519345476 0.07963801801767023
-1.25 -1 1 2 -2857.235113914201 0.01202031819361962
-1.25 -1 2 3 -5445.087281513603 0.09586730412546506
-1.25 -1 3 4 -4186.76540928831 0.06111925923982583
-1.25 -1 4 5 -3002.98265641793 0.04252776098103946
-1.25 -1 5 6 -2140.697300751646 0.0312166640920263
-1.25 -1 6 7 -1534.620579364381 0.02375015120632746
-1.25 -1 7 8 -1107.260429837327 0.018534122850102
-1.25 -1 8 9 -802.0302618298269 0.01473593108296021
-1.25 -1 9 10 -580.8046544914455 0.01188242235963058
-1.25 -1 10 11 -418.1144623734767 0.009678921481415395
-1.25 -1 11 12 -297.0803818157065 0.007946240009766868
-1.25 -1 12 13 -206.0868051336897 0.006559587323437447
-1.25 -1 13 14 -137.1103394122965 0.005434125019639534
-1.25 -1 14 15 -84.49408103659721 0.004509700345777758
-1.25 -1 15 16 -44.18374547636267 0.003742624344147423
-1.25 -1 16 17 -13.22935566010142 0.003100500828398805
-1.25 -1 17 18 10.54532440571256 0.002558869707795353
-1.25 -1 18 19 28.765851242699 0.002098967665347255
-1.25 -1 19 20 42.66013832843191 0.001706197946328511
-1.25 -1 20 21 53.16511608597511 0.001369062478386827
-1.25 -1 21 22 61.0021732158234 0.001078402673351154
-1.25 -1 22 23 66.73125301890991 0.0008268512343850903
-1.25 -1 23 24 70.79013877107298 0.000608432322479683
-1.25 -1 24 25 73.52331939367025 0.0004182732971627563
-1.25 -1 25 26 75.20342937939779 0.000252431501246661
-1.25 -1 26 27 76.04735453473916 0.02141280408404041
-1.25 -1 27 28 76.2283210227464 0.01985852399298037
-1.25 -1 28 29 75.88532927941992 0.01844148981742878
-1.25 -1 29 30 75.13021791023948 0.01714668275100462
-1.25 -1 30 31 74.05323454502229 0.0159610878543753
-1.25 -1 31 32 72.72735058944079 0.02341263219936824
-1.25 -1 32 33 71.21171973224733 0.02188293051732167
-1.25 -1 33 34 69.55427283686106 0.02046906640890451
-1.25 -1 34 35 67.79391130435505 0.01916055822262445
-1.25 -1 35 36 65.96219268484549 0.01794805957896858
-1.25 -1 36 37 64.08469447599839 0.01682321440198701
-1.25 -1 37 38 62.18211207107396 0.01577853367884172
-1.25 -1 38 39 60.27114615434772 0.01480728945890283
-1.25 -1 39 40 58.36522251280275 0.01390342414552997
-1.25 -1 40 41 56.47507797069414 0.01306147202654467
-1.25 -1 41 42 54.60923871008919 0.01227649146457059
-1.25 -1 42 43 52.77441196407472 0.01154400607819109
-1.25 -1 43 44 50.97580756492368 0.01085995352003305
-1.25 -1 44 45 49.21740254200682 0.01022064063966889
-1.25 -1 45 46 47.5010105615782 0.00981323993313328
-1.25 -1 46 47 45.83098578405699 0.009942910332467896
-1.25 -1 47 48 44.20736937666626 0.008820346696008967
-1.25 -1 48 49 42.63101303020323 0.006093279907660282
-1.25 -1 49 50 41.10227204199711 0.003070912704466753
-1 -0.75 0 1 4593.472050259419 0.0368761307235721
-1 -0.75 1 2 -2645.662606296435 0.06277486977453683
-1 -0.75 2 3 -5462.469642384511 0.06870244615880187
-1 -0.75 3 4 -4230.476626526353 0.02097471065597835
-1 -0.75 4 5 -3043.733355118462 0.00119369350067502
-1 -0.75 5 6 -2174.151788459073 0.008283715873310116
-1 -0.75 6 7 -1561.185511421555 0.01312862760453388
-1 -0.75 7 8 -1128.169580604796 0.01564758497295351
-1 -0.75 8 9 -818.4663259186186 0.01690090997874373
-1 -0.75 9 10 -593.7348584214292 0.0174332544929991
-1 -0.75 10 11 -428.296990500774 0.01753550461793961
-1 -0.75 11 12 -305.0956381416386 0.01738078659108891
-1 -0.75 12 13 -212.3841583738442 0.0170699215119814
-1 -0.75 13 14 -142.0387116343854 0.01666574908638055
-1 -0.75 14 15 -88.32639376712291 0.01620798469202698
-1 -0.75 15 16 -47.13509378882327 0.01572214985989042
-1 -0.75 16 17 -15.47048476801933 0.01522481766117738
-1 -0.75 17 18 8.877979377289194 0.01472679429207878
-1 -0.75 18 19 27.56262693512099 0.01423510234163196
-1 -0.75 19 20 41.83243123550164 0.01375424630010751
-1 -0.75 20 21 52.64101378684973 0.01328703640972543
-1 -0.75 21 22 60.72308231701049 0.01283513426032957
-1 -0.75 22 23 66.64927393902394 0.01239941946246155
-1 -0.75 23 24 70.86600559590568 0.01198023912179311
-1 -0.75 24 25 73.72477130129096 0.0115775793214778
-1 -0.75 25 26 75.50393651950264 0.02365075231954388
-1 -0.75 26 27 76.42499104817171 0.02191108279670548
-1 -0.75 27 28 76.66506595995907 0.0203283418615083
-1 -0.75 28 29 76.3662720757635 0.02888006581847102
-1 -0.75 29 30 75.64311206850368 0.02690406473195498
-1 -0.75 30 31 74.58796757016296 0.02508669984776455
-1 -0.75 31 32 73.27561872870137 0.02341258420185505
-1 -0.75 32 33 71.76668129013149 0.021868128765964
-1 -0.75 33 34 70.11034455165105 0.02044129403911741
-1 -0.75 34 35 68.3465464122192 0.01912138205889467
-1 -0.75 35 36 66.5077098117311 0.01789885983489204
-1 -0.75 36 37 64.62013533837171 0.01676521001780089
-1 -0.75 37 38 62.70512286499905 0.01571280356110602
-1 -0.75 38 39 60.77987848447953 0.01473479065096969
-1 -0.75 39 40 58.85825048333919 0.01382500729217579
-1 -0.75 40 41 56.95132868413879 0.01297789454836614
-1 -0.75 41 42 55.06793391245043 0.01218842912984096
-1 -0.75 42 43 53.21501898346168 0.01145206257904235
-1 -0.75 43 44 51.39799801146472 0.01076466892798985
-1 -0.75 44 45 49.62101750678181 0.01012249867825303
-1 -0.75 45 46 47.88600818184619 0.009718253344732475
-1 -0.75 46 47 46.19748252691437 0.009866210275595345
-1 -0.75 47 48 44.55554406892989 0.008750377927315223
-1 -0.75 48 49 42.96111972960935 0.007140612145005774
-1 -0.75 49 50 41.41462380967226 0.005800031309884099
-0.75 -0.5 0 1 4790.520313131264 0.07447649244640382
-0.75 -0.5 1 2 -2483.756799526539 0.005241335464890317
-0.75 -0.5 2 3 -5481.815334363941 0.1102094439493273
-0.75 -0.5 3 4 -4271.297236429153 0.07241767030934525
-0.75 -0.5 4 5 -3082.234854855172 0.0513296319651475
-0.75 -0.5 5 6 -2206.522492526932 0.03818171722936653
-0.75 -0.5 6 7 -1587.59739402245 0.02935734989746519
-0.75 -0.5 7 8 -1149.569426225622 0.02311727511275357
-0.75 -0.5 8 9 -835.8148689484069 0.01852777238641655
-0.75 -0.5 9 10 -607.8421576220735 0.01505210297584223
-0.75 -0.5 10 11 -439.8139211153739 0.01235186773975245
-0.75 -0.5 11 12 -314.5299992155315 0.01021546345721622
-0.75 -0.5 12 13 -220.1357609248807 0.008496896768301671
-0.75 -0.5 13 14 -148.4227365261365 0.007095545258079539
-0.75 -0.5 14 15 -93.59287169993718 0.005939594526053619
-0.75 -0.5 15 16 -51.4837523731876 0.004976585223513289
-0.75 -0.5 16 17 -19.0619713397964 0.004167419249438563
-0.75 -0.5 17 18 5.913605324210494 0.00348244155914402
-0.75 -0.5 18 19 25.11943239481661 0.002898809814253569
-0.75 -0.5 19 20 39.82365713834247 0.002398687013516339
-0.75 -0.5 20 21 50.99524794783906 0.001967973699534248
-0.75 -0.5 21 22 59.38127776362762 0.001595402283190893
-0.75 -0.5 22 23 65.56240739908787 0.001271879559031829
-0.75 -0.5 23 24 69.99322489059966 0.0009900028223056023
-0.75 -0.5 24 25 73.03191930393757 0.0007437007914320731
-0.75 -0.5 25 26 74.9623690153054 0.02413976432938374
-0.75 -0.5 26 27 76.01061747060271 0.02237277065703212
-0.75 -0.5 27 28 76.35757935578931 0.02076469947636242
-0.75 -0.5 28 29 76.14854226687419 0.01929773433866858
-0.75 -0.5 29 30 75.50058889811987 0.01795649964704635
-0.75 -0.5 30 31 74.50833706515914 0.0167276648293348
-0.75 -0.5 31 32 73.2484042663898 0.02455700633586203
-0.75 -0.5 32 33 71.78301292025958 0.02297233638446674
-0.75 -0.5 33 34 70.1626547668825 0.02150658906396326
-0.75 -0.5 34 35 68.42838921328155 0.02014908191578852
-0.75 -0.5 35 36 66.61359148969927 0.01889028234710148
-0.75 -0.5 36 37 64.74537241412588 0.0177216611670016
-0.75 -0.5 37 38 62.84572250460241 0.01663556895412835
-0.75 -0.5 38 39 60.93243757413586 0.01562512857772908
-0.75 -0.5 39 40 59.01987024692374 0.01468414421931055
-0.75 -0.5 40 41 57.11954228215842 0.01380702157597282
-0.75 -0.5 41 42 55.24064491505914 0.01298869961122822
-0.75 -0.5 42 43 53.39044897504306 0.01222459117058328
-0.75 -0.5 43 44 51.57464188542667 0.01151053022446535
-0.75 -0.5 44 45 49.79760524830687 0.01084272780793933
-0.75 -0.5 45 46 48.06145572720692 0.01041804343754173
-0.75 -0.5 46 47 46.37091047763812 0.01055782104329843
-0.75 -0.5 47 48 44.72620083956244 0.009380472883281879
-0.75 -0.5 48 49 43.12838254632103 0.006513272474920158
-0.75 -0.5 49 50 41.57798086489103 0.003331757164026515
-0.5 -0.25 0 1 4923.734591698982 0.0548000364754196
-0.5 -0.25 1 2 -2376.680532993856 0.1171772052703462
-0.5 -0.25 2 3 -5497.127463103689 0.2160765260326465
-0.5 -0.25 3 4 -4300.287235699386 0.1430244032327801
-0.5 -0.25 4 5 -3108.961737213979 0.1024519242165946
-0.5 -0.25 5 6 -2228.606654781509 0.07713953970724878
-0.5 -0.25 6 7 -1605.315132008381 0.06010234428641889
-0.5 -0.25 7 8 -1163.675450504972 0.0480054016598237
-0.5 -0.25 8 9 -847.0374500586981 0.0390695653616083
-0.5 -0.25 9 10 -616.7823299535435 0.03226091938327435
-0.5 -0.25 10 11 -446.9482710324301 0.02694740384113214
-0.5 -0.25 11 12 -320.2264454137448 0.02271662618045314
-0.5 -0.25 12 13 -224.6814942838571 0.01929221959236618
-0.5 -0.25 13 14 -152.0424261574171 0.01648183723605584
-0.5 -0.25 14 15 -96.4635032053659 0.01414798816234665
-0.5 -0.25 15 16 -53.74578111186293 0.01219006072192579
-0.5 -0.25 16 17 -20.82766361161566 0.01053292448396935
-0.5 -0.25 17 18 4.553915118086252 0.009119477158901422
-0.5 -0.25 18 19 24.0926158926643 0.007905638734092222
-0.5 -0.25 19 20 39.07019251040356 0.006856909394748662
-0.5 -0.25 20 21 50.46645369868475 0.005945952912626193
-0.5 -0.25 21 22 59.03716805876343 0.005150868291817308
-0.5 -0.25 22 23 65.37001519013381 0.004453932870861952
-0.5 -0.25 23 24 69.92528042596859 0.003840674521007317
-0.5 -0.25 24 25 73.06580110012521 0.003299177332063996
-0.5 -0.25 25 26 75.07926528053008 0.02424024376205762
-0.5 -0.25 26 27 76.194852795001 0.02246475927692062
-0.5 -0.25 27 28 76.59606904519808 0.02084895080310031
-0.5 -0.25 28 29 76.43034967741266 0.01937492120092461
-0.5 -0.25 29 30 75.81656384791154 0.01802722472668563
-0.5 -0.25 30 31 74.85079670387393 0.02618061541875385
-0.5 -0.25 31 32 73.61097820115788 0.02446277128386504
-0.5 -0.25 32 33 72.1603099448389 0.02287641512499462
-0.5 -0.25 33 34 70.55018203480284 0.02140945814781074
-0.5 -0.25 34 35 68.82239204398331 0.02005114612444322
-0.5 -0.25 35 36 67.01093746789519 0.01879188546828336
-0.5 -0.25 36 37 65.14345447637328 0.0176230958112804
-0.5 -0.25 37 38 63.24237769765182 0.01653708382856471
-0.5 -0.25 38 39 61.32587879186332 0.01552693549480225
-0.5 -0.25 39 40 59.40862874481132 0.01458642301966148
-0.5 -0.25 40 41 57.50241916962165 0.0137099250555289
-0.5 -0.25 41 42 55.61667014302981 0.01289235726048696
-0.5 -0.25 42 43 53.75884660170789 0.01212911227136685
-0.5 -0.25 43 44 51.93480060600376 0.01141600714459777
-0.5 -0.25 44 45 50.14905335625178 0.01074923783246529
-0.5 -0.25 45 46 48.40382805871752 0.01032849324022198
-0.5 -0.25 46 47 46.70396448511156 0.01047976879773196
-0.5 -0.25 47 48 45.04976404048918 0.009294468170240291
-0.5 -0.25 48 49 43.44235354004866 0.006393630971440161
-0.5 -0.25 49 50 41.8823179785156 0.003171870463891684
-0.25 0 0 1 4991.580502492712 0.09638304850829743
-0.25 0 1 2 -2321.123829033092 0.02967648555201773
-0.25 0 2 3 -5502.912006289232 0.1202466217335102
-0.25 0 3 4 -4312.664294898617 0.0777450076703419
-0.25 0 4 5 -3120.102185840283 0.05485448673349416
-0.25 0 5 6 -2237.468747790891 0.04083467171291535
-0.25 0 6 7 -1612.116449232738 0.03151876012729017
-0.25 0 7 8 -1168.825662336933 0.02496879636842263
-0.25 0 8 9 -850.9071982507303 0.0201666859452431
-0.25 0 9 10 -619.6660279570779 0.01653446120565879
-0.25 0 10 11 -449.0726698984377 0.01371335605409849
-0.25 0 11 12 -321.7621596316703 0.01147922197335021
-0.25 0 12 13 -225.7588981542622 0.009679111538952963
-0.25 0 13 14 -152.7615457318918 0.00820794768911977
-0.25 0 14 15 -96.90173379910834 0.006991006149909385
-0.25 0 15 16 -53.96350788364157 0.005973854045751995
-0.25 0 16 17 -20.87235936122602 0.005116009310212488
-0.25 0 17 18 4.644680224225567 0.004386816757854003
-0.25 0 18 19 24.28894115255571 0.0037626914416406
-0.25 0 19 20 39.34817111860843 0.003225231153651159
-0.25 0 20 21 50.80690144405571 0.002759896407638824
-0.25 0 21 22 59.42464844324354 0.002355069663379918
-0.25 0 22 23 65.7920844715743 0.00200137340125972
-0.25 0 23 24 70.37189773237856 0.001691168263858641
-0.25 0 24 25 73.52886382065924 0.001418178595968497
-0.25 0 25 26 75.55224258566022 0.02453572392744913
-0.25 0 26 27 76.67248504046449 0.02274626575903301
-0.25 0 27 28 77.07413820342765 0.02111737674188249
-0.25 0 28 29 76.90548655675582 0.01963108489751886
-0.25 0 29 30 76.28609374982045 0.01827187738575304
-0.25 0 30 31 75.3126137613898 0.02645272654988545
-0.25 0 31 32 74.06344333347988 0.024721774950699
-0.25 0 32 33 72.60216668964563 0.0231231045427316
-0.25 0 33 34 70.98048785875358 0.02164456770482789
-0.25 0 34 35 69.24046177268616 0.02027535661133044
-0.25 0 35 36 67.41629666960733 0.0190058287410421
-0.25 0 36 37 65.5358009832882 0.01782735888095451
-0.25 0 37 38 63.6215497994429 0.01673221259547255
-0.25 0 38 39 61.6918289117836 0.01571343822390011
-0.25 0 39 40 59.76140163614843 0.01476477322819936
-0.25 0 40 41 57.84213384203457 0.01388056464919506
-0.25 0 41 42 55.94350487621256 0.01305569880444639
-0.25 0 42 43 54.07302651630397 0.01228554137652884
-0.25 0 43 44 52.2365873599104 0.0115658846913374
-0.25 0 44 45 50.43873660431365 0.01089290152707048
-0.25 0 45 46 48.68171169061105 0.01046770248882289
-0.25 0 46 47 46.9703802996907 0.01061864997933465
-0.25 0 47 48 45.30504568340291 0.009423451221400338
-0.25 0 48 49 43.68684059429319 0.006499956669697584
-0.25 0 49 50 42.11635240181238 0.003252633815413415
0 0.25 0 1 4991.108766833966 0.09638304858611289
0 0.25 1 2 -2322.011857341173 0.0296764866293866
0 0.25 2 3 -5503.503303779158 0.1202466218370846
0 0.25 3 4 -4312.84839335461 0.07774500746515714
0 0.25 4 5 -3120.051010740642 0.05485448631839522
0 0.25 5 6 -2237.319061131931 0.04083467126290805
0 0.25 6 7 -1611.938400935986 0.03151875974048585
0 0.25 7 8 -1168.651476566379 0.02496879322317518
0 0.25 8 9 -850.7494281229083 0.02016668491793343
0 0.25 9 10 -619.5278427907037 0.01653445259246259
0 0.25 10 11 -448.9537461337022 0.01371335592654617
0 0.25 11 12 -321.6598506180503 0.01147922187717336
0 0.25 12 13 -225.6704408858027 0.009679111468557468
0 0.25 13 14 -152.6843772362536 0.00820794764029043
0 0.25 14 15 -96.83368475226052 0.006991006121403195
0 0.25 15 16 -53.90283209431118 0.005973854034044482
0 0.25 16 17 -20.81769295672575 0.005116009315455482
0 0.25 17 18 4.694383368155286 0.004386816776901391
0 0.25 18 19 24.33447580535267 0.00376269147374431
0 0.25 19 20 39.3901396372994 0.003225231197837781
0 0.25 20 21 50.84576231300548 0.002759896461591515
0 0.25 21 22 59.46075443924792 0.002355069725782151
0 0.25 22 23 65.82571172249948 0.002001373471809576
0 0.25 23 24 70.40326730884271 0.001691168342858736
0 0.25 24 25 73.5581574609979 0.00141817868135045
0 0.25 25 26 75.57961394842494 0.02453572393172274
0 0.25 26 27 76.69806762534222 0.02274626576353738
0 0.25 27 28 77.09805083908395 0.02111737674605111
0 0.25 28 29 76.9278371418477 0.01963108490164612
0 0.25 29 30 76.30698176230726 0.0182718773896877
0 0.25 30 31 75.33213191152197 0.02645338743580752
0 0.25 31 32 74.08167864681093 0.02472237372619219
0 0.25 32 33 72.61920119016645 0.0231236470258756
0 0.25 33 34 70.99639901427577 0.02164505901527539
0 0.25 34 35 69.25532278360856 0.02027580155814941
0 0.25 35 36 67.43017666770146 0.01900623154326883
0 0.25 36 37 65.54876518099695 0.01782772355634197
0 0.25 37 38 63.63365961744773 0.01673254262470993
0 0.25 38 39 61.70314210002181 0.01571373669751708
0 0.25 39 40 59.7719723964081 0.01476504326364319
0 0.25 40 41 57.85201295824157 0.01388080875437119
0 0.25 41 42 55.95273985102023 0.0130559193993572
0 0.25 42 43 54.08166171651249 0.01228574061730289
0 0.25 43 44 52.24466416591673 0.01156606450070527
0 0.25 44 45 50.44629356464969 0.01089306370185053
0 0.25 45 46 48.68878463302354 0.01046785093103775
0 0.25 46 47 46.97700262034601 0.01061879194400926
0 0.25 47 48 45.31124832728273 0.009423572403269397
0 0.25 48 49 43.69265228976491 0.006500039889453298
0 0.25 49 50 42.12179979911204 0.003252677937997933
0.25 0.5 0 1 4922.371819932777 0.0548000348284825
0.25 0.5 1 2 -2379.243994462472 0.1171772019322132
0.25 0.5 2 3 -5498.83153601553 0.2160765248277909
0.25 0.5 3 4 -4300.816133660643 0.1430244032307509
0.25 0.5 4 5 -3108.81405998126 0.1024519254979886
0.25 0.5 5 6 -2228.177085396394 0.07713954176429282
0.25 0.5 6 7 -1604.805220356079 0.06010234663843932
0.25 0.5 7 8 -1163.177334240487 0.04800540518749415
0.25 0.5 8 9 -846.5867443922516 0.03906954956523977
0.25 0.5 9 10 -616.3878018164478 0.03226092152319033
0.25 0.5 10 11 -446.6087721311515 0.02694740555017521
0.25 0.5 11 12 -319.9342446502856 0.02271662765899809
0.25 0.5 12 13 -224.4286009014709 0.01929222086190766
0.25 0.5 13 14 -151.8214744127638 0.01648183832049052
0.25 0.5 14 15 -96.26829064570347 0.01414798908533379
0.25 0.5 15 16 -53.57133969978008 0.01219006150455371
0.25 0.5 16 17 -20.67013270737721 0.01053292514630402
0.25 0.5 17 18 4.69748093728208 0.009119477719040861
0.25 0.5 18 19 24.22444188766985 0.007905639206605921
0.25 0.5 19 20 39.19195568796181 0.006856909793563596
0.25 0.5 20 21 50.57942360260085 0.005945953248861732
0.25 0.5 21 22 59.14231691770556 0.005150868574723947
0.25 0.5 22 23 65.46810136212173 0.004453933109020887
0.25 0.5 23 24 70.01691005988869 0.003840674720722383
0.25 0.5 24 25 73.15147276195114 0.003299177500101637
0.25 0.5 25 26 75.15940164914161 0.02424024377860167
0.25 0.5 26 27 76.26982277203695 0.02246475928935951
0.25 0.5 27 28 76.66620289938578 0.0208489508125357
0.25 0.5 28 29 76.49594921935625 0.01937492120769449
0.25 0.5 29 30 75.87790912500463 0.01802722473159915
0.25 0.5 30 31 74.90815030351996 0.02618233484824016
0.25 0.5 31 32 73.66458796136624 0.02446429357387909
0.25 0.5 32 33 72.21041059946936 0.02287776451376577
0.25 0.5 33 34 70.59699621291054 0.02141065543048759
0.25 0.5 34 35 68.86613086988706 0.02005220917251913
0.25 0.5 35 36 67.05180094250608 0.01879282988010175
0.25 0.5 36 37 65.18163175381267 0.01762393501276182
0.25 0.5 37 38 63.27804732704914 0.0165378297244086
0.25 0.5 38 39 61.35920896532235 0.01552759819196799
0.25 0.5 39 40 59.43977757304356 0.01458701168002577
0.25 0.5 40 41 57.53153499337259 0.01371044751983314
0.25 0.5 41 42 55.64389188096396 0.01289282055908405
0.25 0.5 42 43 53.78430412957704 0.01212952254598302
0.25 0.5 43 44 51.95861516217394 0.01141636990897716
0.25 0.5 44 45 50.17133796547955 0.01074955783695555
0.25 0.5 45 46 48.4246878481963 0.01032878167409635
0.25 0.5 46 47 46.72349747690936 0.0104800465604149
0.25 0.5 47 48 45.06806111904964 0.009294692711282757
0.25 0.5 48 49 43.45949911588303 0.006393751070406893
0.25 0.5 49 50 41.89839038564597 0.003171881746227264
0.5 0.75 0 1 4788.370134132003 0.07447649243862725
0.5 0.75 1 2 -2487.790496675397 0.005241337406035545
0.5 0.75 2 3 -5484.477409968495 0.1102094441790519
0.5 0.75 3 4 -4272.104309801718 0.07241767051711485
0.5 0.75 4 5 -3081.985221515301 0.05132963194613092
0.5 0.75 5 6 -2205.840122186392 0.03818171697654636
0.5 0.75 6 7 -1586.797105819938 0.02935734950788834
0.5 0.75 7 8 -1148.792999093736 0.02311726075299226
0.5 0.75 8 9 -835.1156911873086 0.01852776980776407
0.5 0.75 9 10 -607.2321964499679 0.0150520601243912
0.5 0.75 10 11 -439.2902612908774 0.01235186750151291
0.5 0.75 11 12 -314.0798456909974 0.01021546328643159
0.5 0.75 12 13 -219.7462509244792 0.008496896654960388
0.5 0.75 13 14 -148.0821961723755 0.007095545194973296
0.5 0.75 14 15 -93.29157685383211 0.005939594504738193
0.5 0.75 15 16 -51.21398497784139 0.004976585236398282
0.5 0.75 16 17 -18.81778500093083 0.004167419292521064
0.5 0.75 17 18 6.136708483001939 0.003482441627232783
0.5 0.75 18 19 25.32482056485969 0.00289880990734966
0.5 0.75 19 20 40.01384569477523 0.002398687128272898
0.5 0.75 20 21 51.17212394545754 0.001967973835299307
0.5 0.75 21 22 59.54627416540143 0.001595402443489717
0.5 0.75 22 23 65.71663410037218 0.001271879742041964
0.5 0.75 23 24 70.13756482250631 0.0009900030373313795
0.5 0.75 24 25 73.16709742170269 0.0007437010490320465
0.5 0.75 25 26 75.08900083522803 0.02413976433665784
0.5 0.75 26 27 76.12924253789674 0.02237277066390851
0.5 0.75 27 28 76.4686838328364 0.02076469948253024
0.5 0.75 28 29 76.25257381660663 0.01929773434456684
0.5 0.75 29 30 75.59796621922465 0.0179564996526994
0.5 0.75 30 31 74.59945579506632 0.0167276648348784
0.5 0.75 31 32 73.33364047812165 0.02455894009370453
0.5 0.75 32 33 71.86272509787216 0.0229740941639932
0.5 0.75 33 34 70.23718481786614 0.02150818730078668
0.5 0.75 34 35 68.49806296212142 0.02015053538547558
0.5 0.75 35 36 66.67871889725268 0.01889160416106602
0.5 0.75 36 37 64.80624769700682 0.01772286306219713
0.5 0.75 37 38 62.90262425369025 0.01663666149045373
0.5 0.75 38 39 60.98562892965566 0.01562612140451175
0.5 0.75 39 40 59.06959915504979 0.01468504595448294
0.5 0.75 40 41 57.16604184065397 0.0138078401097707
0.5 0.75 41 42 55.28413380188346 0.01298944208275452
0.5 0.75 42 43 53.43113195093053 0.01222526395498616
0.5 0.75 43 44 51.61271035360613 0.01151113940102435
0.5 0.75 44 45 49.83323785957828 0.01084327866895778
0.5 0.75 45 46 48.09481885682425 0.01041855188122648
0.5 0.75 46 47 46.40215934218941 0.01055831903138166
0.5 0.75 47 48 44.755479503651 0.009380890216883101
0.5 0.75 48 49 43.15582491483127 0.006513525290092726
0.5 0.75 49 50 41.60371128852498 0.003331837338273856
0.75 1 0 1 4590.612194974335 0.03687613259022456
0.75 1 1 2 -2651.020504237671 0.06277487369946749
0.75 1 2 3 -5465.993965217681 0.06870244779804095
0.75 1 3 4 -4231.534549801241 0.02097470963794817
0.75 1 4 5 -3043.392631099303 0.001193632945579347
0.75 1 5 6 -2173.241636522101 0.008283706487431829
0.75 1 6 7 -1560.122298362869 0.01312862261100397
0.75 1 7 8 -1127.13989716633 0.01564672387256667
0.75 1 8 9 -817.5401213381474 0.01690301583897185
0.75 1 9 10 -592.9276853114388 0.01743196834940029
0.75 1 10 11 -427.6041451295973 0.01753550351659159
0.75 1 11 12 -304.5001724983176 0.01738078579190244
0.75 1 12 13 -211.8689379679645 0.01706992093109259
0.75 1 13 14 -141.5882354006185 0.01666574866525754
0.75 1 14 15 -87.9277755697949 0.01620798439190605
0.75 1 15 16 -46.77812096386265 0.0157221496504027
0.75 1 16 17 -15.14729820955745 0.01522481751867145
0.75 1 17 18 9.173318468814387 0.01472679420012784
0.75 1 18 19 27.83456206194387 0.01423510228670721
0.75 1 19 20 42.08427854875686 0.01375424627206103
0.75 1 20 21 52.87525982921557 0.01328703640170869
0.75 1 21 22 60.94161474500947 0.01283513426594514
0.75 1 22 23 66.85355480783198 0.01239941947735018
0.75 1 23 24 71.0571983111729 0.0119802391419966
0.75 1 24 25 73.90383164588354 0.01157757934585196
0.75 1 25 26 75.67167661833378 0.02365075233186812
0.75 1 26 27 76.58212341495653 0.02191108281040077
0.75 1 27 28 76.81223317845331 0.02032834187502686
0.75 1 28 29 76.50406630951136 0.02888350483128522
0.75 1 29 30 75.77208756498283 0.02690729757395888
0.75 1 30 31 74.70864832775294 0.02508972868977316
0.75 1 31 32 73.38850304849052 0.02341541388718817
0.75 1 32 33 71.87224430534036 0.02187076585022064
0.75 1 33 34 70.20903952995951 0.02044374654909977
0.75 1 34 35 68.43880536461359 0.01912365869220744
0.75 1 35 36 66.59394375434778 0.01790096991560264
0.75 1 36 37 64.70073442979293 0.01676716306163202
0.75 1 37 38 62.78045655013835 0.01571460908209435
0.75 1 38 39 60.85029571687937 0.01473645799888048
0.75 1 39 40 58.92408006048203 0.0138265456671218
0.75 1 40 41 57.01287970159723 0.01297931267647417
0.75 1 41 42 55.12549633189394 0.01218973541425298
0.75 1 42 43 53.26886429780336 0.01145326489446595
0.75 1 43 44 51.44837998863699 0.01076577490089697
0.75 1 44 45 49.66817299225642 0.01012351532839096
0.75 1 45 46 47.93015773810862 0.00971920206687084
0.75 1 46 47 46.23883189820009 0.009867134476319393
0.75 1 47 48 44.59428420748824 0.008751181084340484
0.75 1 48 49 42.99742810965853 0.007141089335185655
0.75 1 49 50 41.44866523182762 0.005800193236600863
1 1.25 0 1 4337.146942392806 0.07963801750970166
1 1.25 1 2 -2863.805396744068 0.01202030294293179
1 1.25 2 3 -5449.427555191965 0.09586730277095203
1 1.25 3 4 -4188.08671761553 0.0611192587331859
1 1.25 4 5 -3002.580082362351 0.04252776123179268
1 1.25 5 6 -2139.584229019453 0.03121666486474006
1 1.25 6 7 -1533.310175576639 0.02375015234498015
1 1.25 7 8 -1105.9853238912 0.01853505291271118
1 1.25 8 9 -800.8792039889786 0.01473577476509565
1 1.25 9 10 -579.7996241154437 0.01188226380760855
1 1.25 10 11 -417.2502873861804 0.009678922960047543
1 1.25 11 12 -296.3372275420938 0.007946241423410525
1 1.25 12 13 -205.4439554614628 0.006559588652011528
1 1.25 13 14 -136.5488330330834 0.005434126252709282
1 1.25 14 15 -83.99802148669278 0.004509701486948701
1 1.25 15 16 -43.74044100243964 0.003742625397646917
1 1.25 16 17 -12.8289690089407 0.003100501802801147
1 1.25 17 18 10.91028207581917 0.002558870612951422
1 1.25 18 19 29.10102709279249 0.00209896851264822
1 1.25 19 20 42.96978134056644 0.001706198748718658
1 1.25 20 21 53.45243865499174 0.00136906325234455
1 1.25 21 22 61.26963309514281 0.001078403433821516
1 1.25 22 23 66.98076632607058 0.0008268520080123207
1 1.25 23 24 71.02323700667318 0.0006084331426122154
1 1.25 24 25 73.74126281608847 0.0004182742334033252
1 1.25 25 26 75.40728734292384 0.0002524327246631498
1 1.25 26 27 76.23806139173007 0.02141280409574168
1 1.25 27 28 76.40671430807822 0.01985852400248324
1 1.25 28 29 76.05217528298954 0.0184414898256896
1 1.25 29 30 75.2862284375002 0.01714668275808523
1 1.25 30 31 74.19907764345044 0.01596108786078238
1 1.25 31 32 72.86365723130655 0.0234155410131811
1 1.25 32 33 71.33908789405643 0.02188552169719199
1 1.25 33 34 69.67326989756344 0.02047137805602848
1 1.25 34 35 67.90507549056173 0.0191626228870256
1 1.25 35 36 66.06603397375545 0.01794990526782949
1 1.25 36 37 64.18169525061836 0.01682486530023255
1 1.25 37 38 62.27272770007266 0.01578001070062637
1 1.25 38 39 60.35580560039404 0.01480861096290782
1 1.25 39 40 58.44432901846739 0.01390460602908746
1 1.25 40 41 56.54900984202123 0.01306252847070786
1 1.25 41 42 54.67835019701204 0.01227743484318399
1 1.25 42 43 52.83903422612792 0.01154484756411765
1 1.25 43 44 51.03624970438574 0.01086070279924351
1 1.25 44 45 49.27395268546201 0.01022130652004628
1 1.25 45 46 47.55393668371732 0.009813848197612036
1 1.25 46 47 45.88053768127358 0.009943513286898572
1 1.25 47 48 44.25377863102352 0.008820828413851636
1 1.25 48 49 42.67449469641821 0.006093501322344587
1 1.25 49 50 41.14302566283402 0.003070857327059936
1.25 1.5 0 1 4045.691750365223 0.0827661101847257
1.25 1.5 1 2 -3085.787015205607 0.02659325241842137
1.25 1.5 2 3 -5403.396867481953 0.1627205733209725
1.25 1.5 3 4 -4115.505129007077 0.08925604481735348
1.25 1.5 4 5 -2937.831695444333 0.06542537641779571
1.25 1.5 5 6 -2087.018813292931 0.05035882212892376
1.25 1.5 6 7 -1491.700028508805 0.04008957950557822
1.25 1.5 7 8 -1073.249020857779 0.03270985653398794
1.25 1.5 8 9 -775.1298445434772 0.02719652379424015
1.25 1.5 9 10 -559.5153931805535 0.02294546393510758
1.25 1.5 10 11 -401.2515862800328 0.01959215581934019
1.25 1.5 11 12 -283.7196316563998 0.01689281067943681
1.25 1.5 12 13 -195.5096863328909 0.01468420388654642
1.25 1.5 13 14 -128.7568996124501 0.01285201462259436
1.25 1.5 14 15 -77.9257647534937 0.0113140587626642
1.25 1.5 15 16 -39.05503547763738 0.01000986087601963
1.25 1.5 16 17 -9.266335617281356 0.008894014784530384
1.25 1.5 17 18 13.56115423709002 0.007931824495486422
1.25 1.5 18 19 31.00982739666233 0.00709636488708147
1.25 1.5 19 20 44.2737570051238 0.006366452709183804
1.25 1.5 20 21 54.26316851720981 0.005725216707965864
1.25 1.5 21 22 61.67824174468194 0.005159071131251759
1.25 1.5 22 23 67.06197223829315 0.004656966535075507
1.25 1.5 23 24 70.83852079826704 0.004209834714219758
1.25 1.5 24 25 73.34136547282526 0.003810171876969603
1.25 1.5 25 26 74.83419378553117 0.003451721717896163
1.25 1.5 26 27 75.52658375798444 0.02085900458266686
1.25 1.5 27 28 75.58577111754471 0.01933821007682987
1.25 1.5 28 29 75.14581582592416 0.01795213146082619
1.25 1.5 29 30 74.31447069071282 0.01668599374078047
1.25 1.5 30 31 73.17857331100879 0.02413056834817153
1.25 1.5 31 32 71.8083182181615 0.02253721175984474
1.25 1.5 32 33 70.26044745050416 0.02106646929963464
1.25 1.5 33 34 68.58092664515459 0.01970701726939615
1.25 1.5 34 35 66.80699233826357 0.01844878725872163
1.25 1.5 35 36 64.9687995737936 0.01728280234833354
1.25 1.5 36 37 63.09074192463748 0.01620103720230185
1.25 1.5 37 38 61.19251357871383 0.01519629955154553
1.25 1.5 38 39 59.2899672367837 0.01426212823087242
1.25 1.5 39 40 57.39580956489198 0.01339270584732915
1.25 1.5 40 41 55.52016693386781 0.01258278338209998
1.25 1.5 41 42 53.67104694360194 0.01182761518872322
1.25 1.5 42 43 51.85471609262316 0.01112290223364491
1.25 1.5 43 44 50.07600958463644 0.01046474289011924
1.25 1.5 44 45 48.33858606544555 0.009849590062332844
1.25 1.5 45 46 46.64401622694251 0.009458700418510083
1.25 1.5 46 47 44.99637122753774 0.009587350820823971
1.25 1.5 47 48 43.39552913918922 0.008503727367155366
1.25 1.5 48 49 41.84217751489848 0.005868256785305354
1.25 1.5 49 50 40.33653353042365 0.002947445222865464
1.5 1.75 0 1 3705.348251144171 0.0005664272349509888
1.5 1.75 1 2 -3354.605126750557 0.003518826272666727
1.5 1.75 2 3 -5356.069744590919 0.1349589215505102
1.5 1.75 3 4 -4032.395015592972 0.06567907452017374
1.5 1.75 4 5 -2860.236909970329 0.03404534964861509
1.5 1.75 5 6 -2021.477926352984 0.01716546765603236
1.5 1.75 6 7 -1437.789672328869 0.00728939806812826
1.5 1.75 7 8 -1029.175054435641 0.001157781880428429
1.5 1.75 8 9 -739.0871267999905 0.002799614755740341
1.5 1.75 9 10 -529.8609122331636 0.005424739710866084
1.5 1.75 10 11 -376.8236365648363 0.00717359561393989
1.5 1.75 11 12 -263.4937788130217 0.008353622512322301
1.5 1.75 12 13 -178.7007927956142 0.009139401511768752
1.5 1.75 13 14 -114.7424594399727 0.009649049797633383
1.5 1.75 14 15 -66.20950824060128 0.009961987908527023
1.5 1.75 15 16 -29.23880306936098 0.01013294444915335
1.5 1.75 16 17 -1.028586711087655 0.01020042374634817
1.5 1.75 17 18 20.48174167142724 0.01019199783251607
1.5 1.75 18 19 36.82691677744538 0.01012770993755097
1.5 1.75 19 20 49.16302881747652 0.010022318817561
1.5 1.75 20 21 58.36982594565859 0.009886811577853441
1.5 1.75 21 22 65.12287549202733 0.009729443497355383
1.5 1.75 22 23 69.94517651767694 0.009556465200359042
1.5 1.75 23 24 73.24455192587652 0.009372639111875322
1.5 1.75 24 25 75.34106098406312 0.009181611464145555
1.5 1.75 25 26 76.48731618308329 0.008986183580263277
1.5 1.75 26 27 76.88371241237212 0.01999152943868805
1.5 1.75 27 28 76.68984236490599 0.01851752258757402
1.5 1.75 28 29 76.0333747489816 0.01717496662520246
1.5 1.75 29 30 75.01670120458255 0.01594938148504994
1.5 1.75 30 31 73.72216326255727 0.01482822843303796
1.5 1.75 31 32 72.21609192160548 0.02180461007447281
1.5 1.75 32 33 70.55205171234564 0.02036890547943722
1.5 1.75 33 34 68.7732477902332 0.01904254214143639
1.5 1.75 34 35 66.91457981375657 0.01781558233856369
1.5 1.75 35 36 65.00420715046522 0.01667916894229684
1.5 1.75 36 37 63.06481502104424 0.0156253872229567
1.5 1.75 37 38 61.11463193707425 0.01464714662646438
1.5 1.75 38 39 59.16825046860083 0.01373808014710484
1.5 1.75 39 40 57.23729171870008 0.01289245713870257
1.5 1.75 40 41 55.33094513239831 0.01210510918453009
1.5 1.75 41 42 53.45640825380946 0.01137136510190487
1.5 1.75 42 43 51.61924606734181 0.01068699491283828
1.5 1.75 43 44 49.82368533255993 0.01004816122939784
1.5 1.75 44 45 48.07285622277641 0.009451376516297705
1.5 1.75 45 46 46.36789748644298 0.009070296609750887
1.5 1.75 46 47 44.71243072624594 0.00918751859213893
1.5 1.75 47 48 43.10602790515796 0.008316967403106753
1.5 1.75 48 49 41.54907467087219 0.006831421476699987
1.5 1.75 49 50 40.04152608815778 0.005545982374807909
1.75 2 0 1 3340.652429564791 0.02752638841379267
1.75 2 1 2 -3634.285690270583 0.05459075590490726
1.75 2 2 3 -5308.071721332085 0.02566005737449106
1.75 2 3 4 -3955.16808357232 0.01494339832736041
1.75 2 4 5 -2792.913430131765 0.1364608446729051
1.75 2 5 6 -1967.939684180764 0.09289858234120034
1.75 2 6 7 -1396.129100197666 0.065223269689432
1.75 2 7 8 -996.8899010501077 0.04656360161368785
1.75 2 8 9 -713.9911994265262 0.03342790489492407
1.75 2 9 10 -510.3262054646648 0.02387631803063371
1.75 2 10 11 -361.5986828371929 0.0167533472533278
1.75 2 11 12 -251.6261302758101 0.01133515054934084
1.75 2 12 13 -169.4709547892728 0.007147803158267969
1.75 2 13 14 -107.5984588420845 0.003870361259663112
1.75 2 14 15 -60.72384283153451 0.001279302974634976
1.75 2 15 16 -25.07736764753986 0.000788290226270515
1.75 2 16 17 2.071893321217658 0.00244387994392152
1.75 2 17 18 22.73025881093758 0.0037778808383805
1.75 2 18 19 38.39045168489315 0.004855326683904868
1.75 2 19 20 50.17575120960919 0.005726481553115665
1.75 2 20 21 58.94006919945798 0.00643039237329492
1.75 2 21 22 65.33847779634868 0.006997719166374258
1.75 2 22 23 69.87760979726227 0.00745277853918198
1.75 2 23 24 72.95214127327665 0.007815032285198139
1.75 2 24 25 74.8715146871134 0.008100185714117591
1.75 2 25 26 75.87972817838761 0.008321008153559035
1.75 2 26 27 76.1701384340962 0.008487953028756847
1.75 2 27 28 75.89663680544641 0.008609631466203107
1.75 2 28 29 75.18216755595483 0.01682566936995771
1.75 2 29 30 74.12521178819816 0.02380539379438051
1.75 2 30 31 72.80495332514812 0.02216891549042921
1.75 2 31 32 71.2850747902549 0.02066323330102217
1.75 2 32 33 69.61691404626606 0.01927579885081521
1.75 2 33 34 67.84187245399022 0.0179955090891383
1.75 2 34 35 65.99333608344227 0.01681251016616663
1.75 2 35 36 64.09820490352888 0.01571803164121971
1.75 2 36 37 62.17811550562777 0.01470424626052278
1.75 2 37 38 60.25042295261181 0.01376415066968278
1.75 2 38 39 58.328992280835 0.01289146350606874
1.75 2 39 40 56.42483883631519 0.0123542951041821
1.75 2 40 41 54.54664811570507 0.01186920549697091
1.75 2 41 42 52.70119896667745 0.01141754846090808
1.75 2 42 43 50.89421733731734 0.009941518359767285
1.75 2 43 44 49.12862012193804 0.009332232966309422
1.75 2 44 45 47.40781503706592 0.008763659256019503
1.75 2 45 46 45.73278313615063 0.008401969464174002
1.75 2 46 47 44.10691646804506 0.008517028072006765
1.75 2 47 48 42.52970155246788 0.007519678609364377
1.75 2 48 49 41.00142149628542 0.005101849280593594
1.75 2 49 50 39.5219490957777 0.002428365417744612
2 2.25 0 1 2953.709532507031 0.02222120780876957
2 2.25 1 2 -3903.648161072637 0.04221841433279148
2 2.25 2 3 -5221.048891277625 0.1186498150924051
2 2.25 3 4 -3833.473814906264 0.07881473421459824
2 2.25 4 5 -2682.321728793476 0.05686859500071309
2 2.25 5 6 -1874.954912094098 0.04320240607241576
2 2.25 6 7 -1319.553134796995 0.03399676435315697
2 2.25 7 8 -934.0913154542718 0.02744671355517137
2 2.25 8 9 -662.4055617102504 0.0225922843089445
2 2.25 9 10 -467.7939453917575 0.01888160031198197
2 2.25 10 11 -326.3806942081999 0.01597346627863419
2 2.25 11 12 -222.3417108727519 0.01364799006092649
2 2.25 12 13 -145.0266453681536 0.01175708798841477
2 2.25 13 14 -87.12551741159473 0.01019774748390235
2 2.25 14 15 -43.52831066707131 0.008896286753827552
2 2.25 15 16 -10.60137839823619 0.007798738790138696
2 2.25 16 17 14.27975479738279 0.006864759577294093
2 2.25 17 18 33.03762582537229 0.006063646723495702
2 2.25 18 19 47.09856683190378 0.005371666003733121
2 2.25 19 20 57.53288188984936 0.004770213044619488
2 2.25 20 21 65.15192539622933 0.004244522480137809
2 2.25 21 22 70.57635943917126 0.003782744414809303
2 2.25 22 23 74.28482400292239 0.003375272531304203
2 2.25 23 24 76.64909202719821 0.003014247808488343
2 2.25 24 25 77.95976647630664 0.002693186920016863
2 2.25 25 26 78.44527088893585 0.002406700461145629
2 2.25 26 27 78.28602609771258 0.002150276879802494
2 2.25 27 28 77.62513218241509 0.001920114991898325
2 2.25 28 29 76.576488290366 0.02425226106204925
2 2.25 29 30 75.23100383459092 0.02254019336380937
2 2.25 30 31 73.66140777128504 0.02096872783039742
2 2.25 31 32 71.92596863571185 0.01952397524335298
2 2.25 32 33 70.07141017178907 0.01819369591670036
2 2.25 33 34 68.13520212523213 0.01696706873943824
2 2.25 34 35 66.14737088460868 0.01583449732555058
2 2.25 35 36 64.13193767005811 0.01478744645255232
2 2.25 36 37 62.10806606084327 0.0138183042897752
2 2.25 37 38 60.09098147226803 0.01292026442489514
2 2.25 38 39 58.09271073687205 0.01208722623379004
2 2.25 39 40 56.12267907217171 0.01131370873439613
2 2.25 40 41 54.18819357616491 0.01059477668366419
2 2.25 41 42 52.29483587666851 0.009925977060873316
2 2.25 42 43 50.44678194173881 0.009303284015401087
2 2.25 43 44 48.64706316196791 0.008723050781762078
2 2.25 44 45 46.89777994019099 0.008181968057048314
2 2.25 45 46 45.19925142957499 0.007838117329651041
2 2.25 46 47 43.5542030884786 0.00794789129642195
2 2.25 47 48 41.9616310312926 0.006999949173887216
2 2.25 48 49 40.42135249031878 0.00470372653918677
2 2.25 49 50 38.93283251597944 0.00216797662169874
2.25 2.5 0 1 2544.276265507656 0.02048260641617861
2.25 2.5 1 2 -4174.464172808401 0.008691822238001266
2.25 2.5 2 3 -5114.596254347409 0.02678220082813158
2.25 2.5 3 4 -3699.215380003997 0.02642305643398037
2.25 2.5 4 5 -2566.348485723245 0.02386720159249715
2.25 2.5 5 6 -1781.343358024349 0.02125822758909031
2.25 2.5 6 7 -1245.170182286988 0.01896151808507098
2.25 2.5 7 8 -875.0467334006908 0.01700353310805403
2.25 2.5 8 9 -615.3668359286876 0.01534160703683666
2.25 2.5 9 10 -430.1387978998901 0.01392353679817496
2.25 2.5 10 11 -296.1015542129112 0.01270560378758255
2.25 2.5 11 12 -197.9029217049535 0.01165106601096455
2.25 2.5 12 13 -125.2481959192789 0.01073095110412244
2.25 2.5 13 14 -71.09332140029187 0.00992230708116862
2.25 2.5 14 15 -30.52790193050441 0.009206884446728588
2.25 2.5 15 16 -0.06931993884154508 0.008570072580257923
2.25 2.5 16 17 22.79156146481387 0.008000078584170206
2.25 2.5 17 18 39.88834143431677 0.00748730276989677
2.25 2.5 18 19 52.57812291435039 0.007023865033627361
2.25 2.5 19 20 61.87683999330159 0.006603244460801064
2.25 2.5 20 21 68.55279211552556 0.00622000344388035
2.25 2.5 21 22 73.19228576016906 0.005869574945504117
2.25 2.5 22 23 76.24635460403374 0.005548097111211655
2.25 2.5 23 24 78.06444622806384 0.005252283674563313
2.25 2.5 24 25 78.91900287177305 0.004979321580788607
2.25 2.5 25 26 79.02359556810234 0.004726789480000448
2.25 2.5 26 27 78.54643821593277 0.004492592359325243
2.25 2.5 27 28 77.620552727632 0.004274908739852529
2.25 2.5 28 29 76.35146566245999 0.01781149399281174
2.25 2.5 29 30 74.82316788251137 0.01658620744267801
2.25 2.5 30 31 73.10257798161956 0.02004277945450063
2.25 2.5 31 32 71.24306374642009 0.01864980394703909
2.25 2.5 32 33 69.28727509643153 0.01736792564995072
2.25 2.5 33 34 67.26923309544065 0.01618658915979515
2.25 2.5 34 35 65.21604943838531 0.01509643903672395
2.25 2.5 35 36 63.14927596246804 0.01408915838223089
2.25 2.5 36 37 61.08597943413668 0.01315733403521308
2.25 2.5 37 38 59.03960112180289 0.01229434039769004
2.25 2.5 38 39 57.02064686190971 0.01149424160110746
2.25 2.5 39 40 55.03724295758775 0.01075170729899413
2.25 2.5 40 41 53.09558549333508 0.01006193989651061
2.25 2.5 41 42 51.20030445587432 0.009420612664652649
2.25 2.5 42 43 49.3547596520911 0.008823815379981136
2.25 2.5 43 44 47.5612817346335 0.008268007588424468
2.25 2.5 44 45 45.82136890418511 0.007749977943324439
2.25 2.5 45 46 44.13486327367048 0.007419490851606792
2.25 2.5 46 47 42.50396638145426 0.007519054667707073
2.25 2.5 47 48 40.92734137192352 0.006616940833919852
2.25 2.5 48 49 39.4044770210748 0.004440600865197163
2.25 2.5 49 50 37.93455610772577 0.00225722209996659
2.5 2.75 0 1 2095.315376860876 0.003295302240825696
2.5 2.75 1 2 -4460.304671602175 0.1579625356229871
2.5 2.75 2 3 -4994.813647779922 0.08751247132922634
2.5 2.75 3 4 -3547.471602725872 0.05708980095817037
2.5 2.75 4 5 -2432.334344834857 0.04057289822665486
2.5 2.75 5 6 -1670.604809238679 0.03039991940593111
2.5 2.75 6 7 -1155.155475853438 0.02361000142217038
2.5 2.75 7 8 -802.0154268777173 0.0188175333345917
2.5 2.75 8 9 -555.932446222997 0.01529241245191793
2.5 2.75 9 10 -381.542039210668 0.01261641267726513
2.5 2.75 10 11 -256.169721996554 0.01053317367574652
2.5 2.75 11 12 -164.9380168256087 0.008878049939642663
2.5 2.75 12 13 -97.92193720914611 0.007540700392655386
2.5 2.75 13 14 -48.36115641220704 0.006444689884537585
2.5 2.75 14 15 -11.56269623306116 0.005535561692643879
2.5 2.75 15 16 15.78878296734615 0.004773578349279281
2.5 2.75 16 17 36.07287201799863 0.004129138839153369
2.5 2.75 17 18 51.02208125803008 0.003579793135803058
2.5 2.75 18 19 61.9140088025714 0.003108243539297648
2.5 2.75 19 20 69.70157435758529 0.002700974317043825
2.5 2.75 20 21 75.10276225687505 0.002347292070710185
2.5 2.75 21 22 78.66342259176099 0.002038640927321627
2.5 2.75 22 23 80.80184664132332 0.001768105613264452
2.5 2.75 23 24 81.84082108197833 0.001530045267554613
2.5 2.75 24 25 82.0309560300575 0.001319819903769103
2.5 2.75 25 26 81.56785028810498 0.001133583471028324
2.5 2.75 26 27 80.60485035881959 0.0009681255172352091
2.5 2.75 27 28 79.26262293400646 0.0008207487475838141
2.5 2.75 28 29 77.63638763956783 0.01648753996250777
2.5 2.75 29 30 75.80148593103638 0.01531408967402566
2.5 2.75 30 31 73.81755841531475 0.01423533450488168
2.5 2.75 31 32 71.73188839838321 0.01771115223551534
2.5 2.75 32 33 69.58188362590988 0.01647825168429516
2.5 2.75 33 34 67.39716977901992 0.01534286576459789
2.5 2.75 34 35 65.20110026125946 0.0142958646750557
2.5 2.75 35 36 63.01201627523022 0.01332913745907069
2.5 2.75 36 37 60.84423463748504 0.01243545858463115
2.5 2.75 37 38 58.70883543406745 0.01160837408175746
2.5 2.75 38 39 56.61429239720638 0.01084210520132027
2.5 2.75 39 40 54.56697908913546 0.01013146537200777
2.5 2.75 40 41 52.5715766658432 0.009471789092756464
2.5 2.75 41 42 50.63140316528214 0.00885887091948072
2.5 2.75 42 43 48.74868012812297 0.008288912223050887
2.5 2.75 43 44 46.92474891510869 0.007758475519186452
2.5 2.75 44 45 45.16024650874266 0.007264444134724841
2.5 2.75 45 46 43.45430517585621 0.006948242149709181
2.5 2.75 46 47 41.80839147179236 0.007038538063493394
2.5 2.75 47 48 40.2206440718827 0.006183804577717471
2.5 2.75 48 49 38.6900519546777 0.00412965917525785
2.5 2.75 49 50 37.21536023695569 0.001870886645554196
2.75 3 0 1 1606.49369080919 0.02466816965244214
2.75 3 1 2 -4719.7656465527 0.04195130856879104
2.75 3 2 3 -4818.320726462658 0.005600977553818247
2.75 3 3 4 -3346.70681357123 0.004424859532869288
2.75 3 4 5 -2259.579621391544 0.008029172660852103
2.75 3 5 6 -1529.992330808097 0.009382362302804105
2.75 3 6 7 -1042.198418235136 0.009795538791216302
2.75 3 7 8 -711.3143239492538 0.009777248784159588
2.75 3 8 9 -482.8214326687803 0.009554446365484902
2.75 3 9 10 -322.308697493911 0.009233317046510835
2.75 3 10 11 -207.9329546607096 0.008870702970625602
2.75 3 11 12 -125.473393089015 0.00849529358824975
2.75 3 12 13 -65.50661970316196 0.008122669628900842
2.75 3 13 14 -21.65198297484062 0.007761085521465878
2.75 3 14 15 10.49581066003066 0.007414718521874245
2.75 3 15 16 34.03288149528339 0.007085434927383327
2.75 3 16 17 51.17047846714149 0.006773781589192976
2.75 3 17 18 63.51073848187309 0.006479556666182631
2.75 3 18 19 72.22942116239062 0.006202144283167932
2.75 3 19 20 78.1992314829165 0.005940713080902953
2.75 3 20 21 82.07446888713127 0.005694334588187268
2.75 3 21 22 84.35004462537131 0.00546205356402019
2.75 3 22 23 85.40322245534082 0.005242929132196369
2.75 3 23 24 85.5235305074192 0.005036058036766247
2.75 3 24 25 84.93445620433874 0.004840586913467395
2.75 3 25 26 83.80935614055181 0.004655717785884828
2.75 3 26 27 82.28324238573038 0.004480709478586546
2.75 3 27 28 80.46159557011822 0.004314876567203405
2.75 3 28 29 78.42701140755065 0.004157586939272192
2.75 3 29 30 76.24425278487092 0.004008258609161407
2.75 3 30 31 73.96409997079598 0.01411131735817981
2.75 3 31 32 71.62640417822234 0.01315306240993622
2.75 3 32 33 69.26228932660484 0.01227038603621075
2.75 3 33 34 66.89602933717231 0.01145637299136494
2.75 3 34 35 64.54644235795092 0.01070485115570879
2.75 3 35 36 62.22800690985224 0.0126861674172188
2.75 3 36 37 59.95172879274628 0.01182517011890802
2.75 3 37 38 57.72586065015705 0.01102885711186589
2.75 3 38 39 55.55644470158424 0.01029158319915448
2.75 3 39 40 53.44776157532715 0.00960828424791719
2.75 3 40 41 51.40268718458165 0.008974407171471133
2.75 3 41 42 49.42297944564871 0.008385849706485865
2.75 3 42 43 47.50950916431722 0.007838908317008991
2.75 3 43 44 45.66244627105402 0.007330232914383604
2.75 3 44 45 43.88141022366378 0.006856787593608694
2.75 3 45 46 42.16469783667833 0.006551428484216868
2.75 3 46 47 40.51290651575368 0.006628764929211577
2.75 3 47 48 38.92355702360325 0.00582019673429691
2.75 3 48 49 37.39505308844642 0.003890272736038258
2.75 3 49 50 35.92562832193968 0.002421501394493164
3 3.25 0 1 1080.866172804824 0.01522809013832796
3 3.25 1 2 -4890.177582063916 0.1961390156327124
3 3.25 2 3 -4539.261845819305 0.08809882850362975
3 3.25 3 4 -3068.965320137326 0.04967665797360652
3 3.25 4 5 -2031.338941863036 0.0310562453957931
3 3.25 5 6 -1349.572450228664 0.02052693499092841
3 3.25 6 7 -900.5655033052667 0.01398598564616232
3 3.25 7 8 -599.8519274576479 0.009656899303704907
3 3.25 8 9 -394.6351385726509 0.00665990135241454
3 3.25 9 10 -252.1381468937218 0.004510462136396147
3 3.25 10 11 -151.8076455001092 0.002930426306188753
3 3.25 11 12 -80.39249752940373 0.001744745562750812
3 3.25 12 13 -29.18574150928839 0.0008413217243600623
3 3.25 13 14 7.663895701458841 0.0001535861464012837
3 3.25 14 15 34.16815869725178 0.0004090619582325232
3 3.25 15 16 53.12798550833759 0.0008344196509025726
3 3.25 16 17 66.53101475009544 0.001171369335779045
3 3.25 17 18 75.80827579342383 0.001438248875470615
3 3.25 18 19 82.00330913487198 0.001649642048927166
3 3.25 19 20 85.88569874927578 0.001816753578109589
3 3.25 20 21 88.0286163353046 0.001948248489002733
3 3.25 21 22 88.86263122217213 0.002050893848370273
3 3.25 22 23 88.71359564491775 0.00213002590241932
3 3.25 23 24 87.82967375764611 0.002189890607424754
3 3.25 24 25 86.40086024375415 0.002233894286586999
3 3.25 25 26 84.57323227708525 0.002264790222483172
3 3.25 26 27 82.45946192403841 0.00228481908338284
3 3.25 27 28 80.14664246023375 0.002295815736342085
3 3.25 28 29 77.70216471960993 0.00229929126836652
3 3.25 29 30 75.17816378070694 0.002296496566416602
3 3.25 30 31 72.6149079402702 0.002288472002087949
3 3.25 31 32 70.04339849052195 0.002276086570808019
3 3.25 32 33 67.48737601967724 0.002260068953385161
3 3.25 33 34 64.96487717650376 0.002241032328142246
3 3.25 34 35 62.48944138524649 0.009926530953470195
3 3.25 35 36 60.07109138570726 0.009266126160914651
3 3.25 36 37 57.71703548072676 0.008656463740485487
3 3.25 37 38 55.43228898624054 0.008093168143355228
3 3.25 38 39 53.22013361351875 0.007572304673457595
3 3.25 39 40 51.082488554994 0.00709032752766295
3 3.25 40 41 49.02021149636781 0.008431888239905162
3 3.25 41 42 47.03331114749489 0.007868028909979679
3 3.25 42 43 45.12117026336904 0.007344488225322414
3 3.25 43 44 43.28267224917138 0.006857996234997107
3 3.25 44 45 41.51632737855792 0.006405591473054793
3 3.25 45 46 39.81954155823311 0.006111059418775751
3 3.25 46 47 38.192011333171 0.004985479331935584
3 3.25 47 48 36.63043284266035 0.005415646852139199
3 3.25 48 49 35.13277142846695 0.00361888649499937
3 3.25 49 50 33.69666731319796 0.002103678279532963
3.25 3.5 0 1 541.2347256807185 0.01528242911794178
3.25 3.5 1 2 -4871.608724464508 0.009363369507047622
3.25 3.5 2 3 -4100.214875549109 0.01574929495190553
3.25 3.5 3 4 -2683.551991642252 0.01770167406795053
3.25 3.5 4 5 -1731.78908940892 0.01644478370387257
3.25 3.5 5 6 -1121.897053295676 0.01473199586449143
3.25 3.5 6 7 -727.6119310754116 0.01311642555297143
3.25 3.5 7 8 -467.7740833535197 0.01170355645585104
3.25 3.5 8 9 -293.1429508167555 0.01049385918365244
3.25 3.5 9 10 -173.7303065512192 0.009458739117536821
3.25 3.5 10 11 -91.00262470449775 0.008570991712347964
3.25 3.5 11 12 -33.15269037975668 0.007804825707805685
3.25 3.5 12 13 7.4972527364896 0.007139230896715662
3.25 3.5 13 14 36.05848164918029 0.006557194715816869
3.25 3.5 14 15 56.00471017981681 0.006045019003911663
3.25 3.5 15 16 69.74087777222803 0.005591657384362614
3.25 3.5 16 17 78.95957428480972 0.005188158789956958
3.25 3.5 17 18 84.86939948078839 0.004827223981034096
3.25 3.5 18 19 88.34435189870339 0.004502859399888048
3.25 3.5 19 20 90.02345844443334 0.004210108829587647
3.25 3.5 20 21 90.37840314627897 0.003944845388041885
3.25 3.5 21 22 89.76017948024958 0.003703609733765461
3.25 3.5 22 23 88.4317482203823 0.003483483570542994
3.25 3.5 23 24 86.5912060411676 0.003281990115540949
3.25 3.5 24 25 84.38842317053985 0.003097015284505379
3.25 3.5 25 26 81.93712408242277 0.002926744852801959
3.25 3.5 26 27 79.32374834929436 0.00276961401737487
3.25 3.5 27 28 76.61400987583363 0.002624266654684839
3.25 3.5 28 29 73.85779328931142 0.002489522198583821
3.25 3.5 29 30 71.09283703156791 0.002364348550894206
3.25 3.5 30 31 68.34752314983808 0.002247839797056277
3.25 3.5 31 32 65.64300381914285 0.002139197766903629
3.25 3.5 32 33 62.99483155762644 0.002037716713605261
3.25 3.5 33 34 60.41421540811112 0.001942770493730294
3.25 3.5 34 35 57.90899336050131 0.001853801812674851
3.25 3.5 35 36 55.48438817972692 0.001770313143199473
3.25 3.5 36 37 53.1435969604581 0.001691859037384227
3.25 3.5 37 38 50.88825239817425 0.001618039578023501
3.25 3.5 38 39 48.71878458876162 0.001548494790289622
3.25 3.5 39 40 46.63470535542908 0.001482899845094872
3.25 3.5 40 41 44.63483205077367 0.001420960935250371
3.25 3.5 41 42 42.71745995808391 0.005752023316644303
3.25 3.5 42 43 40.88051688797759 0.005366544066896878
3.25 3.5 43 44 39.12164838400707 0.005008433350091886
3.25 3.5 44 45 37.43832013505053 0.004675537098753886
3.25 3.5 45 46 35.82714984179682 0.004453140494390056
3.25 3.5 46 47 34.28688738115947 0.004479347673377065
3.25 3.5 47 48 32.81364889750208 0.00393950529752589
3.25 3.5 48 49 31.40503667606944 0.003445842912310663
3.25 3.5 49 50 30.05806596329309 0.001650748303081235
3.5 3.75 0 1 43.20796608109754 0.009356544250685666
3.5 3.75 1 2 -4535.42874730969 0.02901122912802696
3.5 3.75 2 3 -3451.265150592958 0.0220239983422103
3.5 3.75 3 4 -2172.613601836169 0.02373258118571367
3.5 3.75 4 5 -1357.317811193524 0.02178511776100283
3.5 3.75 5 6 -849.8442343984304 0.01941489536716052
3.5 3.75 6 7 -529.1025983963905 0.0172409828586806
3.5 3.75 7 8 -321.9878101567629 0.01536364395195829
3.5 3.75 8 9 -185.5326467276957 0.01376716707302394
3.5 3.75 9 10 -94.12814684086834 0.01240737183188014
3.5 3.75 10 11 -32.21245189835372 0.01124436724739059
3.5 3.75 11 12 9.987991587875968 0.01024263224686859
3.5 3.75 12 13 38.74826966031492 0.009373604583719684
3.5 3.75 13 14 58.19729498988772 0.008614424296557821
3.5 3.75 14 15 71.11015486087649 0.007946828346611508
3.5 3.75 15 16 79.38743368407131 0.007356171299353971
3.5 3.75 16 17 84.35242048632563 0.006830635206155894
3.5 3.75 17 18 86.93973553572437 0.006360614082264889
3.5 3.75 18 19 87.8176606433135 0.005938240409091654
3.5 3.75 19 20 87.4690631796808 0.005557021774551664
3.5 3.75 20 21 86.24590423197299 0.005211561310735087
3.5 3.75 21 22 84.40655976741488 0.004897341484299303
3.5 3.75 22 23 82.14175563510531 0.004610555798119666
3.5 3.75 23 24 79.59283355671926 0.004347976870072071
3.5 3.75 24 25 76.86477307204831 0.004106852270338417
3.5 3.75 25 26 74.03557761015588 0.003884821680688441
3.5 3.75 26 27 71.16310758615549 0.003679850546986377
3.5 3.75 27 28 68.2900999171008 0.003490176583019115
3.5 3.75 28 29 65.44788545855343 0.003314266342786844
3.5 3.75 29 30 62.65916234967315 0.003150779755258584
3.5 3.75 30 31 59.94007870493928 0.002998540981565772
3.5 3.75 31 32 57.30180584172027 0.002856514336838218
3.5 3.75 32 33 54.75173283604377 0.002723784282082609
3.5 3.75 33 34 52.29437766139182 0.002599538719505651
3.5 3.75 34 35 49.93208484745426 0.002483054970087563
3.5 3.75 35 36 47.66556139226248 0.002373687953549735
3.5 3.75 36 37 45.49428946658804 0.002270860181121991
3.5 3.75 37 38 43.41684483032432 0.002174053239457411
3.5 3.75 38 39 41.43114276148395 0.002082800523792113
3.5 3.75 39 40 39.53462803543863 0.001996681008718754
3.5 3.75 40 41 37.72442161824682 0.001915313886632811
3.5 3.75 41 42 35.99743369824454 0.001838353942785913
3.5 3.75 42 43 34.35045053253012 0.001765487546986441
3.5 3.75 43 44 32.78020087901724 0.00169642917088403
3.5 3.75 44 45 31.28340645285368 0.001630918353559037
3.5 3.75 45 46 29.85621411724911 0.001579325841397091
3.5 3.75 46 47 28.49657830328272 0.001529918943420106
3.5 3.75 47 48 27.20066267988186 0.001485011300582167
3.5 3.75 48 49 25.96531016891375 0.002807432647405779
3.5 3.75 49 50 24.78773112339829 0.001791906799438491
3.75 4 0 1 -333.8398253625624 0.01907504934982673
3.75 4 1 2 -3786.805101290835 0.1185601507522278
3.75 4 2 3 -2589.833021020029 0.0950644591727938
3.75 4 3 4 -1552.086239180096 0.07208860343191005
3.75 4 4 5 -927.360534240345 0.05635443514104263
3.75 4 5 6 -552.1595152099108 0.04537096948988764
3.75 4 6 7 -321.8601121955285 0.03740104843033
3.75 4 7 8 -177.1662308679504 0.03141364887449836
3.75 4 8 9 -84.45262382061674 0.02678474650335451
3.75 4 9 10 -24.18810421561159 0.02311969851691189
3.75 4 10 11 15.25333977556591 0.02016089140386337
3.75 4 11 12 41.04091149375381 0.01773244679520139
3.75 4 12 13 57.70255354208075 0.01571124826314467
3.75 4 13 14 68.17183915095472 0.01400869832881742
3.75 4 14 15 74.39114707336137 0.01255956652856677
3.75 4 15 16 77.67111628825256 0.0113148596901709
3.75 4 16 17 78.91058770863486 0.0102371303155069
3.75 4 17 18 78.73451718222185 0.009297309260687739
3.75 4 18 19 77.58241691616269 0.008472518232185483
3.75 4 19 20 75.76624078156925 0.007744527926853833
3.75 4 20 21 73.501876579466 0.008399068270215424
3.75 4 21 22 70.97079636170042 0.006522935490358094
3.75 4 22 23 68.26706776555261 0.006007564294519636
3.75 4 23 24 65.48088740973387 0.005544408208365911
3.75 4 24 25 62.67194334180431 0.005126683317301976
3.75 4 25 26 59.88282985300785 0.004748688666498802
3.75 4 26 27 57.14359640675016 0.004405602272412701
3.75 4 27 28 54.47505184868925 0.004093321102100768
3.75 4 28 29 51.89118274512469 0.003808334416732337
3.75 4 29 30 49.40093511918766 0.003547622698919603
3.75 4 30 31 47.00953473750533 0.003308576362323182
3.75 4 31 32 44.71947022302083 0.003088929903919756
3.75 4 32 33 42.53122801919361 0.002886708211700945
3.75 4 33 34 40.44384353613728 0.002700182497396237
3.75 4 34 35 38.45531533708015 0.002527833921579139
3.75 4 35 36 36.56291674039977 0.002368323400428063
3.75 4 36 37 34.76343023068874 0.002220466408915755
3.75 4 37 38 33.05332356630771 0.002083211850086116
3.75 4 38 39 31.42888169101661 0.001955624255367577
3.75 4 39 40 29.88630504808118 0.001836868718183609
3.75 4 40 41 28.42178233547044 0.001726198090913432
3.75 4 41 42 27.03154374081902 0.001622942062722377
3.75 4 42 43 25.71189929518575 0.001526497802767237
3.75 4 43 44 24.45926589240515 0.001436321918874358
3.75 4 44 45 23.27018565211055 0.001351923522547652
3.75 4 45 46 22.14089346534857 0.001324582133587204
3.75 4 46 47 21.06903236377881 0.001262494252756567
3.75 4 47 48 20.05101569311423 0.001205070979256911
3.75 4 48 49 19.08387053729075 0.001156971790476083
3.75 4 49 50 18.16484025553245 0.001783110598457132
4 5 0 1 -891.4079355315192 0.005762524835101233
4 5 1 2 -4082.077186375467 0.0551425688942284
4 5 2 3 -2335.168226850982 0.06182218568299565
4 5 3 4 -1255.698238519609 0.06324530956468498
4 5 4 5 -670.0779218210234 0.04880248158503221
4 5 5 6 -342.9944577256947 0.05989800199829788
4 5 6 7 -155.7752090481033 0.02300169851219256
4 5 7 8 -45.91836685039584 0.03010678239975353
4 5 8 9 19.79002544097614 0.03132088508752924
4 5 9 10 58.69455726926878 0.03079050913160538
4 5 10 11 81.33152230259645 0.01864471244864162
4 5 11 12 93.81262130910136 0.01781536259046886
4 5 12 13 99.89188300554861 0.01684879231160993
4 5 13 14 101.8845358598281 0.0157094263525925
4 5 14 15 101.2610022838755 0.01464575132891583
4 5 15 16 98.98213047454288 0.01375444472182953
4 5 16 17 95.68441953546574 0.01296254560303428
4 5 17 18 91.78955077299219 0.01219400087233682
4 5 18 19 87.57676449972502 0.01143928883112412
4 5 19 20 83.23180665549751 0.01072349051242686
4 5 20 21 78.87863589136694 0.01006455020907627
4 5 21 22 74.59937730539647 0.00946236309005649
4 5 22 23 70.44717830153232 0.008907550240429166
4 5 23 24 66.45495561602775 0.008391164348611481
4 5 24 25 62.6415841318416 0.007908249707312798
4 5 25 26 59.01630202134956 0.007456892498399064
4 5 26 27 55.57877972801973 0.004740324327634297
4 5 27 28 52.333531795429 0.004472523640007574
4 5 28 29 49.27273823950196 0.004224448353159358
4 5 29 30 46.38989499192512 0.003994273231311378
4 5 30 31 43.67733491869153 0.003780285087812345
4 5 31 32 41.12673996468644 0.0035809529836856
4 5 32 33 38.72950367921025 0.003394945504196465
4 5 33 34 36.47698537833509 0.003221112176339757
4 5 34 35 34.36274601699708 0.001985435894391803
4 5 35 36 32.37438091914606 0.001888224212788148
4 5 36 37 30.50608029719089 0.001796827484197154
4 5 37 38 28.75030967679803 0.001710863595798463
4 5 38 39 27.09993357148041 0.001629970095475006
4 5 39 40 25.54822325057781 0.001553803376067232
4 5 40 41 24.08885417059911 0.001482039631855741
4 5 41 42 22.71589640295274 0.001414375863853139
4 5 42 43 21.423800469375 0.001350530570636652
4 5 43 44 20.20738032428076 0.001290243406127709
4 5 44 45 19.06179467613959 0.001233274408872098
4 5 45 46 17.98212780263811 0.001179410876956145
4 5 46 47 16.96478944034426 0.001128400196736122
4 5 47 48 16.00520912718389 0.001080081177446984
4 5 48 49 15.09957839770995 0.001034523715602015
4 5 49 50 14.24438474900845 0.0009909593138411566
-5 5 0 50 -506794.3634543983 1.099150446670352
