#ylo yhi qTlo qThi PDF0  uncertainty
-5 -4 0 1 -1004.003087182913 0.014859752421803
-5 -4 1 2 -4425.13698165784 0.07723765410092369
-5 -4 2 3 -2547.445552463891 0.0703314539867618
-5 -4 3 4 -1397.6489436131 0.05637401384712454
-5 -4 4 5 -769.828542215716 0.05884602940575101
-5 -4 5 6 -416.7509389111215 0.05157769319971483
-5 -4 6 7 -211.4478407180729 0.04217062765049415
-5 -4 7 8 -88.92884237035264 0.03477102068739455
-5 -4 8 9 -14.63368405669439 0.02512195094007212
-5 -4 9 10 30.92505879688963 0.02913772993034022
-5 -4 10 11 59.08063371827211 0.02073730315006338
-5 -4 11 12 75.77155168029026 0.02080689254282315
-5 -4 12 13 85.23398417078158 0.02055997929898073
-5 -4 13 14 89.98306362957851 0.01997241167266204
-5 -4 14 15 91.63250341820219 0.01929637391039854
-5 -4 15 16 91.23912407652995 0.01282654258084698
-5 -4 16 17 89.53149350499831 0.01211939262372613
-5 -4 17 18 86.9810724111357 0.01145180441266721
-5 -4 18 19 83.91190356818038 0.01081790134210851
-5 -4 19 20 80.54499763217581 0.01022364794962546
-5 -4 20 21 77.03222836428671 0.00967253794409996
-5 -4 21 22 73.47795927282183 0.009162134648214224
-5 -4 22 23 69.95647153193329 0.006971278112358993
-5 -4 23 24 66.50881116661878 0.006756437862462938
-5 -4 24 25 63.16905696723492 0.006542967878214605
-5 -4 25 26 59.95641468172548 0.006333029539864539
-5 -4 26 27 56.88190650889604 0.006128467447789917
-5 -4 27 28 53.9508235189511 0.00593043115401507
-5 -4 28 29 51.16445148535152 0.005739419961969283
-5 -4 29 30 48.52129710035206 0.005555510466377994
-5 -4 30 31 46.01759285302987 0.004390072010932694
-5 -4 31 32 43.64733762478014 0.00213503341508385
-5 -4 32 33 41.40900217447052 0.002050125670205684
-5 -4 33 34 39.29448943294916 0.001969286851348713
-5 -4 34 35 37.29767604023112 0.001892334430488423
-5 -4 35 36 35.41239130668151 0.001819092744679
-5 -4 36 37 33.63253670189246 0.001749387995593215
-5 -4 37 38 31.95216753796979 0.001683046624043571
-5 -4 38 39 30.36554708426982 0.001619896098517382
-5 -4 39 40 28.86718066531956 0.001559766841287738
-5 -4 40 41 27.45183531914467 0.001502494183625466
-5 -4 41 42 26.11454905097591 0.001447920069739056
-5 -4 42 43 24.85063266859184 0.001395894118529337
-5 -4 43 44 23.65566640913992 0.001346274095986893
-5 -4 44 45 22.52549293536782 0.001298926134924226
-5 -4 45 46 21.45580396053585 0.001253720252772038
-5 -4 46 47 20.44351786824249 0.001210561170935836
-5 -4 47 48 19.48448445029941 0.001169315798897561
-5 -4 48 49 18.57527250944681 0.001129847418488564
-5 -4 49 50 17.71271908789051 0.001092134107490852
-4 -3.75 0 1 -317.4920393184016 0.001473409891551386
-4 -3.75 1 2 -4014.443429626529 0.1426930752732397
-4 -3.75 2 3 -2801.090945581178 0.1065833448995971
-4 -3.75 3 4 -1711.137561692408 0.07858260501990383
-4 -3.75 4 5 -1047.418238364531 0.06029510387461579
-4 -3.75 5 6 -644.7578894675557 0.04783270314849948
-4 -3.75 6 7 -394.8418529929966 0.0389330794096624
-4 -3.75 7 8 -235.7495192180554 0.03232809549122342
-4 -3.75 8 9 -132.1794803096291 0.02727121439850877
-4 -3.75 9 10 -63.53196195314035 0.02330233783792565
-4 -3.75 10 11 -17.48337094720034 0.02012218192053235
-4 -3.75 11 12 13.60331799291407 0.01753015823336456
-4 -3.75 12 13 34.57866263280243 0.01538670663646097
-4 -3.75 13 14 48.60442681825646 0.01359214832947446
-4 -3.75 14 15 57.78817590869107 0.01207355826659358
-4 -3.75 15 16 63.5626248382564 0.01077647079608898
-4 -3.75 16 17 66.91850432240926 0.009659465541676267
-4 -3.75 17 18 68.55107797170012 0.008690537412933047
-4 -3.75 18 19 68.94659863588345 0.006968757002703069
-4 -3.75 19 20 68.48348947905646 0.007101760939440843
-4 -3.75 20 21 67.39537686619076 0.006446028415196915
-4 -3.75 21 22 65.87777201307301 0.005864449356750289
-4 -3.75 22 23 64.06836767586719 0.005346417648732406
-4 -3.75 23 24 62.06856066853015 0.004883178037095982
-4 -3.75 24 25 59.95315638441181 0.00446744686393926
-4 -3.75 25 26 57.77733138002833 0.00409312139224046
-4 -3.75 26 27 55.58167935470703 0.003755054646932642
-4 -3.75 27 28 53.39590149737623 0.003448879289587402
-4 -3.75 28 29 51.24152760362165 0.003170868598269576
-4 -3.75 29 30 49.13393729189798 0.002917825804199403
-4 -3.75 30 31 47.08387124172967 0.002686995315247416
-4 -3.75 31 32 45.09856771666998 0.00247599097475353
-4 -3.75 32 33 43.18262165201583 0.002282737693288186
-4 -3.75 33 34 41.33863689850386 0.002105423655474346
-4 -3.75 34 35 39.56772326519011 0.001942460948960973
-4 -3.75 35 36 37.86987643006735 0.001792452955090815
-4 -3.75 36 37 36.24426897601394 0.001654167188609522
-4 -3.75 37 38 34.68947368621522 0.001526512569563743
-4 -3.75 38 39 33.20363497195856 0.001408520306756682
-4 -3.75 39 40 31.78460043364026 0.001299327757748127
-4 -3.75 40 41 30.43002171360648 0.001198164727941376
-4 -3.75 41 42 29.13743157342755 0.001104341812106957
-4 -3.75 42 43 27.90430256319154 0.001017240419046081
-4 -3.75 43 44 26.72809141371835 0.0009363042153172735
-4 -3.75 44 45 25.60627231134043 0.0008610317595136054
-4 -3.75 45 46 24.53591318445495 0.0008758577949471372
-4 -3.75 46 47 23.51540402547476 0.00083127575466275
-4 -3.75 47 48 22.54181071106191 0.0007917393079255601
-4 -3.75 48 49 21.61274965948003 0.0007646261830980246
-4 -3.75 49 50 20.72599851103961 0.001650624036586127
-3.75 -3.5 0 1 195.4694615225097 0.001653561505362352
-3.75 -3.5 1 2 -4681.51956296308 0.04725691696261342
-3.75 -3.5 2 3 -3698.49542816247 0.006334037281971294
-3.75 -3.5 3 4 -2378.839229602777 0.01455335331715168
-3.75 -3.5 4 5 -1520.52866532407 0.01577424667114955
-3.75 -3.5 5 6 -979.4448998614778 0.01521325900840155
-3.75 -3.5 6 7 -633.4561054461096 0.01417839603105671
-3.75 -3.5 7 8 -407.2451124239142 0.01306662240934095
-3.75 -3.5 8 9 -256.0928363312994 0.01201062179472617
-3.75 -3.5 9 10 -153.1623963697282 0.0110455732478605
-3.75 -3.5 10 11 -82.0499460904266 0.01017951666828328
-3.75 -3.5 11 12 -32.39659610040985 0.009406164741299582
-3.75 -3.5 12 13 2.485696282203548 0.008716043599119715
-3.75 -3.5 13 14 27.02313914401532 0.008099158636936438
-3.75 -3.5 14 15 44.20903557957274 0.007546187320261744
-3.75 -3.5 15 16 56.10707087228923 0.007048860401488422
-3.75 -3.5 16 17 64.16447567137573 0.006600009636282728
-3.75 -3.5 17 18 69.41147660301419 0.006193485864586622
-3.75 -3.5 18 19 72.59111001341364 0.00582403539933094
-3.75 -3.5 19 20 74.24541461145247 0.005487172005399014
-3.75 -3.5 20 21 74.77371213443644 0.005179059202003069
-3.75 -3.5 21 22 74.47267208753277 0.004896407641917492
-3.75 -3.5 22 23 73.56427072366648 0.004636387947469804
-3.75 -3.5 23 24 72.21556985462047 0.004396557675052045
-3.75 -3.5 24 25 70.55288329848997 0.00417480052819548
-3.75 -3.5 25 26 68.67203851072122 0.003969275881818479
-3.75 -3.5 26 27 66.6458864522541 0.003778376879409392
-3.75 -3.5 27 28 64.52984926276076 0.003600695605263615
-3.75 -3.5 28 29 62.36605357553321 0.003434994056838877
-3.75 -3.5 29 30 60.18643407207543 0.00328017989914921
-3.75 -3.5 30 31 58.01508041747155 0.003135286131931684
-3.75 -3.5 31 32 55.87002349630868 0.002999453985629032
-3.75 -3.5 32 33 53.76460285868333 0.002871918482571512
-3.75 -3.5 33 34 51.70851909795192 0.002751996204747057
-3.75 -3.5 34 35 49.70864759487904 0.00263907489073366
-3.75 -3.5 35 36 47.76967039109405 0.002532604558473386
-3.75 -3.5 36 37 45.89456864981449 0.002432089906865934
-3.75 -3.5 37 38 44.08500770016516 0.002337083784060294
-3.75 -3.5 38 39 42.3416388977233 0.002247181561805244
-3.75 -3.5 39 40 40.66433676928578 0.002162016266044112
-3.75 -3.5 40 41 39.0523856577878 0.002081254358886358
-3.75 -3.5 41 42 37.50462672674522 0.002004592063962649
-3.75 -3.5 42 43 36.01957381749384 0.001931752163945855
-3.75 -3.5 43 44 34.59550473936613 0.00186248119725728
-3.75 -3.5 44 45 33.23053310603117 0.001796547000487864
-3.75 -3.5 45 46 31.92205317250462 0.001744621537693896
-3.75 -3.5 46 47 30.66914991899533 0.001693932389800466
-3.75 -3.5 47 48 29.46898391945128 0.001647337323235035
-3.75 -3.5 48 49 28.31933507835659 0.003188791910228576
-3.75 -3.5 49 50 27.21813740206161 0.00191539661434678
-3.5 -3.25 0 1 861.6077702742139 0.01183032918835045
-3.5 -3.25 1 2 -4869.806628727151 0.02952701236002286
-3.5 -3.25 2 3 -4349.733350587849 0.01053364548611871
-3.5 -3.25 3 4 -2915.642862373972 0.01632432352327545
-3.5 -3.25 4 5 -1923.714032973772 0.01648821786388728
-3.5 -3.25 5 6 -1278.352252603154 0.01538708532690418
-3.5 -3.25 6 7 -855.9961293381748 0.01404936435791641
-3.5 -3.25 7 8 -574.2744002045556 0.01276027757281281
-3.5 -3.25 8 9 -382.4513435401252 0.01159364595936872
-3.5 -3.25 9 10 -249.3483251463276 0.01056245408827752
-3.5 -3.25 10 11 -155.5630722526103 0.009655943246449448
-3.5 -3.25 11 12 -88.66131837173702 0.008859241272546175
-3.5 -3.25 12 13 -40.511274098689 0.008157141963951862
-3.5 -3.25 13 14 -5.668432265746787 0.007535975830046599
-3.5 -3.25 14 15 19.58923517461017 0.006983995327986636
-3.5 -3.25 15 16 37.85455408714631 0.006491292485451502
-3.5 -3.25 16 17 50.96435571246661 0.006049569734202956
-3.5 -3.25 17 18 60.23947445970612 0.005651886969513791
-3.5 -3.25 18 19 66.64232540332932 0.005292429224594232
-3.5 -3.25 19 20 70.88238247501431 0.004966307765086374
-3.5 -3.25 20 21 73.48804579586385 0.004669395179517611
-3.5 -3.25 21 22 74.85640832622812 0.004398190665487302
-3.5 -3.25 22 23 75.28823161951982 0.004149710706346524
-3.5 -3.25 23 24 75.01286033711926 0.003921400484345874
-3.5 -3.25 24 25 74.20618972746189 0.003711062025209507
-3.5 -3.25 25 26 73.00376978819446 0.003516795770962708
-3.5 -3.25 26 27 71.51046148544697 0.00333695287710228
-3.5 -3.25 27 28 69.8076197184094 0.003170096132670025
-3.5 -3.25 28 29 67.95848301937173 0.0030149677818256
-3.5 -3.25 29 30 66.01224992532809 0.002870462917172514
-3.5 -3.25 30 31 64.00718466418272 0.002735607380275258
-3.5 -3.25 31 32 61.97299921031652 0.002609539319820725
-3.5 -3.25 32 33 59.93269158468919 0.002491493730649615
-3.5 -3.25 33 34 57.90397254975861 0.002380789451148581
-3.5 -3.25 34 35 55.90037858724489 0.002276818156948106
-3.5 -3.25 35 36 53.93214423833632 0.002179035034029376
-3.5 -3.25 36 37 52.00688875211335 0.002086950823947427
-3.5 -3.25 37 38 50.13015867473459 0.002000125023899678
-3.5 -3.25 38 39 48.30585807984465 0.001918160050849264
-3.5 -3.25 39 40 46.53659073730628 0.001840696211030009
-3.5 -3.25 40 41 44.82393302273621 0.001767407361946232
-3.5 -3.25 41 42 43.16864878571826 0.005891698042292304
-3.5 -3.25 42 43 41.57087727061906 0.00550018045255819
-3.5 -3.25 43 44 40.03025284487057 0.005136597137581854
-3.5 -3.25 44 45 38.5460313750862 0.0047987457347391
-3.5 -3.25 45 46 37.11643844772445 0.00457062725327401
-3.5 -3.25 46 47 35.74162013271776 0.00140220621996993
-3.5 -3.25 47 48 34.41920163052718 0.004048258076974422
-3.5 -3.25 48 49 33.14775675642633 0.003362036340805017
-3.5 -3.25 49 50 31.92544894784302 0.001671065235839833
-3.25 -3 0 1 1576.299370544549 0.02361044970989386
-3.25 -3 1 2 -4707.813173618175 0.02118458640078958
-3.25 -3 2 3 -4768.433860232124 0.146179488734154
-3.25 -3 3 4 -3311.682757762848 0.08495133200497507
-3.25 -3 4 5 -2241.308756554674 0.05489844741023257
-3.25 -3 5 6 -1525.080510781854 0.03769143543120173
-3.25 -3 6 7 -1047.062760514541 0.02686718768257303
-3.25 -3 7 8 -722.9757128562001 0.01961072268994863
-3.25 -3 8 9 -499.0052064936367 0.01451481374467363
-3.25 -3 9 10 -341.3479854639902 0.01081179773356872
-3.25 -3 10 11 -228.6320703387453 0.008046307434421548
-3.25 -3 11 12 -146.9850477341756 0.005936366994855858
-3.25 -3 12 13 -87.23584194383352 0.004298445324197916
-3.25 -3 13 14 -43.18491885820254 0.00300885340193968
-3.25 -3 14 15 -10.55668086216156 0.00198170284572778
-3.25 -3 15 16 13.65205206377777 0.001155874688185643
-3.25 -3 16 17 31.58580314945777 0.0004873382725715007
-3.25 -3 17 18 44.79872334835989 7.340870070740434e-05
-3.25 -3 18 19 54.43204587135176 0.0005097822472371826
-3.25 -3 19 20 61.33367222659092 0.0008772548959798687
-3.25 -3 20 21 66.14016382589466 0.001180639709154594
-3.25 -3 21 22 69.33385649377226 0.001431251569137578
-3.25 -3 22 23 71.28322845884861 0.001638257243137161
-3.25 -3 23 24 72.27181434909528 0.001809030624506417
-3.25 -3 24 25 72.51916936951295 0.001949536949976945
-3.25 -3 25 26 72.1962403938648 0.002064635505126732
-3.25 -3 26 27 71.43675257520511 0.002158311669454563
-3.25 -3 27 28 70.34572435572005 0.002233854997232564
-3.25 -3 28 29 69.00589072632823 0.002293996816535386
-3.25 -3 29 30 67.48258752701645 0.00234101740308802
-3.25 -3 30 31 65.82749310233459 0.00237683011340298
-3.25 -3 31 32 64.081514243821 0.002403047951704369
-3.25 -3 32 33 62.27702618154029 0.002421036609466006
-3.25 -3 33 34 60.43962135147746 0.002431957016320884
-3.25 -3 34 35 58.58948201258607 0.002436799705632758
-3.25 -3 35 36 56.74245709261569 0.009455242276710145
-3.25 -3 36 37 54.91094426095938 0.008843046561768167
-3.25 -3 37 38 53.10453540207882 0.008278267698447596
-3.25 -3 38 39 51.33058745511107 0.007756861667252382
-3.25 -3 39 40 49.59465758430599 0.009119811889793446
-3.25 -3 40 41 47.9008356767479 0.008490375416552839
-3.25 -3 41 42 46.25205681190329 0.007907036774357326
-3.25 -3 42 43 44.65031062518366 0.007365969754363486
-3.25 -3 43 44 43.09683200857529 0.006863717342609136
-3.25 -3 44 45 41.59225180620928 0.006397150845496595
-3.25 -3 45 46 40.13588387601473 0.006090076025477016
-3.25 -3 46 47 38.72911178229498 0.006141915737861043
-3.25 -3 47 48 37.37036061709503 0.005371950087538754
-3.25 -3 48 49 36.05883666610607 0.003567255171220778
-3.25 -3 49 50 34.79352571617824 0.002442541570235077
-3 -2.75 0 1 2264.741999466863 0.03809838306968013
-3 -2.75 1 2 -4359.035873505275 0.07418971189830012
-3 -2.75 2 3 -5019.483993244045 0.0104602175300177
-3 -2.75 3 4 -3592.304523179193 0.007200234996163316
-3 -2.75 4 5 -2480.938561070646 0.01363493298854459
-3 -2.75 5 6 -1719.007684991322 0.01611808735269585
-3 -2.75 6 7 -1202.187596665261 0.01693996244224689
-3 -2.75 7 8 -847.1818959602256 0.0169931736733711
-3 -2.75 8 9 -598.9680826458512 0.0166726976580865
-3 -2.75 9 10 -422.3064359204723 0.01617171120825966
-3 -2.75 10 11 -294.6108802300562 0.01558817320262009
-3 -2.75 11 12 -201.0647726446036 0.01497467844273599
-3 -2.75 12 13 -131.7851152029871 0.01435974200765144
-3 -2.75 13 14 -80.03891156493705 0.01375882385675236
-3 -2.75 14 15 -41.14977591799834 0.01318005991115042
-3 -2.75 15 16 -11.81136014484355 0.01262739097565376
-3 -2.75 16 17 10.35216277800555 0.01210232866285903
-3 -2.75 17 18 27.07304565966137 0.01160497846203069
-3 -2.75 18 19 39.6309211732987 0.0111346443808538
-3 -2.75 19 20 48.98219434872874 0.01069019130109905
-3 -2.75 20 21 55.84920912735936 0.01027026383837232
-3 -2.75 21 22 60.78265751637559 0.009873418657860995
-3 -2.75 22 23 64.20589035177409 0.009498203778852181
-3 -2.75 23 24 66.44679433263423 0.009143205144842225
-3 -2.75 24 25 67.76100301888357 0.008807072763955287
-3 -2.75 25 26 68.34898640841152 0.008488534154773636
-3 -2.75 26 27 68.36876280304898 0.008186399888143944
-3 -2.75 27 28 67.94544383044661 0.007899564291768047
-3 -2.75 28 29 67.1784641739344 0.007627003250919741
-3 -2.75 29 30 66.14710171844177 0.007367770362632769
-3 -2.75 30 31 64.91472382151017 0.007120992214068487
-3 -2.75 31 32 63.53206065789186 0.01454617433698218
-3 -2.75 32 33 62.03983182219179 0.01364886628331055
-3 -2.75 33 34 60.47066076835705 0.01282160497812088
-3 -2.75 34 35 58.8507242573902 0.01205805356083169
-3 -2.75 35 36 57.20099177151997 0.01135254080014394
-3 -2.75 36 37 55.53822388432587 0.01205089870086651
-3 -2.75 37 38 53.87577711216596 0.01122199305561865
-3 -2.75 38 39 52.2242380388721 0.01045525100978424
-3 -2.75 39 40 50.59194531653475 0.009745299667700658
-3 -2.75 40 41 48.98540675385286 0.009087311413569847
-3 -2.75 41 42 47.40963847766187 0.008476939597487557
-3 -2.75 42 43 45.8684408443163 0.007910262140642433
-3 -2.75 43 44 44.36462345143897 0.00738373389782011
-3 -2.75 44 45 42.90018905870639 0.006930482881082892
-3 -2.75 45 46 41.47558144340084 0.006670798240456373
-3 -2.75 46 47 40.09336823172063 0.006640418174953178
-3 -2.75 47 48 38.75282656753004 0.006092640462294248
-3 -2.75 48 49 37.45396471854045 0.005033180004978873
-3 -2.75 49 50 36.19647415191542 0.004207052502450363
-2.75 -2.5 0 1 2899.738448805032 0.000945080598995298
-2.75 -2.5 1 2 -3934.052997088836 0.008190870095490766
-2.75 -2.5 2 3 -5165.757808770059 0.1441510379353872
-2.75 -2.5 3 4 -3791.820340086364 0.09302014859275545
-2.75 -2.5 4 5 -2661.136874122642 0.06571512532399536
-2.75 -2.5 5 6 -1869.72605670507 0.04906277259202781
-2.75 -2.5 6 7 -1325.759708556855 0.03802248183131093
-2.75 -2.5 7 8 -948.1886149256138 0.03026804289259022
-2.75 -2.5 8 9 -681.7732953737082 0.02458596066381894
-2.75 -2.5 9 10 -490.5342501253681 0.0202847401223377
-2.75 -2.5 10 11 -351.1443763611455 0.01694431741450638
-2.75 -2.5 11 12 -248.1675030825468 0.0142954252031095
-2.75 -2.5 12 13 -171.2323368327332 0.01215842995443674
-2.75 -2.5 13 14 -113.2287038167015 0.01040929631566291
-2.75 -2.5 14 15 -69.19025793254855 0.008959899325336305
-2.75 -2.5 15 16 -35.58723411571441 0.007746089060524929
-2.75 -2.5 16 17 -9.870699406561471 0.006720181269530704
-2.75 -2.5 17 18 9.82667202045036 0.005846079850955675
-2.75 -2.5 18 19 24.89071211696387 0.005096020146260725
-2.75 -2.5 19 20 36.36196403286635 0.004448341232891291
-2.75 -2.5 20 21 45.02992903806944 0.003885929179872018
-2.75 -2.5 21 22 51.49928496576911 0.003395108345207375
-2.75 -2.5 22 23 56.2370729353795 0.00296483815756821
-2.75 -2.5 23 24 59.60676205438369 0.002586122242234164
-2.75 -2.5 24 25 61.89313739894874 0.002251567656889952
-2.75 -2.5 25 26 63.32068493583336 0.001955051904024587
-2.75 -2.5 26 27 64.06731139201906 0.001691468453240628
-2.75 -2.5 27 28 64.2746792756476 0.00145653017632415
-2.75 -2.5 28 29 64.05605996631016 0.001246616010212389
-2.75 -2.5 29 30 63.50234275039418 0.01557033259137701
-2.75 -2.5 30 31 62.6867015425546 0.01446459326947735
-2.75 -2.5 31 32 61.66816383900772 0.0134474907638262
-2.75 -2.5 32 33 60.49447146701146 0.01689602018112423
-2.75 -2.5 33 34 59.20423301275406 0.01570900980960064
-2.75 -2.5 34 35 57.8287700054762 0.01461545454778729
-2.75 -2.5 35 36 56.39345062327817 0.01360670979878955
-2.75 -2.5 36 37 54.9188201251726 0.01267508064090937
-2.75 -2.5 37 38 53.42149537900087 0.01181369893660312
-2.75 -2.5 38 39 51.91488562567463 0.0110164196085035
-2.75 -2.5 39 40 50.4097754307131 0.01027773117163103
-2.75 -2.5 40 41 48.9147979293401 0.009592679572719039
-2.75 -2.5 41 42 47.43682016479949 0.008956802181322743
-2.75 -2.5 42 43 45.9812578894194 0.008366070810658264
-2.75 -2.5 43 44 44.55233342069019 0.007816842533481153
-2.75 -2.5 44 45 43.15328738927715 0.007305816738831388
-2.75 -2.5 45 46 41.78559993554131 0.006975308789461042
-2.75 -2.5 46 47 40.45289598428508 0.00705486110154065
-2.75 -2.5 47 48 39.15524465527901 0.006183932371315089
-2.75 -2.5 48 49 37.89339579034507 0.004109725093738565
-2.75 -2.5 49 50 36.6676976752629 0.00183297685408192
-2.5 -2.25 0 1 3479.077933200123 0.03647911741463172
-2.5 -2.25 1 2 -3499.127435325853 0.003499995082665278
-2.5 -2.25 2 3 -5255.852949360893 0.03633758004024374
-2.5 -2.25 3 4 -3939.250220076214 0.0379074337414796
-2.5 -2.25 4 5 -2798.936406283331 0.03510354831292555
-2.5 -2.25 5 6 -1987.214483448742 0.03176744918097309
-2.5 -2.25 6 7 -1423.527694987341 0.0286735270104562
-2.5 -2.25 7 8 -1029.141599288077 0.02596161176895797
-2.5 -2.25 8 9 -748.9273072523538 0.02361628102399078
-2.5 -2.25 9 10 -546.4882395513469 0.02158978922960135
-2.5 -2.25 10 11 -398.0096105944695 0.01983073239498289
-2.5 -2.25 11 12 -287.6295045246138 0.01829465378217167
-2.5 -2.25 12 13 -204.6306822151373 0.01694463211318687
-2.5 -2.25 13 14 -141.6302976320744 0.01575061606744098
-2.5 -2.25 14 15 -93.44904970107291 0.01468824547389027
-2.5 -2.25 15 16 -56.39093454380395 0.0137377299500257
-2.5 -2.25 16 17 -27.77676949384136 0.01288290959144116
-2.5 -2.25 17 18 -5.636598110328123 0.01211050452732918
-2.5 -2.25 18 19 11.49680748126093 0.01140952651640454
-2.5 -2.25 19 20 24.72898320503793 0.010770820271425
-2.5 -2.25 20 21 34.90167451362129 0.01018670582729598
-2.5 -2.25 21 22 42.66182844390289 0.009650698676256616
-2.5 -2.25 22 23 48.51089675473816 0.009157289603921747
-2.5 -2.25 23 24 52.84052589792236 0.008701770415407317
-2.5 -2.25 24 25 55.95870163458778 0.008280095117227375
-2.5 -2.25 25 26 58.10911227703502 0.007888768559753056
-2.5 -2.25 26 27 59.48563538183555 0.007524756569956792
-2.5 -2.25 27 28 60.24327777494864 0.007185412922441679
-2.5 -2.25 28 29 60.50649483527661 0.01888208782617509
-2.5 -2.25 29 30 60.37564686310691 0.01762120665058838
-2.5 -2.25 30 31 59.93186134316852 0.01646086558284998
-2.5 -2.25 31 32 59.24096618624191 0.01917710967192715
-2.5 -2.25 32 33 58.35642367873697 0.01783442560060232
-2.5 -2.25 33 34 57.32182597477123 0.01659825189706292
-2.5 -2.25 34 35 56.17270928407663 0.01545859522942723
-2.5 -2.25 35 36 54.93807974683136 0.01440657952368636
-2.5 -2.25 36 37 53.64162004114974 0.01343429915915299
-2.5 -2.25 37 38 52.30266012055836 0.01253469460710773
-2.5 -2.25 38 39 50.9369614465146 0.01170144589987888
-2.5 -2.25 39 40 49.55735298384008 0.01092888200216024
-2.5 -2.25 40 41 48.17424893582586 0.01021190257039692
-2.5 -2.25 41 42 46.7960715101116 0.009545911282125685
-2.5 -2.25 42 43 45.42959731714654 0.008926757086040097
-2.5 -2.25 43 44 44.0802419710248 0.008350684103030684
-2.5 -2.25 44 45 42.75229454945716 0.007814287779682424
-2.5 -2.25 45 46 41.44811667436971 0.007468629254343486
-2.5 -2.25 46 47 40.17222953282027 0.007557769090339122
-2.5 -2.25 47 48 38.92537706456594 0.00663717334516198
-2.5 -2.25 48 49 37.70894413637262 0.004625834757888025
-2.5 -2.25 49 50 36.52384302755769 0.003447448450990948
-2.25 -2 0 1 4003.718193646025 0.034756151933917
-2.25 -2 1 2 -3102.768604810832 0.06526744949780208
-2.25 -2 2 3 -5347.735725633711 0.1856701931937374
-2.25 -2 3 4 -4080.539980609956 0.1229970517313367
-2.25 -2 4 5 -2926.503216945406 0.08875078583352498
-2.25 -2 5 6 -2092.511831241006 0.0675143448942204
-2.25 -2 6 7 -1508.505398788774 0.05324283911713051
-2.25 -2 7 8 -1097.488624175206 0.04310106037501364
-2.25 -2 8 9 -804.067755016325 0.03559023483423353
-2.25 -2 9 10 -591.2059514284042 0.02984954206322225
-2.25 -2 10 11 -434.47340552677 0.02534986501080134
-2.25 -2 11 12 -317.5156171164999 0.0217502110048225
-2.25 -2 12 13 -229.2361736064843 0.01882139689161701
-2.25 -2 13 14 -161.9651314064788 0.01640418407737124
-2.25 -2 14 15 -110.305935754745 0.01438478065964112
-2.25 -2 15 16 -70.39729904492515 0.01267990302844012
-2.25 -2 16 17 -39.43329921103509 0.01122732681949321
-2.25 -2 17 18 -15.34594018583334 0.009979719308679415
-2.25 -2 18 19 3.408519987543741 0.008900502452957463
-2.25 -2 19 20 17.99584550646546 0.007961010894926819
-2.25 -2 20 21 29.30557541211897 0.007138497916112207
-2.25 -2 21 22 38.02286970695138 0.006414709778685451
-2.25 -2 22 23 44.67994696849348 0.005774849130934479
-2.25 -2 23 24 49.69338546787401 0.005206809733052251
-2.25 -2 24 25 53.39149500794895 0.004700603685629588
-2.25 -2 25 26 56.0346231060762 0.004247927292442982
-2.25 -2 26 27 57.83037219152789 0.00384182822569289
-2.25 -2 27 28 58.94510995073495 0.003476447643994693
-2.25 -2 28 29 59.51273115786762 0.01867365947024391
-2.25 -2 29 30 59.6415195821088 0.02321053120374521
-2.25 -2 30 31 59.4191496464075 0.0215611461147904
-2.25 -2 31 32 58.91701579418071 0.02004637181286129
-2.25 -2 32 33 58.19330615422666 0.01865308619734339
-2.25 -2 33 34 57.29556207755184 0.01736969956124698
-2.25 -2 34 35 56.26268870071328 0.01618594399546974
-2.25 -2 35 36 55.12655999891604 0.01509269569366215
-2.25 -2 36 37 53.91330627255763 0.01408182544760341
-2.25 -2 37 38 52.6443515647199 0.01314607068296927
-2.25 -2 38 39 51.33725307576935 0.01227892759704404
-2.25 -2 39 40 50.00638299246765 0.01147455779864682
-2.25 -2 40 41 48.6634844219771 0.01072770856892489
-2.25 -2 41 42 47.31812609474031 0.01003364454522355
-2.25 -2 42 43 45.97807555345526 0.009388087437479183
-2.25 -2 43 44 44.64960628773954 0.008787165138631942
-2.25 -2 44 45 43.33775120467809 0.008227366388941316
-2.25 -2 45 46 42.045474660569 0.007868487514806691
-2.25 -2 46 47 40.77794402760662 0.007969166433929996
-2.25 -2 47 48 39.53634353867903 0.007001313215943219
-2.25 -2 48 49 38.32248264456084 0.004674555021132372
-2.25 -2 49 50 37.13764484808135 0.002110508296144345
-2 -1.75 0 1 4503.051733403612 0.08157663773812063
-2 -1.75 1 2 -2704.909706716973 0.08503766594183018
-2 -1.75 2 3 -5407.336347113187 0.0401682313843349
-2 -1.75 3 4 -4199.68075883956 0.02361618479707764
-2 -1.75 4 5 -3043.922993177333 0.01539111040936031
-2 -1.75 5 6 -2196.153031044958 0.1405865668131037
-2 -1.75 6 7 -1597.135237026134 0.09913364349451817
-2 -1.75 7 8 -1172.567839340849 0.07117967974808249
-2 -1.75 8 9 -867.5951265014492 0.05148883470663515
-2 -1.75 9 10 -645.0800381955646 0.03715518070622755
-2 -1.75 10 11 -480.3302728244557 0.02645156911836427
-2 -1.75 11 12 -356.7138963890886 0.01829598109225275
-2 -1.75 12 13 -262.8881667161834 0.01198066388221902
-2 -1.75 13 14 -190.9779113874554 0.007026350312320792
-2 -1.75 14 15 -135.4198348959314 0.003098876386948961
-2 -1.75 15 16 -92.21853189822718 5.029955446444262e-05
-2 -1.75 16 17 -58.46046564817038 0.002567287266553336
-2 -1.75 17 18 -31.99116274650419 0.004609713582688067
-2 -1.75 18 19 -11.19714310039717 0.006266575289393689
-2 -1.75 19 20 5.14385472060053 0.007613053757551365
-2 -1.75 20 21 17.96737187731401 0.008707559140294309
-2 -1.75 21 22 27.99622032125831 0.009595976275604602
-2 -1.75 22 23 35.7935958423891 0.01031471814440653
-2 -1.75 23 24 41.80169115972205 0.01089294774292629
-2 -1.75 24 25 46.37009920682192 0.01135421687886063
-2 -1.75 25 26 49.77693406924766 0.01171769035405867
-2 -1.75 26 27 52.24469507171557 0.01199907114395293
-2 -1.75 27 28 53.95229343547032 0.01221130713509571
-2 -1.75 28 29 55.0442484657932 0.01236513634866434
-2 -1.75 29 30 55.63776490151633 0.02472277304793944
-2 -1.75 30 31 55.82827928109612 0.02299765513912675
-2 -1.75 31 32 55.69369875888896 0.02141184006536775
-2 -1.75 32 33 55.29782944874984 0.01995185714972591
-2 -1.75 33 34 54.69304553223719 0.01869753965692779
-2 -1.75 34 35 53.92310134727217 0.01730345088227592
-2 -1.75 35 36 53.02212145863712 0.01615653335809086
-2 -1.75 36 37 52.02004475298571 0.01509514131773059
-2 -1.75 37 38 50.94101979627391 0.01411179006842787
-2 -1.75 38 39 49.80498032042135 0.01319977199086341
-2 -1.75 39 40 48.62837657837497 0.01235306133305478
-2 -1.75 40 41 47.42477304644223 0.01156623349245403
-2 -1.75 41 42 46.20533844803396 0.01083439422557646
-2 -1.75 42 43 44.97924891352471 0.0101531199879977
-2 -1.75 43 44 43.75402061250571 0.009518403649214148
-2 -1.75 44 45 42.53578497747418 0.008926610048448091
-2 -1.75 45 46 41.32845072854957 0.008545954461473552
-2 -1.75 46 47 40.13810362258388 0.008649056333684506
-2 -1.75 47 48 38.96666080016939 0.007626625559552658
-2 -1.75 48 49 37.81661366649905 0.005170120597922843
-2 -1.75 49 50 36.68985274214728 0.002460262228997198
-1.75 -1.5 0 1 4965.422817568537 0.0009430424069199417
-1.75 -1.5 1 2 -2317.938514094407 0.005644926986128784
-1.75 -1.5 2 3 -5437.092026874649 0.2219057233303649
-1.75 -1.5 3 4 -4273.383168767774 0.110453324262883
-1.75 -1.5 4 5 -3110.853106702772 0.05923225735194403
-1.75 -1.5 5 6 -2250.088864741275 0.03168827689185175
-1.75 -1.5 6 7 -1639.399152337234 0.01542645173180212
-1.75 -1.5 7 8 -1205.527256013967 0.005224229291315199
-1.75 -1.5 8 9 -893.4056648231563 0.001498062496339133
-1.75 -1.5 9 10 -665.377278864034 0.005924606111385891
-1.75 -1.5 10 11 -496.3480569415651 0.008984400859087702
-1.75 -1.5 11 12 -369.4035163223027 0.01109375860406132
-1.75 -1.5 12 13 -272.9626414464913 0.01254604923128424
-1.75 -1.5 13 14 -198.9827275464177 0.01353442955830422
-1.75 -1.5 14 15 -141.7765163644735 0.01418932577512973
-1.75 -1.5 15 16 -97.25594416631702 0.01460102526899642
-1.75 -1.5 16 17 -62.43743386555593 0.01483336334183016
-1.75 -1.5 17 18 -35.1129789723127 0.0149322951849899
-1.75 -1.5 18 19 -13.62775540268558 0.01493142129502403
-1.75 -1.5 19 20 3.272733500264621 0.01485563974936634
-1.75 -1.5 20 21 16.54937838403885 0.0147236142480742
-1.75 -1.5 21 22 26.94507913486098 0.01454947491813716
-1.75 -1.5 22 23 35.03905915015775 0.01434401098667743
-1.75 -1.5 23 24 41.28637720253255 0.01411552031834228
-1.75 -1.5 24 25 46.04701054093039 0.01387042313752587
-1.75 -1.5 25 26 49.60749518132752 0.0136137110513556
-1.75 -1.5 26 27 52.19719040326072 0.01334927939429405
-1.75 -1.5 27 28 54.00063259050501 0.01961304458082724
-1.75 -1.5 28 29 55.16691013308844 0.01814989867051224
-1.75 -1.5 29 30 55.81704390338928 0.01681582385995319
-1.75 -1.5 30 31 56.0495750654236 0.0155969278635951
-1.75 -1.5 31 32 55.94500742779076 0.01448112822649954
-1.75 -1.5 32 33 55.5692908525956 0.01345787407707056
-1.75 -1.5 33 34 54.976567946496 0.01977846084150985
-1.75 -1.5 34 35 54.21141931487841 0.01849397939361111
-1.75 -1.5 35 36 53.31054786163543 0.01733653845462149
-1.75 -1.5 36 37 52.30424314046485 0.01654493252705284
-1.75 -1.5 37 38 51.21751105918719 0.01580643107288767
-1.75 -1.5 38 39 50.07100075305891 0.01511667283031775
-1.75 -1.5 39 40 48.88175945593213 0.01447170391499743
-1.75 -1.5 40 41 47.66378506659368 0.01266042063831484
-1.75 -1.5 41 42 46.42879486070757 0.0118901549860194
-1.75 -1.5 42 43 45.18624146196549 0.01117194262464909
-1.75 -1.5 43 44 43.94392835510018 0.0105017254907958
-1.75 -1.5 44 45 42.70822524924569 0.009875816331642672
-1.75 -1.5 45 46 41.48319756299935 0.009470207228002323
-1.75 -1.5 46 47 40.27517391978876 0.009570888621308804
-1.75 -1.5 47 48 39.08616334829139 0.008496618317048291
-1.75 -1.5 48 49 37.91876588525346 0.005924624196828003
-1.75 -1.5 49 50 36.77496378726772 0.003091207105697491
-1.5 -1.25 0 1 5403.769811945198 0.1269151013078005
-1.5 -1.25 1 2 -1935.908719997235 0.04229124184608749
-1.5 -1.25 2 3 -5460.856526017962 0.2020228258793667
-1.5 -1.25 3 4 -4353.571577643752 0.110910052794767
-1.5 -1.25 4 5 -3192.407080889348 0.1019941849490736
-1.5 -1.25 5 6 -2322.36722506358 0.07916800162097122
-1.5 -1.25 6 7 -1701.09325911837 0.06356869532831941
-1.5 -1.25 7 8 -1257.636681015777 0.05232484428262771
-1.5 -1.25 8 9 -937.3562449266287 0.04389325666612696
-1.5 -1.25 9 10 -702.6176475486477 0.03737574215584005
-1.5 -1.25 10 11 -527.9710698225822 0.03221224690841833
-1.5 -1.25 11 12 -396.4015395547808 0.02804117706952227
-1.5 -1.25 12 13 -296.1211360190139 0.0246155143162387
-1.5 -1.25 13 14 -218.9390795826432 0.02176273351549284
-1.5 -1.25 14 15 -159.0489629348922 0.01935866246265511
-1.5 -1.25 15 16 -112.2675499730867 0.01731181476843487
-1.5 -1.25 16 17 -75.53528149202134 0.01555341125360479
-1.5 -1.25 17 18 -46.58331651024832 0.01403082534040209
-1.5 -1.25 18 19 -23.70790541033648 0.01270316086384674
-1.5 -1.25 19 20 -5.614997989851645 0.01153819754809855
-1.5 -1.25 20 21 8.688448238001001 0.0105102369473909
-1.5 -1.25 21 22 19.9716110282825 0.009598554977401886
-1.5 -1.25 22 23 28.83530479317426 0.008786271611555508
-1.5 -1.25 23 24 35.75241867217903 0.008059512832066993
-1.5 -1.25 24 25 41.09772597926394 0.007406780762193453
-1.5 -1.25 25 26 45.1700972721668 0.006818474369661178
-1.5 -1.25 26 27 48.20921910653124 0.006286520598025847
-1.5 -1.25 27 28 50.40829427574374 0.005804087510341061
-1.5 -1.25 28 29 51.92378821973534 0.019138471087021
-1.5 -1.25 29 30 52.88287885574073 0.01775433618198126
-1.5 -1.25 30 31 53.38938901133633 0.02496390811509477
-1.5 -1.25 31 32 53.52835096075125 0.02330032538149638
-1.5 -1.25 32 33 53.36955235065585 0.02176563050138035
-1.5 -1.25 33 34 52.97045395192163 0.02034785566172449
-1.5 -1.25 34 35 52.3784578756908 0.01903636625778586
-1.5 -1.25 35 36 51.63273678700136 0.01782168614032729
-1.5 -1.25 36 37 50.7657069783757 0.01669534875908931
-1.5 -1.25 37 38 49.80422000368958 0.01564977022502534
-1.5 -1.25 38 39 48.77053068757903 0.01467814134377917
-1.5 -1.25 39 40 47.68308653449844 0.01377433451212868
-1.5 -1.25 40 41 46.55717396387922 0.01293282311171262
-1.5 -1.25 41 42 45.40544901625776 0.01214861324521726
-1.5 -1.25 42 43 44.23837472676178 0.01141718273342815
-1.5 -1.25 43 44 43.06458259120251 0.01073442938977507
-1.5 -1.25 44 45 41.89117216678238 0.01009662515535813
-1.5 -1.25 45 46 40.72282688618401 0.009687949093539761
-1.5 -1.25 46 47 39.56649295867405 0.009807939628894738
-1.5 -1.25 47 48 38.42464324572782 0.008697314207672719
-1.5 -1.25 48 49 37.30032369563753 0.006015005570613555
-1.5 -1.25 49 50 36.19591152084001 0.003049675742082403
-1.25 -1 0 1 5774.532684180111 0.1222216698255605
-1.25 -1 1 2 -1630.383751115022 0.01859580598761369
-1.25 -1 2 3 -5497.971622768804 0.1427979489535589
-1.25 -1 3 4 -4431.232284052081 0.090877562566256
-1.25 -1 4 5 -3265.659877773034 0.06331103089705101
-1.25 -1 5 6 -2383.79552936415 0.04660150329163598
-1.25 -1 6 7 -1751.040278940267 0.03559164717402243
-1.25 -1 7 8 -1297.946498092432 0.02790640437247539
-1.25 -1 8 9 -969.8994946184243 0.02231037577228532
-1.25 -1 9 10 -728.9730003784089 0.01810252805933651
-1.25 -1 10 11 -549.3985347993639 0.01485344702880089
-1.25 -1 11 12 -413.8827584330888 0.01229457012689983
-1.25 -1 12 13 -310.4251043288534 0.01024389308687578
-1.25 -1 13 14 -230.6693156005717 0.008576795850975472
-1.25 -1 14 15 -168.6821411711617 0.00720497983889188
-1.25 -1 15 16 -120.1828566156728 0.006064344365775528
-1.25 -1 16 17 -82.0365198569898 0.005107372146422584
-1.25 -1 17 18 -51.91556338599639 0.004298192036052841
-1.25 -1 18 19 -28.07012656178767 0.003609288242441719
-1.25 -1 19 20 -9.169672828583998 0.0030192531981423
-1.25 -1 20 21 5.80792408744901 0.002511220042199902
-1.25 -1 21 22 17.65518511715982 0.002071748169074909
-1.25 -1 22 23 26.99178018881935 0.001690017341519347
-1.25 -1 23 24 34.30591888579204 0.001357235926667684
-1.25 -1 24 25 39.98489026043273 0.001066200433180144
-1.25 -1 25 26 44.33784047699714 0.000810963786299116
-1.25 -1 26 27 47.61293138867643 0.0005865835256941894
-1.25 -1 27 28 50.0104055163365 0.02125952823010584
-1.25 -1 28 29 51.69250945886688 0.01970616863661325
-1.25 -1 29 30 52.79134758250666 0.01828822151796342
-1.25 -1 30 31 53.41481837539754 0.01699122181495277
-1.25 -1 31 32 53.6513545242866 0.01580257870806748
-1.25 -1 32 33 53.57364551327476 0.0147112887162075
-1.25 -1 33 34 53.24158360193593 0.02141396068534619
-1.25 -1 34 35 52.70465418190344 0.02003158536717068
-1.25 -1 35 36 52.00377517854423 0.01875139397983405
-1.25 -1 36 37 51.17285549922116 0.01756444390779779
-1.25 -1 37 38 50.24001931399005 0.01646272437799746
-1.25 -1 38 39 49.22860855866327 0.0154390422431935
-1.25 -1 39 40 48.15800101870633 0.01448692429924469
-1.25 -1 40 41 47.04428047839758 0.01360053234284213
-1.25 -1 41 42 45.90078742744538 0.0127745908910733
-1.25 -1 42 43 44.73857321337073 0.01200432278404206
-1.25 -1 43 44 43.56677561748063 0.01128539504010692
-1.25 -1 44 45 42.39293035346259 0.01061386998146031
-1.25 -1 45 46 41.2220686168626 0.01017982925928427
-1.25 -1 46 47 40.06151870261925 0.01029273302885789
-1.25 -1 47 48 38.91400694803065 0.009135437000279181
-1.25 -1 48 49 37.78282186017213 0.006354632803145635
-1.25 -1 49 50 36.67055118631231 0.003283890482614821
-1 -0.75 0 1 6097.944703328551 0.05951116503824266
-1 -0.75 1 2 -1337.789615074468 0.1013155817557564
-1 -0.75 2 3 -5498.544560418547 0.2110526429028179
-1 -0.75 3 4 -4471.003599665681 0.03911337994828396
-1 -0.75 4 5 -3306.336685077737 0.005619642273683733
-1 -0.75 5 6 -2418.587842457584 0.01065734615892798
-1 -0.75 6 7 -1779.507091448131 0.0191682101311712
-1 -0.75 7 8 -1320.97684133027 0.02373922858305365
-1 -0.75 8 9 -988.5183754131517 0.02614784327344744
-1 -0.75 9 10 -744.069890879076 0.02730622806050531
-1 -0.75 10 11 -561.6938432082984 0.02771236521649131
-1 -0.75 11 12 -423.9365276763306 0.02765758982026369
-1 -0.75 12 13 -318.6775542236801 0.02731626858220584
-1 -0.75 13 14 -237.4661805749661 0.0267973861289131
-1 -0.75 14 15 -174.2965617555665 0.02617057157974535
-1 -0.75 15 16 -124.8320832707677 0.0254811533094742
-1 -0.75 16 17 -85.89451859625933 0.02475903703361341
-1 -0.75 17 18 -55.12253027922566 0.02402411437977327
-1 -0.75 18 19 -30.73970683012476 0.02328965041883096
-1 -0.75 19 20 -11.3944793396463 0.02256445653017027
-1 -0.75 20 21 3.952057339940893 0.02185431303577466
-1 -0.75 21 22 16.10589720812482 0.02116291737381125
-1 -0.75 22 23 25.69759338748179 0.02049252578287857
-1 -0.75 23 24 33.22419440149395 0.019844393370679
-1 -0.75 24 25 39.08020343419821 0.01921907932944065
-1 -0.75 25 26 43.58068110214003 0.01861666060661542
-1 -0.75 26 27 46.97865801554383 0.01803688270103037
-1 -0.75 27 28 49.47839729188456 0.02179633308278187
-1 -0.75 28 29 51.24546005619322 0.02986403472700388
-1 -0.75 29 30 52.41477482122582 0.02777595622430357
-1 -0.75 30 31 53.09652656585411 0.02585805657480031
-1 -0.75 31 32 53.38108281141547 0.02409362448754432
-1 -0.75 32 33 53.34275497908504 0.02246792228593091
-1 -0.75 33 34 53.04280608414876 0.02128708630193556
-1 -0.75 34 35 52.53185164081737 0.02026124270487557
-1 -0.75 35 36 51.85178602712205 0.01930690476409012
-1 -0.75 36 37 51.03526143009123 0.01710685375088737
-1 -0.75 37 38 50.11528862581389 0.01600627476856615
-1 -0.75 38 39 49.11367328388383 0.01498470571336307
-1 -0.75 39 40 48.05029006848645 0.01403552308790787
-1 -0.75 40 41 46.94164462736939 0.01315276004200697
-1 -0.75 41 42 45.80143591226619 0.01233103042228332
-1 -0.75 42 43 44.64102005253989 0.01156546223632252
-1 -0.75 43 44 43.46979408128107 0.0108516406505926
-1 -0.75 44 45 42.29551428532437 0.01018555725890923
-1 -0.75 45 46 41.1233752898155 0.009763151592270796
-1 -0.75 46 47 39.96091147810847 0.009903441509667302
-1 -0.75 47 48 38.81095383621388 0.008732658712649567
-1 -0.75 48 49 37.67690463308398 0.005883805022740677
-1 -0.75 49 50 36.5614466791657 0.002731205592253552
-0.75 -0.5 0 1 6351.74063559056 0.1237936249578846
-0.75 -0.5 1 2 -1111.140019684046 0.009803873535151116
-0.75 -0.5 2 3 -5505.341141632968 0.1715519989552083
-0.75 -0.5 3 4 -4510.820174417347 0.1114722695058134
-0.75 -0.5 4 5 -3347.461639232817 0.07844767407804114
-0.75 -0.5 5 6 -2454.868396545306 0.05803570531550585
-0.75 -0.5 6 7 -1810.232185694218 0.04441680097968866
-0.75 -0.5 7 8 -1346.719834818101 0.0348280816684097
-0.75 -0.5 8 9 -1010.074618643762 0.02780372249619724
-0.75 -0.5 9 10 -762.1779579186591 0.02249398073619325
-0.75 -0.5 10 11 -576.9793823491391 0.01838432037232911
-0.75 -0.5 11 12 -436.9031294545525 0.01513857481907697
-0.75 -0.5 12 13 -329.732080318819 0.01253301775683859
-0.75 -0.5 13 14 -246.9359854106158 0.01041247115345964
-0.75 -0.5 14 15 -182.4459332003562 0.008666439945456315
-0.75 -0.5 15 16 -131.8754844062566 0.007214372674557906
-0.75 -0.5 16 17 -92.00697465525741 0.005996342299670367
-0.75 -0.5 17 18 -60.44770606011798 0.004966969090002657
-0.75 -0.5 18 19 -35.3961854667125 0.004091349886372722
-0.75 -0.5 19 20 -15.48066041175548 0.003342266284560285
-0.75 -0.5 20 21 0.3541157973954796 0.002698229741744741
-0.75 -0.5 21 22 12.92744613092668 0.002142087195623563
-0.75 -0.5 22 23 22.88078345277654 0.001660010185166252
-0.75 -0.5 23 24 30.72014975844422 0.0012407521592968
-0.75 -0.5 24 25 36.84747212480499 0.0008750992062012898
-0.75 -0.5 25 26 41.58398126368922 0.0005554764391177611
-0.75 -0.5 26 27 45.18785787059949 0.0002757954321244954
-0.75 -0.5 27 28 47.8676813946397 0.02234066811188832
-0.75 -0.5 28 29 49.79266868100092 0.02072815480117307
-0.75 -0.5 29 30 51.10076115682182 0.01925519522169145
-0.75 -0.5 30 31 51.90476752812503 0.01790695280970359
-0.75 -0.5 31 32 52.29726191358588 0.01667050663118589
-0.75 -0.5 32 33 52.35443667733762 0.01553455899915952
-0.75 -0.5 33 34 52.13914682941004 0.02250847383487592
-0.75 -0.5 34 35 51.70341961804718 0.02107740638279192
-0.75 -0.5 35 36 51.09031712592139 0.01975102097735438
-0.75 -0.5 36 37 50.33558675141552 0.01852022940911621
-0.75 -0.5 37 38 49.46892635343727 0.01737688480359914
-0.75 -0.5 38 39 48.51502761769405 0.01631366603774634
-0.75 -0.5 39 40 47.49442822243867 0.01532397989385745
-0.75 -0.5 40 41 46.42421050092997 0.01440187603398989
-0.75 -0.5 41 42 45.31857605827383 0.01354197327382333
-0.75 -0.5 42 43 44.18932004034662 0.01273939620787164
-0.75 -0.5 43 44 43.04622366568566 0.01198971903906428
-0.75 -0.5 44 45 41.89738005891672 0.01128891762179829
-0.75 -0.5 45 46 40.74826345550537 0.01083734767309125
-0.75 -0.5 46 47 39.60669895143235 0.01096157476112424
-0.75 -0.5 47 48 38.47572574391899 0.009746653682853611
-0.75 -0.5 48 49 37.35894821769605 0.006817463661143212
-0.75 -0.5 49 50 36.25922863877977 0.003577055957264822
-0.5 -0.25 0 1 6523.002041976732 0.08509083162685153
-0.5 -0.25 1 2 -961.7617872945179 0.000771361999829438
-0.5 -0.25 2 3 -5513.823405807476 0.09037718945451183
-0.5 -0.25 3 4 -4540.635854579814 0.2128306814793023
-0.5 -0.25 4 5 -3377.214172622166 0.1518305852315718
-0.5 -0.25 5 6 -2480.589670236041 0.1140571408413349
-0.5 -0.25 6 7 -1831.632515601717 0.0887561729162307
-0.5 -0.25 7 8 -1364.340606237465 0.07085346942615024
-0.5 -0.25 8 9 -1024.569057638298 0.05766058039880003
-0.5 -0.25 9 10 -774.1299173477591 0.04763067928664568
-0.5 -0.25 10 11 -586.8730072695284 0.03981272386270923
-0.5 -0.25 11 12 -445.1234994456086 0.03359551011192752
-0.5 -0.25 12 13 -336.5867892931687 0.02856777071937402
-0.5 -0.25 13 14 -252.6702505769993 0.02444437456132797
-0.5 -0.25 14 15 -187.2561105015675 0.02102190467234922
-0.5 -0.25 15 16 -135.9197135466313 0.01815175556525875
-0.5 -0.25 16 17 -95.41340103332004 0.0157231190120007
-0.5 -0.25 17 18 -63.32079925434641 0.01365188299665481
-0.5 -0.25 18 19 -37.82160362136824 0.01187319012711691
-0.5 -0.25 19 20 -17.52901421576757 0.01033632931292239
-0.5 -0.25 20 21 -1.375668593119144 0.009001154771407803
-0.5 -0.25 21 22 11.46755221005765 0.007835528352633488
-0.5 -0.25 22 23 21.6501000917483 0.006813461823464879
-0.5 -0.25 23 24 29.68455062073213 0.005913747052463615
-0.5 -0.25 24 25 35.97822699169285 0.005118931961740761
-0.5 -0.25 25 26 40.85682351794424 0.004414545367799026
-0.5 -0.25 26 27 44.58222892264928 0.003788503482440294
-0.5 -0.25 27 28 47.36611409230045 0.0223511416080908
-0.5 -0.25 28 29 49.3802869888824 0.02073344783193529
-0.5 -0.25 29 30 50.76486251593883 0.0192558678820283
-0.5 -0.25 30 31 51.63446008397955 0.0271040131570268
-0.5 -0.25 31 32 52.08324806940823 0.02529907431241338
-0.5 -0.25 32 33 52.18870848930089 0.02363378324955172
-0.5 -0.25 33 34 52.01482851517358 0.02209518571697527
-0.5 -0.25 34 35 51.61455331265199 0.02067176953496316
-0.5 -0.25 35 36 51.03177466739703 0.01935327483502237
-0.5 -0.25 36 37 50.30293556287222 0.01813053403087272
-0.5 -0.25 37 38 49.45833068517243 0.01699533454800942
-0.5 -0.25 38 39 48.52316486343278 0.01594030203230177
-0.5 -0.25 39 40 47.51841782846066 0.01495879975261433
-0.5 -0.25 40 41 46.46155342566442 0.01404484173059499
-0.5 -0.25 41 42 45.36710309646833 0.01319301833993457
-0.5 -0.25 42 43 44.24714761508341 0.01239843102940891
-0.5 -0.25 43 44 43.11171592740271 0.01165663557252762
-0.5 -0.25 44 45 41.96911632490014 0.01096359322510223
-0.5 -0.25 45 46 40.82499858611681 0.01052264566862472
-0.5 -0.25 46 47 39.68737377601326 0.01066522039563475
-0.5 -0.25 47 48 38.55941070809149 0.009447839495464272
-0.5 -0.25 48 49 37.44483767455162 0.006488275789563742
-0.5 -0.25 49 50 36.34662566373035 0.003208149945692056
-0.25 0 0 1 6610.14177080911 0.1503684802628668
-0.25 0 1 2 -884.5798630078552 0.04516926036858102
-0.25 0 2 3 -5516.007737670293 0.1849826480244637
-0.25 0 3 4 -4552.996724585821 0.1200218587844814
-0.25 0 4 5 -3389.321854238332 0.08514513203786145
-0.25 0 5 6 -2490.662168507532 0.0637949698519497
-0.25 0 6 7 -1839.647730836988 0.04959801264223018
-0.25 0 7 8 -1370.627856316054 0.03960139649802335
-0.25 0 8 9 -1029.475883596244 0.03226112988755146
-0.25 0 9 10 -777.9493103090631 0.02669211347939955
-0.25 0 10 11 -589.8385721627656 0.0223600334033589
-0.25 0 11 12 -447.4150099442058 0.01891867472558368
-0.25 0 12 13 -338.344124879879 0.01613778263918095
-0.25 0 13 14 -254.0023330243466 0.01385800896381227
-0.25 0 14 15 -188.2483197799006 0.01196599488760827
-0.25 0 15 16 -136.639459301419 0.01037912387879931
-0.25 0 16 17 -95.91427575897387 0.009035916855549001
-0.25 0 17 18 -63.64568129252439 0.007889786574258028
-0.25 0 18 19 -38.00499169516502 0.006904863119058272
-0.25 0 19 20 -17.59879961603065 0.006053135576391821
-0.25 0 20 21 -1.354493411867679 0.005312452853782521
-0.25 0 21 22 11.56124424452241 0.004665098600794323
-0.25 0 22 23 21.80124333994104 0.004096757968754162
-0.25 0 23 24 29.88081196158612 0.003595756948568897
-0.25 0 24 25 36.20949395969808 0.00315249449003751
-0.25 0 25 26 41.1147957341235 0.002759013243361414
-0.25 0 26 27 44.86009001925788 0.002408671217037977
-0.25 0 27 28 47.65826981601958 0.02274331964080126
-0.25 0 28 29 49.68214128768454 0.02110871764412443
-0.25 0 29 30 51.07265185919482 0.01961522371077093
-0.25 0 30 31 51.94510708574273 0.02747915322722749
-0.25 0 31 32 52.39424417577743 0.02565721254800116
-0.25 0 32 33 52.49801729288902 0.02397590120828525
-0.25 0 33 34 52.32080594431136 0.02242219575399402
-0.25 0 34 35 51.91588160728429 0.0209845200485714
-0.25 0 35 36 51.3274076149508 0.01965255587865552
-0.25 0 36 37 50.59205297929969 0.01841708152436
-0.25 0 37 38 49.7403005085971 0.01726983496396366
-0.25 0 38 39 48.79751153165716 0.01620339599624727
-0.25 0 39 40 47.78479585917307 0.01521108578083469
-0.25 0 40 41 46.71972531301282 0.0142868796355787
-0.25 0 41 42 45.61692079486522 0.01342533197828239
-0.25 0 42 43 44.48853701333729 0.01262151114056888
-0.25 0 43 44 43.34466381867549 0.01187094222310145
-0.25 0 44 45 42.19365946239742 0.01116955818383546
-0.25 0 45 46 41.04120755921173 0.01072214826627496
-0.25 0 46 47 39.89536605024477 0.0108625495467062
-0.25 0 47 48 38.75932285070684 0.009633266353496889
-0.25 0 48 49 37.63682706301756 0.006648688277657957
-0.25 0 49 50 36.53086576310255 0.003340321354721529
0 0.25 0 1 6609.642124277813 0.1503684803347803
0 0.25 1 2 -885.5126422221942 0.04516926232656385
0 0.25 2 3 -5516.615003406859 0.1849826483421353
0 0.25 3 4 -4553.171459514451 0.1200218583993648
0 0.25 4 5 -3389.253492238734 0.08514513112430327
0 0.25 5 6 -2490.496167940728 0.06379496882454003
0 0.25 6 7 -1839.456644698095 0.04959801170879632
0 0.25 7 8 -1370.444079977068 0.03960139672853295
0 0.25 8 9 -1029.31142590865 0.03226111956651688
0 0.25 9 10 -777.8066569159928 0.02669211370244924
0 0.25 10 11 -589.7168440414043 0.02236003297359002
0 0.25 11 12 -447.3110336777181 0.01891867437164056
0 0.25 12 13 -338.2547520803296 0.01613778234632758
0 0.25 13 14 -253.9247187100559 0.01385800872587312
0 0.25 14 15 -188.1800965785078 0.01196599469705829
0 0.25 15 16 -136.5787475017437 0.01037912373073235
0 0.25 16 17 -95.85962554364164 0.009035916745827138
0 0.25 17 18 -63.59599444549735 0.007889786496104848
0 0.25 18 19 -37.95944464132731 0.00690486306920791
0 0.25 19 20 -17.55677664181394 0.006053135549387206
0 0.25 20 21 -1.315532491857311 0.005312452847119118
0 0.25 21 22 11.59749354938549 0.004665098609488235
0 0.25 22 23 21.83505161444009 0.004096757990767914
0 0.25 23 24 29.91239328699089 0.003595756981500605
0 0.25 24 25 36.23902275109617 0.003152494531708098
0 0.25 25 26 41.1424186587484 0.0027590132923835
0 0.25 26 27 44.88593428206127 0.002408671272091832
0 0.25 27 28 47.68244881435498 0.02274331964667665
0 0.25 28 29 49.70475839427888 0.02110871764914555
0 0.25 29 30 51.09380289786782 0.01961522371595771
0 0.25 30 31 51.96488190739308 0.02748004672084337
0 0.25 31 32 52.41272765180145 0.02565802862044337
0 0.25 32 33 52.51528989177473 0.02397664561368355
0 0.25 33 34 52.33694408080146 0.02242287412286417
0 0.25 34 35 51.93095783982062 0.02098513773778657
0 0.25 35 36 51.34149076379117 0.01965311790825921
0 0.25 36 37 50.60520820569201 0.01841759259838466
0 0.25 37 38 49.75258938165376 0.01727029940352631
0 0.25 38 39 48.80899209991577 0.01620381790198979
0 0.25 39 40 47.79552273223413 0.0152114688583564
0 0.25 40 41 46.72974975741681 0.01428722737618456
0 0.25 41 42 45.62629084523365 0.01342564750976865
0 0.25 42 43 44.49729759582868 0.01262179722576049
0 0.25 43 44 43.35285688407066 0.01187120168973225
0 0.25 44 45 42.20132412854684 0.01116979326355484
0 0.25 45 46 41.04838022070766 0.0107223635183541
0 0.25 46 47 39.90208063724486 0.0108627527250192
0 0.25 47 48 38.76561082708173 0.009633443654861743
0 0.25 48 49 37.64271765093957 0.006648823041582329
0 0.25 49 50 36.53638607953295 0.003340412972555174
0.25 0.5 0 1 6521.577671410873 0.08509082964687502
0.25 0.5 1 2 -964.416059968994 0.0007705211756730751
0.25 0.5 2 3 -5515.544083099165 0.09037718511171569
0.25 0.5 3 4 -4541.125848105359 0.212830681373751
0.25 0.5 4 5 -3377.017956938463 0.151830586446022
0.25 0.5 5 6 -2480.12093594797 0.1140571429968662
0.25 0.5 6 7 -1831.095692363221 0.08875617550157029
0.25 0.5 7 8 -1363.825960180371 0.07085327625817608
0.25 0.5 8 9 -1024.109624911514 0.05766123015219402
0.25 0.5 9 10 -773.732245408542 0.04763023275337658
0.25 0.5 10 11 -586.5337229665661 0.0398127258500927
0.25 0.5 11 12 -444.8335621859087 0.03359551183410136
0.25 0.5 12 13 -336.3371982748067 0.02856777219495826
0.25 0.5 13 14 -252.4529603226358 0.02444437582081571
0.25 0.5 14 15 -187.064486632024 0.02102190573894494
0.25 0.5 15 16 -135.7485346561302 0.01815175646509182
0.25 0.5 16 17 -95.2586769150455 0.01572311976956608
0.25 0.5 17 18 -63.17953725594725 0.01365188363185832
0.25 0.5 18 19 -37.6915833014873 0.01187319066031014
0.25 0.5 19 20 -17.40859402627416 0.0103363297577725
0.25 0.5 20 21 -1.263630442568001 0.009001155142224391
0.25 0.5 21 22 11.57212276703603 0.00783552866011685
0.25 0.5 22 23 21.74790339560059 0.006813462078341462
0.25 0.5 23 24 29.77613818255111 0.005913747262792588
0.25 0.5 24 25 36.06404805092018 0.005118932134177778
0.25 0.5 25 26 40.937257564579 0.004414545507552006
0.25 0.5 26 27 44.65760793540619 0.003788503595197666
0.25 0.5 27 28 47.43673739317364 0.0223511416205585
0.25 0.5 28 29 49.44643089967155 0.02073344784096161
0.25 0.5 29 30 50.82678643031579 0.0192558678878614
0.25 0.5 30 31 51.69241012113127 0.02710620082936886
0.25 0.5 31 32 52.13745915908464 0.02530099619580266
0.25 0.5 32 33 52.23940543576668 0.02363547306785253
0.25 0.5 33 34 52.06222647910954 0.02209667247263646
0.25 0.5 34 35 51.6588579593485 0.02067307813153525
0.25 0.5 35 36 51.07318215958418 0.01935442691201222
0.25 0.5 36 37 50.34163250860507 0.01813154827401565
0.25 0.5 37 38 49.49449410560908 0.0169962272081729
0.25 0.5 38 39 48.55696221364707 0.01594108724707796
0.25 0.5 39 40 47.55000708773395 0.01495948982084357
0.25 0.5 40 41 46.49108325811829 0.0140454474834751
0.25 0.5 41 42 45.39471307772186 0.0131935493267078
0.25 0.5 42 43 44.27296851501126 0.01239889543190322
0.25 0.5 43 44 43.13587004005882 0.01165704073507291
0.25 0.5 44 45 41.99171783183186 0.01096394564740546
0.25 0.5 45 46 40.84615386064786 0.01052295770530115
0.25 0.5 46 47 39.70718204106407 0.0106655141502043
0.25 0.5 47 48 38.57796407495641 0.009448073711216958
0.25 0.5 48 49 37.46222175583446 0.006488400261699419
0.25 0.5 49 50 36.36291995684277 0.003208160702587171
0.5 0.75 0 1 6349.478548591493 0.1237936249694608
0.5 0.75 1 2 -1115.340345839863 0.009803881549184077
0.5 0.75 2 3 -5508.035727832954 0.1715519997981654
0.5 0.75 3 4 -4511.556112801379 0.1114722703149344
0.5 0.75 4 5 -3347.120487118294 0.07844767437245884
0.5 0.75 5 6 -2454.110557013138 0.05803570502303303
0.5 0.75 6 7 -1809.378947164262 0.04441680026956109
0.5 0.75 7 8 -1345.910022173263 0.03482850308035526
0.5 0.75 8 9 -1009.356824428064 0.02780236826008933
0.5 0.75 9 10 -761.5598376826911 0.02249498370584672
0.5 0.75 10 11 -576.4542627956434 0.01838431954570606
0.5 0.75 11 12 -436.455654746796 0.01513857409422439
0.5 0.75 12 13 -329.3475287217668 0.01253301713088205
0.5 0.75 13 14 -246.6014247668807 0.0104124706192466
0.5 0.75 14 15 -182.1508253688198 0.008666439491972261
0.5 0.75 15 16 -131.6116147855648 0.00721437229080961
0.5 0.75 16 17 -91.76812018664509 0.005996341976438214
0.5 0.75 17 18 -60.22923960414869 0.00496696881805146
0.5 0.75 18 19 -35.19470463564562 0.004091349658056842
0.5 0.75 19 20 -15.29367386747799 0.003342266095291267
0.5 0.75 20 21 0.5284381061314889 0.002698229586640712
0.5 0.75 21 22 13.09046405119648 0.002142087069637204
0.5 0.75 22 23 23.0335285192798 0.001660010086940012
0.5 0.75 23 24 30.86342799629085 0.001240752087016258
0.5 0.75 24 25 36.98193689397078 0.0008750991604395421
0.5 0.75 25 26 41.71018376116388 0.0005554764267299674
0.5 0.75 26 27 45.30628134111714 0.0002757954898036696
0.5 0.75 27 28 47.9787637026302 0.02234066811362408
0.5 0.75 28 29 49.89681673350856 0.02072815480330712
0.5 0.75 29 30 51.19835974271336 0.01925519522431265
0.5 0.75 30 31 51.9961844261735 0.01790695281193925
0.5 0.75 31 32 52.38285058387942 0.01667050663352366
0.5 0.75 32 33 52.43453745222894 0.01553455900112718
0.5 0.75 33 34 52.2140872270196 0.02250999879974126
0.5 0.75 34 35 51.77351420683453 0.021078794085399
0.5 0.75 35 36 51.15586718609785 0.01975228363371417
0.5 0.75 36 37 50.39687992214976 0.01852137821254333
0.5 0.75 37 38 49.52623635004727 0.01737792952218275
0.5 0.75 38 39 48.56861406926339 0.01631461575122238
0.5 0.75 39 40 47.54453664871795 0.01532484267695525
0.5 0.75 40 41 46.4710724265675 0.0144026591565662
0.5 0.75 41 42 45.36240925322016 0.01354268358906163
0.5 0.75 42 43 44.23032886810779 0.01274003969034094
0.5 0.75 43 44 43.08459952040738 0.01199030135909374
0.5 0.75 44 45 41.93330187003625 0.01128944373445228
0.5 0.75 45 46 40.78189814157957 0.01083783326476604
0.5 0.75 46 47 39.63820231109162 0.01096205142543573
0.5 0.75 47 48 38.50524257497227 0.009747051190978868
0.5 0.75 48 49 37.38661321920293 0.00681769779302324
0.5 0.75 49 50 36.28516698733182 0.003577117079681667
0.75 1 0 1 6094.902624504889 0.05951117105949819
0.75 1 1 2 -1343.433972357536 0.1013155925052621
0.75 1 2 3 -5502.158239263865 0.2110526445517344
0.75 1 3 4 -4471.98290124439 0.03911337916826701
0.75 1 4 5 -3305.870063000545 0.005619618286443499
0.75 1 5 6 -2417.563004128791 0.01065733055435407
0.75 1 6 7 -1778.3552102017 0.01916820205221097
0.75 1 7 8 -1319.884237640614 0.02373920518217611
0.75 1 8 9 -987.550032991101 0.02614783149702126
0.75 1 9 10 -743.2357285376693 0.02730619213453339
0.75 1 10 11 -560.9855028659549 0.02771236317595677
0.75 1 11 12 -423.333132348233 0.02765758829566487
0.75 1 12 13 -318.1593142637971 0.02731626743929749
0.75 1 13 14 -237.0156932134914 0.02679738527064952
0.75 1 14 15 -173.8996248557173 0.026170570937577
0.75 1 15 16 -124.4776048937629 0.02548115283390826
0.75 1 16 17 -85.57407578907873 0.02475903668399235
0.75 1 17 18 -54.82984191430319 0.02402411412581099
0.75 1 18 19 -30.47013839816736 0.02328965023759601
0.75 1 19 20 -11.14462395717669 0.02256445640425193
0.75 1 20 21 4.18471291726928 0.02185431295163376
0.75 1 21 22 16.32322846616989 0.02116291731937473
0.75 1 22 23 25.90102839864608 0.02049252575110535
0.75 1 23 24 33.41485204126002 0.01984439335547751
0.75 1 24 25 39.25899160410609 0.01921907932524385
0.75 1 25 26 43.74836508532258 0.01861666061130762
0.75 1 26 27 47.13590701879559 0.01803688271105282
0.75 1 27 28 49.62581537149401 0.02179633309385351
0.75 1 28 29 51.38360606948663 0.02986717149864837
0.75 1 29 30 52.54417487950332 0.02777900311101865
0.75 1 30 31 53.2176813669729 0.02586099080083381
0.75 1 31 32 53.49447170770202 0.02409643065223088
0.75 1 32 33 53.4488379646117 0.0224705911256304
0.75 1 33 34 53.14202455350505 0.02128957490600086
0.75 1 34 35 52.62462848243246 0.02026354552037214
0.75 1 35 36 51.93852541706951 0.01930902799720443
0.75 1 36 37 51.11634855511744 0.01710895477759167
0.75 1 37 38 50.19108946875338 0.01600824047012414
0.75 1 38 39 49.18453454074785 0.01498654144357441
0.75 1 39 40 48.11653922745597 0.01403723463974065
0.75 1 40 41 47.00359021045767 0.01315435381510687
0.75 1 41 42 45.85936786859708 0.01233251280137705
0.75 1 42 43 44.69521028199466 0.01156683963717966
0.75 1 43 44 43.52049706402676 0.01085291942553838
0.75 1 44 45 42.34296779357527 0.01018674368712141
0.75 1 45 46 41.16780101182383 0.009764266535905831
0.75 1 46 47 40.00251626028808 0.009904528348708917
0.75 1 47 48 38.8499298279506 0.008733622186676771
0.75 1 48 49 37.71343051749096 0.00588453090877936
0.75 1 49 50 36.59568845311847 0.002731675221626601
1 1.25 0 1 5770.797607068496 0.1222216696076251
1 1.25 1 2 -1637.334173419573 0.01859579426676593
1 1.25 2 3 -5502.459292968385 0.1427979473056419
1 1.25 3 4 -4432.488969940694 0.0908775619297876
1 1.25 4 5 -3265.121108989758 0.06331103144637877
1 1.25 5 6 -2382.547188862945 0.04660150443850974
1 1.25 6 7 -1749.617595508307 0.03559164853710627
1 1.25 7 8 -1296.585471610444 0.02790707111395095
1 1.25 8 9 -968.6859413816223 0.02231099107563632
1 1.25 9 10 -727.9233900723643 0.01810111237057811
1 1.25 10 11 -548.5042611076647 0.0148534482693119
1 1.25 11 12 -413.1196493999219 0.01229457126736442
1 1.25 12 13 -309.7693607735896 0.01024389411811766
1 1.25 13 14 -230.0996588375745 0.008576796774827143
1 1.25 14 15 -168.180997830078 0.007204980656442117
1 1.25 15 16 -119.7363611840999 0.006064345083614828
1 1.25 16 17 -81.63403984421348 0.005107372773691397
1 1.25 17 18 -51.54909000464977 0.004298192584462596
1 1.25 18 19 -27.73368714317348 0.003609288720129897
1 1.25 19 20 -8.858826429212286 0.003019253615070285
1 1.25 20 21 6.096492765239873 0.002511220408644999
1 1.25 21 22 17.92397935259078 0.002071748491187
1 1.25 22 23 27.2427262852533 0.001690017629233635
1 1.25 23 24 34.54053815726331 0.001357236186863585
1 1.25 24 25 40.20442230578863 0.00106620067311658
1 1.25 25 26 44.54332985593965 0.0008109640168436683
1 1.25 26 27 47.80528740664079 0.000586583755202678
1 1.25 27 28 50.19044263295609 0.02125952823479403
1 1.25 28 29 51.86097399152584 0.01970616863961377
1 1.25 29 30 52.94893489773642 0.01828822152051274
1 1.25 30 31 53.56218361769766 0.0169912218173984
1 1.25 31 32 53.78911905912321 0.01580257870961867
1 1.25 32 33 53.70240061771733 0.0147112887171874
1 1.25 33 34 53.36189245796896 0.02141587049165652
1 1.25 34 35 52.81705289677694 0.02003323657862339
1 1.25 35 36 52.10877328530529 0.01875282233950478
1 1.25 36 37 51.27093625526595 0.01756567944991732
1 1.25 37 38 50.33163997090827 0.01646379228920739
1 1.25 38 39 49.3142007054559 0.01543996397848187
1 1.25 39 40 48.23797104802162 0.01448771791438541
1 1.25 40 41 47.11901019095217 0.01360121346398473
1 1.25 41 42 45.97063476841691 0.01277517271985566
1 1.25 42 43 44.80387312511215 0.01200481693719301
1 1.25 43 44 43.62784098556881 0.01128581138924708
1 1.25 44 45 42.45005302220386 0.01061421719820822
1 1.25 45 46 41.27552021600934 0.0101801331324836
1 1.25 46 47 40.11155244002236 0.01029304595058316
1 1.25 47 48 38.96085768969493 0.00913564050183612
1 1.25 48 49 37.82670776152642 0.00635458240764069
1 1.25 49 50 36.71167470003093 0.003283559138436776
1.25 1.5 0 1 5399.723209204127 0.1269150970572174
1.25 1.5 1 2 -1943.397461373486 0.04229120212807246
1.25 1.5 2 3 -5465.625026427726 0.2020228235172688
1.25 1.5 3 4 -4354.849572575131 0.1109100544407472
1.25 1.5 4 5 -3191.786716566342 0.1019941873833068
1.25 1.5 5 6 -2321.020018236923 0.07916800404085417
1.25 1.5 6 7 -1699.582729021511 0.06356869737428382
1.25 1.5 7 8 -1256.204794667069 0.05232482582498299
1.25 1.5 8 9 -936.086629516521 0.04389319694976108
1.25 1.5 9 10 -701.5253179428255 0.03737561686748882
1.25 1.5 10 11 -527.0415802820376 0.03221224775155762
1.25 1.5 11 12 -395.6085242013896 0.02804117775210513
1.25 1.5 12 13 -295.4386484470151 0.02461551486443524
1.25 1.5 13 14 -218.3443893458805 0.02176273394912747
1.25 1.5 14 15 -158.5235890826973 0.01935866279904054
1.25 1.5 15 16 -111.7971163872537 0.01731181502435525
1.25 1.5 16 17 -75.10891884090552 0.01555341144041228
1.25 1.5 17 18 -46.19295743940302 0.0140308254727288
1.25 1.5 18 19 -23.34762665763128 0.01270316095049968
1.25 1.5 19 20 -5.280466382997247 0.01153819759963355
1.25 1.5 20 21 9.000415444605096 0.01051023697163619
1.25 1.5 21 22 20.26338145357317 0.009598554980711672
1.25 1.5 22 23 29.10867908731325 0.008786271599665052
1.25 1.5 23 24 36.00880966133468 0.008059512809251893
1.25 1.5 24 25 41.33828508899967 0.007406780731555419
1.25 1.5 25 26 45.39580176068512 0.006818474334554218
1.25 1.5 26 27 48.4209308216914 0.006286520560218201
1.25 1.5 27 28 50.60679814705588 0.005804087470913729
1.25 1.5 28 29 52.10981662409938 0.01913847107621599
1.25 1.5 29 30 53.05712635667044 0.01775433617099809
1.25 1.5 30 31 53.55252072080862 0.02496892661296071
1.25 1.5 31 32 53.68100674694858 0.02330480768349071
1.25 1.5 32 33 53.51234861028109 0.02176963728898841
1.25 1.5 33 34 53.10398389272751 0.02035143949164151
1.25 1.5 34 35 52.50329108837661 0.01903957308770101
1.25 1.5 35 36 51.74941854981404 0.01782455631569264
1.25 1.5 36 37 50.87475757068086 0.01669791758453688
1.25 1.5 37 38 49.90613418503068 0.01565206895195742
1.25 1.5 38 39 48.86577741792991 0.01468019765668846
1.25 1.5 39 40 47.7721089591933 0.01377617273478618
1.25 1.5 40 41 46.6403896553357 0.01293446519396563
1.25 1.5 41 42 45.48325044660743 0.01215007854393048
1.25 1.5 42 43 44.31112993641926 0.01141848847902451
1.25 1.5 43 44 43.13263601614528 0.01073559109783398
1.25 1.5 44 45 41.95484558590988 0.01009765670598115
1.25 1.5 45 46 40.78242028337269 0.009688882845386515
1.25 1.5 46 47 39.62228612542313 0.00980883694277173
1.25 1.5 47 48 38.47689605805638 0.008698049596809452
1.25 1.5 48 49 37.34927775487972 0.006015427844692117
1.25 1.5 49 50 36.24179121239837 0.003049770249365462
1.5 1.75 0 1 4961.079386131622 0.000943279245219055
1.5 1.75 1 2 -2325.964992000298 0.005645085357989117
1.5 1.75 2 3 -5442.178197240884 0.2219057259537484
1.5 1.75 3 4 -4274.713543288334 0.1104533256645027
1.5 1.75 4 5 -3110.150228073423 0.05923225652315053
1.5 1.75 5 6 -2248.615552781761 0.03168827306982822
1.5 1.75 6 7 -1637.760007886346 0.01542644322480088
1.5 1.75 7 8 -1203.976963858222 0.005226523060702391
1.5 1.75 8 9 -892.0177899506552 0.001465043240483442
1.5 1.75 9 10 -664.2260153871266 0.005924350125751813
1.5 1.75 10 11 -495.3511758711779 0.008984394183392509
1.5 1.75 11 12 -368.5548215387432 0.01109375443733127
1.5 1.75 12 13 -272.2338063350126 0.01254604640961672
1.5 1.75 13 14 -198.3490355011809 0.01353442756091648
1.5 1.75 14 15 -141.2179043619312 0.01418932432353332
1.5 1.75 15 16 -96.75680887756403 0.01460102419569331
1.5 1.75 16 17 -61.98596871842415 0.01483336253645504
1.5 1.75 17 18 -34.70040692206589 0.01493229457661461
1.5 1.75 18 19 -13.24761760848355 0.01493142083120186
1.5 1.75 19 20 3.625174791134214 0.01485563939589377
1.5 1.75 20 21 16.87761307066239 0.01472361397553057
1.5 1.75 21 22 27.2517101000293 0.01454947470770132
1.5 1.75 22 23 35.32606952598132 0.01434401082397343
1.5 1.75 23 24 41.55532363402006 0.01411552019182906
1.5 1.75 24 25 46.29915994150178 0.01387042304005497
1.5 1.75 25 26 49.84391946681058 0.01361371097534051
1.5 1.75 26 27 52.41883065846514 0.0133492793347369
1.5 1.75 27 28 54.20834144164871 0.01961304455005423
1.5 1.75 28 29 55.36147888635765 0.01814989864563972
1.5 1.75 29 30 55.99921925950912 0.01681582383951701
1.5 1.75 30 31 56.22006887579585 0.01559692784673808
1.5 1.75 31 32 56.10450194570649 0.01448112821282187
1.5 1.75 32 33 55.71844118708856 0.01345787406594551
1.5 1.75 33 34 55.11600289087886 0.01978175251410091
1.5 1.75 34 35 54.34174127656456 0.01849690953989096
1.5 1.75 35 36 53.43233249051508 0.01733914308917257
1.5 1.75 36 37 52.41803885998075 0.01654720873239521
1.5 1.75 37 38 51.32383873004375 0.01580841912598867
1.5 1.75 38 39 50.1703535481663 0.01511840775071549
1.5 1.75 39 40 48.97460297943098 0.01447321604149813
1.5 1.75 40 41 47.75055771597169 0.01266186211528084
1.5 1.75 41 42 46.5099084088215 0.01189143387911797
1.5 1.75 42 43 45.26208182780192 0.01117307518470543
1.5 1.75 43 44 44.01485652637382 0.0105027261147624
1.5 1.75 44 45 42.77457832063044 0.009876697967531314
1.5 1.75 45 46 41.54528967368549 0.009471003454161853
1.5 1.75 46 47 40.33329796091363 0.009571664896675557
1.5 1.75 47 48 39.14059126472097 0.008497233461802128
1.5 1.75 48 49 37.96975042592334 0.005924906676714846
1.5 1.75 49 50 36.82273962625436 0.003091131097597553
1.75 2 0 1 4498.693810263221 0.08157663754108149
1.75 2 1 2 -2712.980633058634 0.08503766547339864
1.75 2 2 3 -5412.498501860909 0.04016823480640171
1.75 2 3 4 -4201.103295027335 0.0236161982408016
1.75 2 4 5 -3043.299286467552 0.01539112918247044
1.75 2 5 6 -2194.728886915009 0.1405865679651075
1.75 2 6 7 -1595.515517108443 0.09913365203933495
1.75 2 7 8 -1171.016872704665 0.07117966495538634
1.75 2 8 9 -866.2107989011361 0.05148882515802686
1.75 2 9 10 -643.8846105089701 0.03715530915563003
1.75 2 10 11 -479.3071895014273 0.02645156790504031
1.75 2 11 12 -355.8382988400574 0.01829597952431209
1.75 2 12 13 -262.133083242614 0.01198066184217163
1.75 2 13 14 -190.3193295200997 0.007026347412325631
1.75 2 14 15 -134.8380195429638 0.003098870961964602
1.75 2 15 16 -91.69799656037003 5.002435197137249e-05
1.75 2 16 17 -57.98940475943846 0.002567282855652464
1.75 2 17 18 -31.5607382046021 0.004609711567015203
1.75 2 18 19 -10.80080300061218 0.006266574070563664
1.75 2 19 20 5.510956367246536 0.007613052932128156
1.75 2 20 21 18.30883885503954 0.008707558545212784
1.75 2 21 22 28.31476957720929 0.009595975830069743
1.75 2 22 23 36.09132156602379 0.01031471780177318
1.75 2 23 24 42.08025618281602 0.01089294747409143
1.75 2 24 25 46.63087069214794 0.01135421666507999
1.75 2 25 26 50.02107767838447 0.01171769018219686
1.75 2 26 27 52.47323889410245 0.01199907100411972
1.75 2 27 28 54.16617034547676 0.01221130702080004
1.75 2 28 29 55.24432339915393 0.0123651362546327
1.75 2 29 30 55.82485189833915 0.02472741501905679
1.75 2 30 31 56.00315128868328 0.02300188368351176
1.75 2 31 32 55.85709351910697 0.02141569381345285
1.75 2 32 33 55.45045223810598 0.01995537023927914
1.75 2 33 34 54.83557037494108 0.01870072702092634
1.75 2 34 35 54.05617136691183 0.01730638134799471
1.75 2 35 36 53.14634885884215 0.01615920524487636
1.75 2 36 37 52.13601072796956 0.01509757690284452
1.75 2 37 38 51.04927454459829 0.01411400969393068
1.75 2 38 39 49.90604324724166 0.01320179391633229
1.75 2 39 40 48.72273672044304 0.01235490235457611
1.75 2 40 41 47.51288971518795 0.01156790870818071
1.75 2 41 42 46.28764207006537 0.01083591773226106
1.75 2 42 43 45.0561420378105 0.01015450420591389
1.75 2 43 44 43.82587904619743 0.00951966035691007
1.75 2 44 45 42.60295901898746 0.008927749730540547
1.75 2 45 46 41.39126622219263 0.008547009343951415
1.75 2 46 47 40.19686399683002 0.008650092036291917
1.75 2 47 48 39.02164732523283 0.007627498998109945
1.75 2 48 49 37.86808740069603 0.005170661579116833
1.75 2 49 50 36.73805576761626 0.00246045520933623
2 2.25 0 1 3999.310167443674 0.03475615251211749
2 2.25 1 2 -3110.897314211502 0.06526744645827366
2 2.25 2 3 -5352.855658103198 0.1856701938264419
2 2.25 3 4 -4081.842521520386 0.1229970526858517
2 2.25 4 5 -2925.748209320346 0.08875078656303954
2 2.25 5 6 -2090.981244379384 0.06751434527152841
2 2.25 6 7 -1506.811453269547 0.05324283996804735
2 2.25 7 8 -1095.891365351751 0.04310105246714178
2 2.25 8 9 -802.6577875678654 0.03559023632805495
2 2.25 9 10 -589.9980478335706 0.02984954157245497
2 2.25 10 11 -433.4485597843902 0.02534986447005571
2 2.25 11 12 -316.6450544262996 0.02175021045008054
2 2.25 12 13 -228.4908142655167 0.01882139635459518
2 2.25 13 14 -161.3195178149338 0.01640418357339702
2 2.25 14 15 -109.7393143875036 0.01438478019932925
2 2.25 15 16 -69.89344119538805 0.0126799026185824
2 2.25 16 17 -38.97984149670106 0.01122732645988119
2 2.25 17 18 -14.93361570395041 0.009979718999092444
2 2.25 18 19 3.786596835332375 0.008900502190643807
2 2.25 19 20 18.34478095665622 0.007961010675948529
2 2.25 20 21 29.62917479932014 0.007138497735891787
2 2.25 21 22 38.32400363187639 0.00641470963290999
2 2.25 22 23 44.96082381920246 0.005774849015565949
2 2.25 23 24 49.95574974012982 0.005206809643666814
2 2.25 24 25 53.63676882698735 0.004700603618269687
2 2.25 25 26 56.26400537330619 0.004247927244203397
2 2.25 26 27 58.04490677267449 0.00384182819323784
2 2.25 27 28 59.14573166233026 0.003476447624953949
2 2.25 28 29 59.7002961146452 0.01868156189100777
2 2.25 29 30 59.81682472259104 0.02321590996990569
2 2.25 30 31 59.58294494441424 0.02156605009516212
2 2.25 31 32 59.07001161709832 0.02005084340608051
2 2.25 32 33 58.33617752145608 0.01865716368275055
2 2.25 33 34 57.4289510124147 0.01737341743102039
2 2.25 34 35 56.38720548167038 0.01618933352381761
2 2.25 35 36 55.24278384087154 0.01509578535098321
2 2.25 36 37 54.0217857716359 0.01408464102157295
2 2.25 37 38 52.74560511076447 0.01314863569821272
2 2.25 38 39 51.43176934415288 0.01228126352566353
2 2.25 39 40 50.0946215682219 0.01147668416396588
2 2.25 40 41 48.74587657324275 0.01072964335042603
2 2.25 41 42 47.39507568780243 0.01003540382054266
2 2.25 42 43 46.04996009078747 0.00938968620116035
2 2.25 43 44 44.71677804376424 0.00878861691629622
2 2.25 44 45 43.40053843216145 0.008228683553412337
2 2.25 45 46 42.1041826253344 0.007869703583116729
2 2.25 46 47 40.83285691987794 0.007970347594365436
2 2.25 47 48 39.5877247476833 0.007002320126736905
2 2.25 48 49 38.37057660247262 0.004675221572037438
2 2.25 49 50 37.18267819456946 0.002110819366921953
2.25 2.5 0 1 3475.16101761249 0.03647912161435686
2.25 2.5 1 2 -3506.263311659187 0.003500190393488185
2.25 2.5 2 3 -5260.215576021181 0.03633759468666987
2.25 2.5 3 4 -3940.257568617172 0.03790743855801106
2.25 2.5 4 5 -2798.216955821775 0.03510354809468314
2.25 2.5 5 6 -1985.882888643792 0.03176744657046415
2.25 2.5 6 7 -1422.089307222572 0.02867352533854457
2.25 2.5 7 8 -1027.8013011957 0.02596127562501395
2.25 2.5 8 9 -747.7517774657445 0.02361654621342155
2.25 2.5 9 10 -545.4838675791407 0.02158978576485453
2.25 2.5 10 11 -397.157261445635 0.01983072934293557
2.25 2.5 11 12 -286.9034632416572 0.01829465115799463
2.25 2.5 12 13 -204.0059844391578 0.01694462989826611
2.25 2.5 13 14 -141.0856009627662 0.01575061422295541
2.25 2.5 14 15 -92.96727573906333 0.01468824395510498
2.25 2.5 15 16 -55.95895399354731 0.01373772871042796
2.25 2.5 16 17 -27.38474849911358 0.01288290858757007
2.25 2.5 17 18 -5.277293676661884 0.01211050372042157
2.25 2.5 18 19 11.82868088621285 0.01140952587125879
2.25 2.5 19 20 25.0372753250208 0.01077081975818573
2.25 2.5 20 21 35.18920683048282 0.0101867054219567
2.25 2.5 21 22 42.93070104649746 0.009650698358547559
2.25 2.5 22 23 48.76271291702506 0.009157289355321535
2.25 2.5 23 24 53.0765524723929 0.00870177022300766
2.25 2.5 24 25 56.17998101442902 0.008280094969552797
2.25 2.5 25 26 58.31653874681206 0.007888768447043764
2.25 2.5 26 27 59.68000585857817 0.007524756485164773
2.25 2.5 27 28 60.42532451276156 0.00718541285923672
2.25 2.5 28 29 60.6769057215987 0.01888905807832953
2.25 2.5 29 30 60.53507725522149 0.01762753202864548
2.25 2.5 30 31 60.08094059184634 0.01646660655968702
2.25 2.5 31 32 59.38030061189687 0.0191812918314873
2.25 2.5 32 33 58.48659753107938 0.01783824468095018
2.25 2.5 33 34 57.44340127821533 0.01660173901769129
2.25 2.5 34 35 56.28622517665349 0.01546177854275465
2.25 2.5 35 36 55.04405169106855 0.01440948461154178
2.25 2.5 36 37 53.74053913060072 0.01343694959057222
2.25 2.5 37 38 52.39499260099808 0.01253711169826726
2.25 2.5 38 39 51.02314850089084 0.01170364927697022
2.25 2.5 39 40 49.63781078984363 0.01093088951293519
2.25 2.5 40 41 48.2493689759238 0.01021373073218091
2.25 2.5 41 42 46.86622110378727 0.009547574953893995
2.25 2.5 42 43 45.49512033638931 0.008928270016852253
2.25 2.5 43 44 44.14145970077982 0.008352058901534429
2.25 2.5 44 45 42.80950665538435 0.007815535883168937
2.25 2.5 45 46 41.5016021270699 0.007469782209857616
2.25 2.5 46 47 40.22224802427507 0.007558889472888887
2.25 2.5 47 48 38.97216946267403 0.006638129443154958
2.25 2.5 48 49 37.75273404423532 0.004626443478003575
2.25 2.5 49 50 36.56483781698805 0.003447622796511684
2.5 2.75 0 1 2896.228699265598 0.0009452081480257367
2.5 2.75 1 2 -3940.421101515606 0.008190939389476785
2.5 2.75 2 3 -5169.606187194321 0.144151041413108
2.5 2.75 3 4 -3792.661648232625 0.09302015095702967
2.5 2.75 4 5 -2660.450438220501 0.06571512601518191
2.5 2.75 5 6 -1868.508967824146 0.04906277206641477
2.5 2.75 6 7 -1324.458428946004 0.03802247927565181
2.5 2.75 7 8 -946.98217171435 0.03026804260320619
2.5 2.75 8 9 -680.7184149493955 0.0245859527248808
2.5 2.75 9 10 -489.6353562005816 0.0202847384826725
2.5 2.75 10 11 -350.3833574832486 0.01694431583581801
2.5 2.75 11 12 -247.5208270507619 0.01429542371395419
2.5 2.75 12 13 -170.6773518246714 0.01215842856410447
2.5 2.75 13 14 -112.7461096340303 0.0104092950274051
2.5 2.75 14 15 -68.76462561717335 0.008959898137696392
2.5 2.75 15 16 -35.20669529918951 0.007746087966943054
2.5 2.75 16 17 -9.526347646134354 0.006720180264741821
2.5 2.75 17 18 10.14141716293034 0.005846078927348051
2.5 2.75 18 19 25.1806731380068 0.00509601929809477
2.5 2.75 19 20 36.63067179905227 0.0044483404523381
2.5 2.75 20 21 45.27998646793901 0.003885928460670855
2.5 2.75 21 22 51.73264077521742 0.003395107680780685
2.5 2.75 22 23 56.45522212241463 0.00296483754204093
2.5 2.75 23 24 59.81088936437311 0.002586121670388918
2.5 2.75 24 25 62.08421781028619 0.002251567122803229
2.5 2.75 25 26 63.4995525480839 0.001955051403568721
2.5 2.75 26 27 64.23470557254132 0.001691467981677546
2.5 2.75 27 28 64.43127476174482 0.001456529728538904
2.5 2.75 28 29 64.20248587432184 0.001246615581896324
2.5 2.75 29 30 63.63919415631693 0.01557665448767703
2.5 2.75 30 31 62.81454582765139 0.01447033956467356
2.5 2.75 31 32 61.78754435452345 0.0134527155498803
2.5 2.75 32 33 60.60590897164252 0.01689953884397271
2.5 2.75 33 34 59.30822611720049 0.01571221419036608
2.5 2.75 34 35 57.92579508501763 0.01461837240689129
2.5 2.75 35 36 56.48396154213594 0.01360936631913927
2.5 2.75 36 37 55.00324797879557 0.01267749853024493
2.5 2.75 37 38 53.50024836674214 0.01181589894176591
2.5 2.75 38 39 51.98834910651891 0.01101842055045087
2.5 2.75 39 40 50.47831217528977 0.01027955016432844
2.5 2.75 40 41 48.97874855865493 0.009594332307577469
2.5 2.75 41 42 47.49650375285978 0.008958302800089829
2.5 2.75 42 43 46.0369727017019 0.00836743227273651
2.5 2.75 43 44 44.60435775763412 0.007818076773989248
2.5 2.75 44 45 43.20188050753981 0.007306934393700452
2.5 2.75 45 46 41.83100291094581 0.006976338899265765
2.5 2.75 46 47 40.49533300707617 0.007055860619815544
2.5 2.75 47 48 39.19492345037966 0.006184782704875057
2.5 2.75 48 49 37.93050902014235 0.00411028491001392
2.5 2.75 49 50 36.70242386508778 0.001833232057701586
2.75 3 0 1 2261.72502498888 0.03809838938287637
2.75 3 1 2 -4364.455703848324 0.07418972562129839
2.75 3 2 3 -5022.666680294142 0.010460258078764
2.75 3 3 4 -3592.905516988 0.007200246755534536
2.75 3 4 5 -2480.273441425103 0.01363493274509643
2.75 3 5 6 -1717.928903742141 0.01611808376078899
2.75 3 6 7 -1201.062885396544 0.01693995993812997
2.75 3 7 8 -846.1528840458791 0.01699314982248335
2.75 3 8 9 -598.0760971617847 0.01667269737739117
2.75 3 9 10 -421.5512433555023 0.01617170570531181
2.75 3 10 11 -293.9748311155952 0.01558816833683574
2.75 3 11 12 -200.52668804723 0.01497467425044752
2.75 3 12 13 -131.3251553186037 0.01435973845911548
2.75 3 13 14 -79.64039752144618 0.01375882088962986
2.75 3 14 15 -40.79947435849681 0.01318005745125844
2.75 3 15 16 -11.49913492671067 0.01262738894868793
2.75 3 16 17 10.63390204977691 0.01210232700064485
2.75 3 17 18 27.32990394675164 0.01160497710328985
2.75 3 18 19 39.86700873075233 0.01113464327403128
2.75 3 19 20 49.20052516297744 0.01069019040156244
2.75 3 20 21 56.0520096109783 0.01027026310884045
2.75 3 21 22 60.97159793362493 0.009873418066175093
2.75 3 22 23 64.38225394477854 0.009498203301402719
2.75 3 23 24 66.61159827218682 0.009143204759176789
2.75 3 24 25 67.91508319667935 0.008807072452783719
2.75 3 25 26 68.49305571353295 0.008488533904569596
2.75 3 26 27 68.50345034183647 0.008186399687055994
2.75 3 27 28 68.07132070183968 0.007899564130653909
2.75 3 28 29 67.29605994031573 0.007627003122436807
2.75 3 29 30 66.25691456869924 0.007367770260317767
2.75 3 30 31 65.0172265615243 0.007120992132939648
2.75 3 31 32 63.62770405404422 0.01455042069403609
2.75 3 32 33 62.12904618078466 0.01365269473449862
2.75 3 33 34 60.55385675197346 0.01282505480126923
2.75 3 34 35 58.92829307630853 0.012061160295173
2.75 3 35 36 57.27330520688491 0.01135533648350245
2.75 3 36 37 55.60563428531094 0.01205313066465291
2.75 3 37 38 53.93861746439302 0.01122402457812751
2.75 3 38 39 52.28282215389737 0.01045709928086181
2.75 3 39 40 50.64656815622749 0.009746980345154593
2.75 3 40 41 49.03634488718527 0.009088838820879443
2.75 3 41 42 47.45715065302088 0.008478326784992246
2.75 3 42 43 45.91276865902543 0.007911521101944461
2.75 3 43 44 44.40599209390328 0.007384875404357344
2.75 3 44 45 42.9388081040569 0.006931511551152735
2.75 3 45 46 41.511645601852 0.006671736727008806
2.75 3 46 47 40.12705840222395 0.006641338324780383
2.75 3 47 48 38.78431022821425 0.006093391540824575
2.75 3 48 49 37.48339708683039 0.005033589117149827
2.75 3 49 50 36.2239989520134 0.004207161083193785
3 3.25 0 1 1573.796325974519 0.02382895584757387
3 3.25 1 2 -4712.246432168247 0.02118456931729639
3 3.25 2 3 -4770.926120382893 0.1461794872185768
3 3.25 3 4 -3312.035244396508 0.0849513311206801
3 3.25 4 5 -2240.665329105385 0.05489844710086195
3 3.25 5 6 -1524.143841854478 0.0376914357499965
3 3.25 6 7 -1046.119638174868 0.02686719061666492
3 3.25 7 8 -722.1294462344872 0.01961071058705593
3 3.25 8 9 -498.281351352023 0.01451482041385756
3 3.25 9 10 -340.7415218751332 0.01081179985353183
3 3.25 10 11 -228.1257805255927 0.008046309711256475
3 3.25 11 12 -146.5601105279645 0.005936369391794623
3 3.25 12 13 -86.87524122444233 0.004298447862114807
3 3.25 13 14 -42.87460617539773 0.003008856166499328
3 3.25 14 15 -10.28562307245807 0.001981706043853679
3 3.25 15 16 13.89225769920267 0.001155878880021079
3 3.25 16 17 31.80143146442902 0.0004873459061690462
3 3.25 17 18 44.99440441090815 7.344778098498914e-05
3 3.25 18 19 54.61117728929537 0.0005097866136016095
3 3.25 19 20 61.49874911394159 0.0008772568724815378
3 3.25 20 21 66.29303229774905 0.00118064085877228
3 3.25 21 22 69.47590282489773 0.001431252315254831
3 3.25 22 23 71.41551706376106 0.001638257755698684
3 3.25 23 24 72.39518651277228 0.001809030992417773
3 3.25 24 25 72.63431266344321 0.001949537220688146
3 3.25 25 26 72.30373664987684 0.002064635708237717
3 3.25 26 27 71.53711045532475 0.002158311824058391
3 3.25 27 28 70.43940103889798 0.002233855116016676
3 3.25 28 29 69.09330603534306 0.002293996908940092
3 3.25 29 30 67.56413289883392 0.002341017475398731
3 3.25 30 31 65.90353711419908 0.002376830170261729
3 3.25 31 32 64.1524058977277 0.002403047996808259
3 3.25 32 33 62.34309677784813 0.002421036645012795
3 3.25 33 34 60.50118551553584 0.002431957044642018
3 3.25 34 35 58.64683824851301 0.002436799728009405
3 3.25 35 36 56.79588809847129 0.009457833826716009
3 3.25 36 37 54.96071719206327 0.008845387871145223
3 3.25 37 38 53.15090209400714 0.008280381308291035
3 3.25 38 39 51.3737847300564 0.00775876811009302
3 3.25 39 40 49.63490762139676 0.009121182310127341
3 3.25 40 41 47.9383464562587 0.00849161920083529
3 3.25 41 42 46.28702262812772 0.007908164826800334
3 3.25 42 43 44.68291265542598 0.007366992072841898
3 3.25 43 44 43.12723892491181 0.006864643023221385
3 3.25 44 45 41.62062041663197 0.006397988073784997
3 3.25 45 46 40.16235973081382 0.006090845721868136
3 3.25 46 47 38.75382996225403 0.0061426584816541
3 3.25 47 48 37.39344607341593 0.00537258438452427
3 3.25 48 49 36.08040511012315 0.003567683704830203
3 3.25 49 50 34.81368420930085 0.002442679321342557
3.25 3.5 0 1 859.5742549016863 0.01150094685276127
3.25 3.5 1 2 -4873.335995323299 0.02952696623779746
3.25 3.5 2 3 -4351.589329886017 0.01053358265681369
3.25 3.5 3 4 -2915.76188122713 0.01632431477104718
3.25 3.5 4 5 -1923.085089429478 0.01648821752361397
3.25 3.5 5 6 -1277.54185101457 0.01538708754401681
3.25 3.5 6 7 -855.2169648276254 0.01404936860742612
3.25 3.5 7 8 -573.5944023701111 0.0127602716219952
3.25 3.5 8 9 -381.8813084666019 0.01159364984104376
3.25 3.5 9 10 -248.8785908439559 0.0105624576480425
3.25 3.5 10 11 -155.1766163239827 0.009655946414824394
3.25 3.5 11 12 -88.34132723354242 0.008859244015721742
3.25 3.5 12 13 -40.24320061628441 0.008157144294434076
3.25 3.5 13 14 -5.440545850739454 0.007535977785767845
3.25 3.5 14 15 19.7860234743323 0.006983996956152955
3.25 3.5 15 16 38.02711369034057 0.006491293832270469
3.25 3.5 16 17 51.11779693389212 0.006049570844813315
3.25 3.5 17 18 60.37756331350886 0.00565188788292246
3.25 3.5 18 19 66.76782617627816 0.005292429974136227
3.25 3.5 19 20 70.99732685593108 0.004966308380142414
3.25 3.5 20 21 73.59393746542435 0.004669395683826892
3.25 3.5 21 22 74.95437482298018 0.004398191078716868
3.25 3.5 22 23 75.37913498198645 0.004149711044716016
3.25 3.5 23 24 75.09737645362094 0.003921400761318175
3.25 3.5 24 25 74.28486444395469 0.003711062252122637
3.25 3.5 25 26 73.07705805033669 0.003516795956780436
3.25 3.5 26 27 71.57875427894305 0.003336953029292316
3.25 3.5 27 28 69.87126235435966 0.003170096257382714
3.25 3.5 28 29 68.01778736292641 0.003014967883824076
3.25 3.5 29 30 66.06750244712032 0.002870463000790969
3.25 3.5 30 31 64.05865165632741 0.002735607448628981
3.25 3.5 31 32 62.02093011392355 0.002609539375465993
3.25 3.5 32 33 59.97732108773721 0.002491493776167376
3.25 3.5 33 34 57.94552190846727 0.002380789488205056
3.25 3.5 34 35 55.93905647582994 0.002276818187203723
3.25 3.5 35 36 53.96814732930048 0.002179035058754125
3.25 3.5 36 37 52.04040215610382 0.002086950843751297
3.25 3.5 37 38 50.1613563208646 0.002000125040060682
3.25 3.5 38 39 48.33490308295157 0.001918160063728811
3.25 3.5 39 40 46.56363577687648 0.0018406962213522
3.25 3.5 40 41 44.8491207448422 0.001767407370135237
3.25 3.5 41 42 43.19211222583505 0.005892862766811096
3.25 3.5 42 43 41.59274031286196 0.005501230948044365
3.25 3.5 43 44 40.05063067497346 0.005137543530010984
3.25 3.5 44 45 38.56503095861457 0.004799597334499116
3.25 3.5 45 46 37.13415898395748 0.004571406167914084
3.25 3.5 46 47 35.75815357100953 0.001402206655164825
3.25 3.5 47 48 34.43463298201569 0.004048894322508654
3.25 3.5 48 49 33.16216466240077 0.003362392047331559
3.25 3.5 49 50 31.9389061273729 0.001671240590896953
3.5 3.75 0 1 193.8541554085964 0.001653378323850653
3.5 3.75 1 2 -4684.251169909558 0.0473850813726333
3.5 3.75 2 3 -3699.804948624492 0.006334191563595884
3.5 3.75 3 4 -2378.773021775683 0.01455339732712464
3.5 3.75 4 5 -1519.929836345723 0.01577424582433082
3.5 3.75 5 6 -978.7575963959855 0.01521323971272097
3.5 3.75 6 7 -632.8285892246456 0.0141783654051247
3.5 3.75 7 8 -406.7155065415125 0.01306661650762424
3.5 3.75 8 9 -255.6600542189783 0.01201058622510598
3.5 3.75 9 10 -152.8134574089809 0.01104555761148398
3.5 3.75 10 11 -81.76849556254137 0.01017950417204186
3.5 3.75 11 12 -32.16789373387928 0.009406154867770243
3.5 3.75 12 13 2.673835563970783 0.008716035844933407
3.5 3.75 13 14 27.18028582815191 0.008099152568758558
3.5 3.75 14 15 44.34248645150547 0.007546182579920143
3.5 3.75 15 16 56.22228667486843 0.007048856703281763
3.5 3.75 16 17 64.26549521594973 0.006600006753864589
3.5 3.75 17 18 69.50126669739791 0.006193483620165981
3.5 3.75 18 19 72.67184439395703 0.005824033652073662
3.5 3.75 19 20 74.31868849281233 0.005487170647098452
3.5 3.75 20 21 74.84070327584419 0.005179058146716633
3.5 3.75 21 22 74.53425955999916 0.004896406823229038
3.5 3.75 22 23 73.62112125654699 0.004636387313179437
3.5 3.75 23 24 72.26819987182648 0.004396557184073811
3.5 3.75 24 25 70.60170302246081 0.004174800149146981
3.5 3.75 25 26 68.71738301277117 0.003969275589812073
3.5 3.75 26 27 66.68803730716746 0.003778376655301914
3.5 3.75 27 28 64.5690495110286 0.003600695433641345
3.5 3.75 28 29 62.4025179663723 0.003434993926033165
3.5 3.75 29 30 60.22035601354878 0.003280179800121422
3.5 3.75 30 31 58.04663665481837 0.003135286057264421
3.5 3.75 31 32 55.8993772419922 0.002999453929855957
3.5 3.75 32 33 53.7919058839299 0.002871918441281311
3.5 3.75 33 34 51.7339131379762 0.002751996174617182
3.5 3.75 34 35 49.73226531164454 0.00263907486900268
3.5 3.75 35 36 47.7916360570816 0.00253260454324941
3.5 3.75 36 37 45.91499866264394 0.002432089896552271
3.5 3.75 37 38 44.10401099876756 0.002337083777223459
3.5 3.75 38 39 42.35931732465909 0.002247181557666428
3.5 3.75 39 40 40.68078540687409 0.00216201626384807
3.5 3.75 40 41 39.06769315265308 0.002081254358034859
3.5 3.75 41 42 37.51887561092742 0.002004592064155685
3.5 3.75 42 43 36.03284082890663 0.001931752164646923
3.5 3.75 43 44 34.60786114178816 0.001862481198364015
3.5 3.75 44 45 33.24204500722735 0.001796547001767091
3.5 3.75 45 46 31.93278183604222 0.00174467052233743
3.5 3.75 46 47 30.6791520567031 0.001693999000603192
3.5 3.75 47 48 29.47831194036725 0.001647418859197714
3.5 3.75 48 49 28.32803740571813 0.003189064939305496
3.5 3.75 49 50 27.22625881068217 0.001915526784785609
3.75 4 0 1 -318.7203016876901 0.001473393085520615
3.75 4 1 2 -4016.458945985727 0.1426930752859941
3.75 4 2 3 -2801.946175741305 0.1065833447352288
3.75 4 3 4 -1710.955424440474 0.07858260438677815
3.75 4 4 5 -1046.888010977452 0.06029510427749747
3.75 4 5 6 -644.2088948710552 0.04783270379104991
3.75 4 6 7 -394.3669364054922 0.0389330803936047
3.75 4 7 8 -235.3632866480411 0.03232782168866229
3.75 4 8 9 -131.8730439342469 0.02727156028588438
3.75 4 9 10 -63.29098463928403 0.0233022707895588
3.75 4 10 11 -17.2933602974731 0.0201221806491172
3.75 4 11 12 13.75444038801891 0.01753015702507555
3.75 4 12 13 34.70044339116123 0.015386705534567
3.75 4 13 14 48.70414791682981 0.01359214734880888
3.75 4 14 15 57.87128032876296 0.01207355740721503
3.75 4 15 16 63.63312975657072 0.01077647004972139
3.75 4 16 17 66.97935120035248 0.009659464898043989
3.75 4 17 18 68.60441119781893 0.0086905368604189
3.75 4 18 19 68.9939795892974 0.006968756470249999
3.75 4 19 20 68.52605725557595 0.00710176053558702
3.75 4 20 21 67.43396701108998 0.006446028070950268
3.75 4 21 22 65.91300315589035 0.005864449063939349
3.75 4 22 23 64.10070411862819 0.005346417399659848
3.75 4 23 24 62.09835722134048 0.00488317782587865
3.75 4 24 25 59.9806902422448 0.004467446684897593
3.75 4 25 26 57.80282462732717 0.004093121240708373
3.75 4 26 27 55.60531474697311 0.00375505451883192
3.75 4 27 28 53.41783345571193 0.003448879181334699
3.75 4 28 29 51.26188982627826 0.003170868507044131
3.75 4 29 30 49.1528479931867 0.002917825727539747
3.75 4 30 31 47.10143674028529 0.002686995250859652
3.75 4 31 32 45.11488488590729 0.002475990920737255
3.75 4 32 33 43.19777959425929 0.002282737648435233
3.75 4 33 34 41.3527180952418 0.002105423618192096
3.75 4 34 35 39.58080437901941 0.001942460918292115
3.75 4 35 36 37.88202887798121 0.001792452930006998
3.75 4 36 37 36.25555935613761 0.00165416716820072
3.75 4 37 38 34.69996411149992 0.001526512553258942
3.75 4 38 39 33.21338334704124 0.001408520293820247
3.75 4 39 40 31.79366069710936 0.001299327747676928
3.75 4 40 41 30.43844406003863 0.001198164720704659
3.75 4 41 42 29.14526266285867 0.001104341806976263
3.75 4 42 43 27.91158572311538 0.001017240415736202
3.75 4 43 44 26.73486683526029 0.0009363042136235767
3.75 4 44 45 25.6125772404034 0.0008610317593106092
3.75 4 45 46 24.54178212082649 0.0008759677344295775
3.75 4 46 47 23.5208688499823 0.0008313986644207082
3.75 4 47 48 22.54690087458287 0.0007918729530586877
3.75 4 48 49 21.61749235640134 0.0007647715485904698
3.75 4 49 50 20.73041885844506 0.001650753637378979
4 5 0 1 -1005.547670124431 0.01456193466578199
4 5 1 2 -4427.568411407464 0.07697518251881602
4 5 2 3 -2548.28040547472 0.07022943070484909
4 5 3 4 -1397.19163751063 0.05656990401674971
4 5 4 5 -769.04532753228 0.0594236493349387
4 5 5 6 -416.0453844643796 0.05229033006588191
4 5 6 7 -210.8892811160094 0.04253169082734896
4 5 7 8 -88.5001353803043 0.03482397737461924
4 5 8 9 -14.30561769537894 0.02499131456807127
4 5 9 10 31.17830154802516 0.02877656955378073
4 5 10 11 59.27682930869264 0.02070013325113226
4 5 11 12 75.92552446803825 0.02076393210989579
4 5 12 13 85.35644760794332 0.02051287266627794
4 5 13 14 90.081932670387 0.01992704661830921
4 5 14 15 91.71361627391383 0.01925540430662999
4 5 15 16 91.30678871508798 0.01281353353027583
4 5 16 17 89.58882597239932 0.01210816349589398
4 5 17 18 87.03037547660853 0.01144237403865227
4 5 18 19 83.95486945944037 0.01081015937824648
4 5 19 20 80.5828755296555 0.01021741176952422
4 5 20 21 77.06594692399597 0.00966760211004274
4 5 21 22 73.50821576178271 0.00915829911162753
4 5 22 23 69.98379622771213 0.006967640792247261
4 5 23 24 66.53361359447999 0.006753796550905228
4 5 24 25 63.19165896914788 0.006541109949759395
4 5 25 26 59.97707403511501 0.006331781740342615
4 5 26 27 56.90083379700135 0.006127690273073006
4 5 27 28 53.96819418648383 0.005930013433836373
4 5 28 29 51.18041445752641 0.005739273823865287
4 5 29 30 48.53598095046549 0.005555566837622575
4 5 30 31 46.03111022548862 0.00439032303334694
4 5 31 32 43.65978822805845 0.002135223752293727
4 5 32 33 41.42047562605873 0.002050363361747355
4 5 33 34 39.30506649029549 0.001969557073149299
4 5 34 35 37.30742999567299 0.001892625645655739
4 5 35 36 35.42138895426433 0.001819396058278588
4 5 36 37 33.64083909173355 0.001749696620235007
4 5 37 38 31.95983058078058 0.001683355428652296
4 5 38 39 30.37262204904895 0.001620201256284596
4 5 39 40 28.87371460029646 0.001560065560015216
4 5 40 41 27.457871416012 0.001502784480726358
4 5 41 42 26.12012696669508 0.001448200579866125
4 5 42 43 24.85578881405034 0.001396163965983116
4 5 43 44 23.66043421127932 0.001346532776313436
4 5 44 45 22.52990307712795 0.001299173417386357
4 5 45 46 21.4598845653131 0.001253956466851535
4 5 46 47 20.44729480265034 0.001210786084795735
4 5 47 48 19.48798138111272 0.001169529673463895
4 5 48 49 18.57851113439436 0.001130050590627225
4 5 49 50 17.71571930619154 0.00109232697525095
-5 5 0 50 -530300.3519373555 1.386990286336182
