#ylo yhi qTlo qThi PDF0  uncertainty
-5 -4 50 51 19.5912074096736 0.01374235148303959
-5 -4 51 52 18.80129323868768 0.01329585529778875
-5 -4 52 53 18.04766109605033 0.01288632319898222
-5 -4 53 54 17.32838699693949 0.01247619148213219
-5 -4 54 55 16.64151781523829 0.01208888161000457
-5 -4 55 56 15.98524893148793 0.01171980620419028
-5 -4 56 57 15.35800534832519 0.01136016089086389
-5 -4 57 58 14.75823265188002 0.01101436726859872
-5 -4 58 59 14.1845096710129 0.01068278333476362
-5 -4 59 60 13.6355137798241 0.01036373135159401
-5 -4 60 61 13.1149870246364 0.005224109507226852
-5 -4 61 62 12.61541327000005 0.004875138636008267
-5 -4 62 63 12.13116088559727 0.004779626681401199
-5 -4 63 64 11.66902719805343 0.004593617609157
-5 -4 64 65 11.22613111775313 0.00444467045113167
-5 -4 65 66 10.80117693371355 0.004329383847529185
-5 -4 66 67 10.39336378054315 0.004205301279673557
-5 -4 67 68 10.00097157951421 0.004111157497051064
-5 -4 68 69 9.623115467684409 0.003948006278487938
-5 -4 69 70 9.256638592303119 0.003899551149485934
-5 -4 70 71 8.897649014742253 0.002312571400899802
-5 -4 71 72 8.549181437767729 0.002644892189239343
-5 -4 72 73 8.208064404833326 0.002023509910192003
-5 -4 73 74 7.876358313866428 0.001953182780817004
-5 -4 74 75 7.552997666572136 0.001883601248579982
-5 -4 75 76 7.237227214911566 0.001213060744391618
-5 -4 76 77 6.930669194169862 0.001167244835034239
-5 -4 77 78 6.632174547944416 0.0009304167053547945
-5 -4 78 79 6.342495597779754 0.0008932144661848902
-5 -4 79 80 6.061427826178866 0.000806021269522207
-5 -4 80 81 5.788496400526704 0.0007562742372179958
-5 -4 81 82 5.52421743223042 0.0007388263335886695
-5 -4 82 83 5.264355142424392 0.001866968021788258
-5 -4 83 84 5.017329690207808 0.002044647314762637
-5 -4 84 85 4.78132709990572 0.003154322938864726
-5 -4 85 86 4.550055125986109 0.002778535165540057
-5 -4 86 87 4.327379177648546 0.00250615081334896
-5 -4 87 88 4.112196027296331 0.002164742934201771
-5 -4 88 89 3.904909292658662 0.001842260946302589
-5 -4 89 90 3.705402838557946 0.001542849756405453
-5 -4 90 91 3.513552048387448 0.001272439457187082
-5 -4 91 92 3.329988725552433 0.001676705282242018
-5 -4 92 93 3.153001495425149 0.001511781355636747
-5 -4 93 94 2.983247962687534 0.00143033452316836
-5 -4 94 95 2.820573475213331 0.001354454114700101
-5 -4 95 96 2.664817699020514 0.001281383149697796
-5 -4 96 97 2.515815303985673 0.001211101900288891
-5 -4 97 98 2.373396630685698 0.001192129629283249
-5 -4 98 99 2.237388336972336 0.001185475182384065
-5 -4 99 100 2.10761402313511 0.001182244031919673
-4 -3.75 50 51 21.93496958117592 0.0009534348146149465
-4 -3.75 51 52 21.1471097879069 0.0009916814450558128
-4 -3.75 52 53 20.39151263580088 0.001388890032707062
-4 -3.75 53 54 19.66657058597485 0.001448367058626054
-4 -3.75 54 55 18.9709223374865 0.001083073906492174
-4 -3.75 55 56 18.3032758349936 0.0006168878300540894
-4 -3.75 56 57 17.66226098212697 0.000611124601070644
-4 -3.75 57 58 17.04669792130913 0.0006248854722246007
-4 -3.75 58 59 16.45542468433199 0.000631001608738785
-4 -3.75 59 60 15.88729968619752 0.0006434706985904405
-4 -3.75 60 61 15.3412819426837 0.0006475018834359244
-4 -3.75 61 62 14.81633500609353 0.0006493060814034222
-4 -3.75 62 63 14.31147228910578 0.0006538916500738531
-4 -3.75 63 64 13.82573861460942 0.0006532487052674256
-4 -3.75 64 65 13.35818470090453 0.0006490969061213334
-4 -3.75 65 66 12.90772862910878 0.00648618323399506
-4 -3.75 66 67 12.47357406249152 0.005625424679235917
-4 -3.75 67 68 12.05462836369322 0.01298192500153178
-4 -3.75 68 69 11.64827355958736 0.01146880571464307
-4 -3.75 69 70 11.25168886149524 0.01006030007713862
-4 -3.75 70 71 10.86250232863445 0.00876118849769226
-4 -3.75 71 72 10.47993165801157 0.007560403968472585
-4 -3.75 72 73 10.09944641404772 0.006059603138019818
-4 -3.75 73 74 9.730421226288378 0.001718750570932734
-4 -3.75 74 75 9.367125828379834 0.004878233108901519
-4 -3.75 75 76 9.015753815488129 0.003770461125734974
-4 -3.75 76 77 8.667051113435218 0.003123455644767364
-4 -3.75 77 78 8.325679840994594 0.002611055996476903
-4 -3.75 78 79 7.996251848132553 0.002195098579002933
-4 -3.75 79 80 7.665541604847349 0.001714444885726154
-4 -3.75 80 81 7.346992236893714 0.001254350182885861
-4 -3.75 81 82 7.036498178159622 0.0008769755731486864
-4 -3.75 82 83 6.734068136189437 0.0006124000545225138
-4 -3.75 83 84 6.400481323461277 0.00164314707599459
-4 -3.75 84 85 6.153337546266511 0.0007102451694022091
-4 -3.75 85 86 5.875505846334736 0.0008567087282098845
-4 -3.75 86 87 5.606000297009283 0.0007582227578247742
-4 -3.75 87 88 5.342543708664898 0.0008519140832255698
-4 -3.75 88 89 5.091525026632933 0.0007526576856598873
-4 -3.75 89 90 4.84668025899244 0.0007459099700599868
-4 -3.75 90 91 4.610055295456827 0.000736627797310218
-4 -3.75 91 92 4.381598258695742 0.0007250757592826102
-4 -3.75 92 93 4.161242990098593 0.0007114317301708495
-4 -3.75 93 94 3.948909450951696 0.0006959047212380983
-4 -3.75 94 95 3.744504384367409 0.0006787008888386556
-4 -3.75 95 96 3.547922199226854 0.0006600221098065255
-4 -3.75 96 97 3.359045872377369 0.0003564739738594967
-4 -3.75 97 98 3.177747766830152 0.0003376411427761432
-4 -3.75 98 99 3.003890611157189 0.0003366644932823451
-4 -3.75 99 100 2.837328302810258 0.0003348437816257366
-3.75 -3.5 50 51 28.08619320852981 0.06092339786789317
-3.75 -3.5 51 52 27.13059522307535 0.06096978358982291
-3.75 -3.5 52 53 26.21351658180613 0.03207284145027287
-3.75 -3.5 53 54 25.32965918491944 0.03003522336797154
-3.75 -3.5 54 55 24.4774307075804 0.05047994310991594
-3.75 -3.5 55 56 23.65846830591756 0.04536816996475156
-3.75 -3.5 56 57 22.86980037958053 0.04100622792569365
-3.75 -3.5 57 58 22.11021492572481 0.03763789324589078
-3.75 -3.5 58 59 21.37864581772557 0.03513088282918711
-3.75 -3.5 59 60 20.67404916363017 0.03335062356817294
-3.75 -3.5 60 61 19.99525117190272 0.03166371674764446
-3.75 -3.5 61 62 19.34102857149197 0.02930659056370299
-3.75 -3.5 62 63 18.71045726246931 0.02638281928486561
-3.75 -3.5 63 64 18.10245042410785 0.02363022633486482
-3.75 -3.5 64 65 17.51595855335398 0.02227043938180898
-3.75 -3.5 65 66 16.9509539857204 0.01924854585525916
-3.75 -3.5 66 67 16.40409312760978 0.01715551246668407
-3.75 -3.5 67 68 15.87494682541534 0.0151661421693467
-3.75 -3.5 68 69 15.36097887555035 0.01331560940722422
-3.75 -3.5 69 70 14.85817163962281 0.01159233556918595
-3.75 -3.5 70 71 14.35897401050924 0.01373285907253147
-3.75 -3.5 71 72 13.87189328487694 0.001875415439919595
-3.75 -3.5 72 73 13.39176567815001 0.007700904562441335
-3.75 -3.5 73 74 12.91879746454612 0.01472300435616633
-3.75 -3.5 74 75 12.45592551363226 0.004860049673827857
-3.75 -3.5 75 76 11.99778532928761 0.003840061630639286
-3.75 -3.5 76 77 11.54776977107851 0.00309717993452155
-3.75 -3.5 77 78 11.10621201973398 0.002540727867283979
-3.75 -3.5 78 79 10.67336785573444 0.002038138973093889
-3.75 -3.5 79 80 10.24953089927549 0.001569614957805617
-3.75 -3.5 80 81 9.834976260122854 0.001129713624705965
-3.75 -3.5 81 82 9.412815532864393 0.003357390177456342
-3.75 -3.5 82 83 9.034600729932791 0.0009287432096939451
-3.75 -3.5 83 84 8.649123972979019 0.0009429063729493845
-3.75 -3.5 84 85 8.273669767649777 0.0009544960831996132
-3.75 -3.5 85 86 7.908367701101637 0.0009631895959867136
-3.75 -3.5 86 87 7.553319277261354 0.0009687034152645514
-3.75 -3.5 87 88 7.208592723867127 0.0009701269342148224
-3.75 -3.5 88 89 6.874222421159044 0.0009695261376854513
-3.75 -3.5 89 90 6.550231489940175 0.000965790715536636
-3.75 -3.5 90 91 6.236620610885053 0.0009589264150304121
-3.75 -3.5 91 92 5.933220396351631 0.0008495289146970455
-3.75 -3.5 92 93 5.640168420842437 0.0008374338944164958
-3.75 -3.5 93 94 5.357576886618505 0.0008256436027656974
-3.75 -3.5 94 95 5.085072494120189 0.0008253806066734862
-3.75 -3.5 95 96 4.822610040368282 0.0008115421231043458
-3.75 -3.5 96 97 4.570208851065191 0.0008637754245270541
-3.75 -3.5 97 98 4.327489275061612 0.0008406577820915035
-3.75 -3.5 98 99 4.094425394463904 0.0008160292421455749
-3.75 -3.5 99 100 3.870853072221489 0.0007901002260170782
-3.5 -3.25 50 51 32.16467965727531 0.0710236834848047
-3.5 -3.25 51 52 31.13199611142849 0.07041446933716447
-3.5 -3.25 52 53 30.13415765320636 0.06791037238609782
-3.5 -3.25 53 54 29.17030109341893 0.06380359883582851
-3.5 -3.25 54 55 28.23951934713496 0.05836397319648267
-3.5 -3.25 55 56 27.34078221594771 0.05219247365495468
-3.5 -3.25 56 57 26.47273135324355 0.04698434151946557
-3.5 -3.25 57 58 25.63434453895743 0.04304931462095397
-3.5 -3.25 58 59 24.82472147306179 0.04022480539621124
-3.5 -3.25 59 60 24.04295630220848 0.0383435751645623
-3.5 -3.25 60 61 23.28797595025075 0.03657348374535882
-3.5 -3.25 61 62 22.55862410505014 0.03389868793926801
-3.5 -3.25 62 63 21.85405725726796 0.03044542181214258
-3.5 -3.25 63 64 21.17322659083812 0.02720950135819762
-3.5 -3.25 64 65 20.51510859107091 0.02482343889983344
-3.5 -3.25 65 66 19.87861635470087 0.02222624758887928
-3.5 -3.25 66 67 19.26251329110227 0.0198158243934818
-3.5 -3.25 67 68 18.66517901286056 0.01751845700670039
-3.5 -3.25 68 69 18.08376888097131 0.01538106463188544
-3.5 -3.25 69 70 17.50959101498461 0.02341855834926966
-3.5 -3.25 70 71 16.94771635280824 0.008146328231632041
-3.5 -3.25 71 72 16.39249883329122 0.006095280950965944
-3.5 -3.25 72 73 15.84383285502664 0.01645878853530072
-3.5 -3.25 73 74 15.30131227600792 0.02494387495031394
-3.5 -3.25 74 75 14.76877230508858 0.01147357788680508
-3.5 -3.25 75 76 14.24166380108478 0.009260937546853013
-3.5 -3.25 76 77 13.72276184281136 0.007297491972435207
-3.5 -3.25 77 78 13.21252850634114 0.005541029273876527
-3.5 -3.25 78 79 12.71133020441767 0.003897166915294861
-3.5 -3.25 79 80 12.21958083065178 0.002357455610500816
-3.5 -3.25 80 81 11.73767175458763 0.001025063954237393
-3.5 -3.25 81 82 11.26594858017778 0.0009857426232515259
-3.5 -3.25 82 83 10.77180047519612 0.002437975680474012
-3.5 -3.25 83 84 10.35411609882889 0.00309822978612708
-3.5 -3.25 84 85 9.914517230634797 0.004072729576895916
-3.5 -3.25 85 86 9.48656278744981 0.001118348661082519
-3.5 -3.25 86 87 9.010359803386685 0.003223790492308561
-3.5 -3.25 87 88 8.663855286930827 0.001151533112565394
-3.5 -3.25 88 89 8.269821923205914 0.001127918387541362
-3.5 -3.25 89 90 7.887445073339948 0.001098875006459118
-3.5 -3.25 90 91 7.467619236787923 0.004365459799158272
-3.5 -3.25 91 92 7.157832690769797 0.001031436352421079
-3.5 -3.25 92 93 6.810610971946032 0.001030458052476544
-3.5 -3.25 93 94 6.47507781254736 0.001025602442932188
-3.5 -3.25 94 95 6.141456046768427 0.0029162944092714
-3.5 -3.25 95 96 5.830559538533204 0.002956746438735068
-3.5 -3.25 96 97 5.537910654392125 0.00113766519516312
-3.5 -3.25 97 98 5.248368333368044 0.000967221194035393
-3.5 -3.25 98 99 4.969999701515001 0.0009583702382839128
-3.5 -3.25 99 100 4.702536139902 0.0009296869761615768
-3.25 -3 50 51 34.29609311418376 0.07831440093995407
-3.25 -3 51 52 33.25469481585816 0.07768387107036084
-3.25 -3 52 53 32.24445039147153 0.07491341141600981
-3.25 -3 53 54 31.26500326175317 0.07032383740003091
-3.25 -3 54 55 30.31589247707903 0.06421216260016904
-3.25 -3 55 56 29.39647995207199 0.05726440191456639
-3.25 -3 56 57 28.50574846580852 0.05145219309289574
-3.25 -3 57 58 27.64297892998212 0.04714001915646025
-3.25 -3 58 59 26.80753971573276 0.04414145941855381
-3.25 -3 59 60 25.99876131113786 0.04226323613451378
-3.25 -3 60 61 25.21577388875952 0.04050447614488138
-3.25 -3 61 62 24.4575904053715 0.03763306691864477
-3.25 -3 62 63 23.72353131161499 0.03379338333611859
-3.25 -3 63 64 23.01267661921043 0.03020661600464965
-3.25 -3 64 65 22.3241154947081 0.02765460396731416
-3.25 -3 65 66 21.65684760616508 0.02481268559838137
-3.25 -3 66 67 21.00969262899652 0.02218047801665388
-3.25 -3 67 68 20.3810398017325 0.01966398157991512
-3.25 -3 68 69 19.76791796650183 0.01732059080418764
-3.25 -3 69 70 19.16184895643433 0.02901222456861823
-3.25 -3 70 71 18.56653060056689 0.01224094019257881
-3.25 -3 71 72 17.97687106620759 0.005822957361279249
-3.25 -3 72 73 17.39281993397547 0.01632383138903155
-3.25 -3 73 74 16.81479564215449 0.02457482779591048
-3.25 -3 74 75 16.24344429662502 0.02992482747035213
-3.25 -3 75 76 15.68321891882801 0.01589036245495367
-3.25 -3 76 77 15.12327885829258 0.004177795995703068
-3.25 -3 77 78 14.57454400599466 0.003620154085097876
-3.25 -3 78 79 14.03453345631632 0.002998048122591018
-3.25 -3 79 80 13.50376436680737 0.002395590898800214
-3.25 -3 80 81 12.98272831634953 0.001903412106910333
-3.25 -3 81 82 12.47186502196391 0.001582093050429829
-3.25 -3 82 83 11.97152121325521 0.001577741261025928
-3.25 -3 83 84 11.44824356964312 0.01510304726322893
-3.25 -3 84 85 10.97177434983767 0.003759440592369427
-3.25 -3 85 86 10.50699085118836 0.003946819241722225
-3.25 -3 86 87 10.05407069706519 0.007383837593627775
-3.25 -3 87 88 9.613178449971768 0.007885915599451893
-3.25 -3 88 89 9.184465720529806 0.005937553049037463
-3.25 -3 89 90 8.768022828858038 0.002185135223206832
-3.25 -3 90 91 8.363887929516189 0.003804041834177285
-3.25 -3 91 92 7.988080059564165 0.001519051523542604
-3.25 -3 92 93 7.60632893045489 0.001501479083393539
-3.25 -3 93 94 7.236999104533642 0.001481066319104657
-3.25 -3 94 95 6.879989358078684 0.003162796060115622
-3.25 -3 95 96 6.535456164647634 0.002329275042877604
-3.25 -3 96 97 6.203188597334044 0.00166136680519745
-3.25 -3 97 98 5.883082423686529 0.001375880198921396
-3.25 -3 98 99 5.57533567057303 0.00482754882380319
-3.25 -3 99 100 5.279062240612991 0.003706891724292339
-3 -2.75 50 51 34.97557150552538 0.08436230638793454
-3 -2.75 51 52 33.96823965103005 0.08375926885869037
-3 -2.75 52 53 32.98705176752581 0.08080814525139642
-3 -2.75 53 54 32.0321835438928 0.07585256306410361
-3 -2.75 54 55 31.10364855195569 0.06921136024279506
-3 -2.75 55 56 30.20123338860697 0.06164151588632944
-3 -2.75 56 57 29.32430323464395 0.05534837915826481
-3 -2.75 57 58 28.47247664165462 0.05074388123378032
-3 -2.75 58 59 27.64542291302443 0.04762262081456314
-3 -2.75 59 60 26.84274170122175 0.04577029981248208
-3 -2.75 60 61 26.06380548074875 0.04404218433204831
-3 -2.75 61 62 25.30783867973972 0.04102037343500983
-3 -2.75 62 63 24.57435735235322 0.03686391386861928
-3 -2.75 63 64 23.8626104024074 0.03298794525725848
-3 -2.75 64 65 23.17183916176886 0.03030396967987868
-3 -2.75 65 66 22.50117299083639 0.02725977728496351
-3 -2.75 66 67 21.84953833664306 0.02444280117124758
-3 -2.75 67 68 21.21540336812962 0.02174194450381227
-3 -2.75 68 69 20.59579836389177 0.01922363691986454
-3 -2.75 69 70 19.98240876381531 0.03534354270691288
-3 -2.75 70 71 19.37827525079511 0.01669461661476302
-3 -2.75 71 72 18.7786316888817 0.004535625983505001
-3 -2.75 72 73 18.18348681933614 0.01428979307243153
-3 -2.75 73 74 17.59334358579412 0.02339972550214819
-3 -2.75 74 75 17.00893878169877 0.02923866751869032
-3 -2.75 75 76 16.43069274261687 0.03338055794637092
-3 -2.75 76 77 15.86312810659896 0.01862157635206694
-3 -2.75 77 78 15.29594987277651 0.004757467630940579
-3 -2.75 78 79 14.73995693635254 0.004311281779609149
-3 -2.75 79 80 14.19266734235074 0.00381184534818133
-3 -2.75 80 81 13.65464883470238 0.0033209294553308
-3 -2.75 81 82 13.12641341449517 0.002938716653426765
-3 -2.75 82 83 12.60837281959792 0.002808776366959382
-3 -2.75 83 84 12.10093782213282 0.002732794928031885
-3 -2.75 84 85 11.6044992084683 0.002701643489030112
-3 -2.75 85 86 11.11940422721975 0.002673540903722656
-3 -2.75 86 87 10.64595672318959 0.002603095838122344
-3 -2.75 87 88 10.18440873985698 0.002499261502396602
-3 -2.75 88 89 9.734957865295092 0.002395924476648233
-3 -2.75 89 90 9.297785336307589 0.002334174328334042
-3 -2.75 90 91 8.873036679403141 0.002273037323096944
-3 -2.75 91 92 8.460818818870237 0.002212620931647561
-3 -2.75 92 93 8.061205149977123 0.002152489032262265
-3 -2.75 93 94 7.674198747505239 0.005160397409423004
-3 -2.75 94 95 7.29993972096679 0.003953007931749472
-3 -2.75 95 96 6.938790883023905 0.00894489870332245
-3 -2.75 96 97 6.589637166042071 0.006999793604984675
-3 -2.75 97 98 6.252978452090137 0.00541403241198468
-3 -2.75 98 99 5.928710201290667 0.004049606274136723
-3 -2.75 99 100 5.616703690313022 0.002871750542666036
-2.75 -2.5 50 51 34.74284908899494 0.1065041093000451
-2.75 -2.5 51 52 33.78965708210868 0.1036362006364336
-2.75 -2.5 52 53 32.85736169992003 0.09960102218321167
-2.75 -2.5 53 54 31.94663820888888 0.09454720062431302
-2.75 -2.5 54 55 31.05794822643858 0.08867070922081392
-2.75 -2.5 55 56 30.19148240730134 0.08245338852960329
-2.75 -2.5 56 57 29.34697423187058 0.07710959872444399
-2.75 -2.5 57 58 28.52436784786657 0.07278963033642302
-2.75 -2.5 58 59 27.72362397837927 0.06933336076078957
-2.75 -2.5 59 60 26.94460483968234 0.06660934790475809
-2.75 -2.5 60 61 26.18692395262869 0.06403633822094712
-2.75 -2.5 61 62 25.45002001469901 0.06087387281460854
-2.75 -2.5 62 63 24.73360384901503 0.05722803313148939
-2.75 -2.5 63 64 24.03775141257734 0.03591203673322242
-2.75 -2.5 64 65 23.36056921479653 0.03309520721080759
-2.75 -2.5 65 66 22.701969448836 0.02985578072631632
-2.75 -2.5 66 67 22.06100395135243 0.0268568113433829
-2.75 -2.5 67 68 21.4362533904988 0.02397272852256647
-2.75 -2.5 68 69 20.82482755379139 0.02127814179897097
-2.75 -2.5 69 70 20.21828815197907 0.04616957748538739
-2.75 -2.5 70 71 19.62001179066917 0.02544837255413012
-2.75 -2.5 71 72 19.0251356750729 0.007803805829059946
-2.75 -2.5 72 73 18.43372284832255 0.009122049191846043
-2.75 -2.5 73 74 17.84634105537593 0.01915972007044137
-2.75 -2.5 74 75 17.26379063918142 0.02577124843681428
-2.75 -2.5 75 76 16.68654628984372 0.03057356701352284
-2.75 -2.5 76 77 16.11528651610892 0.03434078143362611
-2.75 -2.5 77 78 15.55492473492874 0.01962426056084367
-2.75 -2.5 78 79 14.99730358612572 0.02076462397161381
-2.75 -2.5 79 80 14.44536308201747 0.003664399732023266
-2.75 -2.5 80 81 13.90493858457889 0.00260849501215836
-2.75 -2.5 81 82 13.3737731523904 0.001461582885866995
-2.75 -2.5 82 83 12.85232500447302 0.0008052419759928629
-2.75 -2.5 83 84 12.34105079824658 0.0008662675376706534
-2.75 -2.5 84 85 11.84038553171922 0.0009451596170374632
-2.75 -2.5 85 86 11.35071872571115 0.001099399359560327
-2.75 -2.5 86 87 10.8723944527666 0.001137830626642526
-2.75 -2.5 87 88 10.40570291290772 0.001098150296828399
-2.75 -2.5 88 89 9.950877344597252 0.001145980944364186
-2.75 -2.5 89 90 9.508133349421943 0.001187662283905229
-2.75 -2.5 90 91 9.077648938421207 0.001222547026954776
-2.75 -2.5 91 92 8.659561604038087 0.001251517126849292
-2.75 -2.5 92 93 8.25385335061233 0.007155885323544683
-2.75 -2.5 93 94 7.860890074057927 0.005630636887908157
-2.75 -2.5 94 95 7.481027616939148 0.01109974481259927
-2.75 -2.5 95 96 7.113171970635671 0.008740414862263216
-2.75 -2.5 96 97 6.757882356661575 0.006626482990507594
-2.75 -2.5 97 98 6.41510026313982 0.004774248661754023
-2.75 -2.5 98 99 6.084739726909945 0.003247739219891908
-2.75 -2.5 99 100 5.7666890678595 0.002128715480167261
-2.5 -2.25 50 51 33.82381533052776 0.09567535369437133
-2.5 -2.25 51 52 32.9338902198302 0.09522025559917323
-2.5 -2.25 52 53 32.05993671473036 0.09205047646880163
-2.5 -2.25 53 54 31.2030654211934 0.08654765518469222
-2.5 -2.25 54 55 30.36412990417779 0.0790671586877075
-2.5 -2.25 55 56 29.54367566794562 0.07048529578551467
-2.5 -2.25 56 57 28.74176093607012 0.06370486377910022
-2.5 -2.25 57 58 27.95861835200569 0.05967671242554353
-2.5 -2.25 58 59 27.19446799142507 0.05674714694547663
-2.5 -2.25 59 60 26.4494067481817 0.05475010150489618
-2.5 -2.25 60 61 25.72326523188073 0.05287679185138059
-2.5 -2.25 61 62 25.01567639487703 0.05009291799361446
-2.5 -2.25 62 63 24.32652773995103 0.04653335801945106
-2.5 -2.25 63 64 23.65540521630577 0.04323486310930305
-2.5 -2.25 64 65 23.00185873651631 0.04080406720670079
-2.5 -2.25 65 66 22.36529494631739 0.03816251590990783
-2.5 -2.25 66 67 21.74489205732768 0.03572677384052759
-2.5 -2.25 67 68 21.13935826509531 0.03340527356541218
-2.5 -2.25 68 69 20.54593847208997 0.03125282662224121
-2.5 -2.25 69 70 19.95643372262317 0.05313696792362629
-2.5 -2.25 70 71 19.37417362343687 0.03063292652384344
-2.5 -2.25 71 72 18.794466565184 0.02261399497694972
-2.5 -2.25 72 73 18.21742566196959 0.02322319351776251
-2.5 -2.25 73 74 17.6436637436824 0.02756351663523054
-2.5 -2.25 74 75 17.07401637624994 0.03139205081408347
-2.5 -2.25 75 76 16.50899329923118 0.03453128972940125
-2.5 -2.25 76 77 15.94930600150187 0.03719184396359838
-2.5 -2.25 77 78 15.40060191191954 0.02006266397435318
-2.5 -2.25 78 79 14.85329476435314 0.02149844433709178
-2.5 -2.25 79 80 14.31042675354526 0.01610356963629456
-2.5 -2.25 80 81 13.77925469991224 0.0152049445904983
-2.5 -2.25 81 82 13.25682634877617 0.01436252955447666
-2.5 -2.25 82 83 12.74362140418545 0.01361355329767358
-2.5 -2.25 83 84 12.24011879283584 0.01294705987360274
-2.5 -2.25 84 85 11.74677550514351 0.01231043812317054
-2.5 -2.25 85 86 11.264002262249 0.01169978215955459
-2.5 -2.25 86 87 10.79216346693651 0.01110802568292334
-2.5 -2.25 87 88 10.33156842278272 0.01053802653591448
-2.5 -2.25 88 89 9.882467797710845 0.009992183063696255
-2.5 -2.25 89 90 9.445095216041665 0.00946808798083899
-2.5 -2.25 90 91 9.01964612841341 0.008965246443313582
-2.5 -2.25 91 92 8.606277722541201 0.009914639707487237
-2.5 -2.25 92 93 8.205147806621776 0.008065948016940699
-2.5 -2.25 93 94 7.816305687005634 0.007543779961182485
-2.5 -2.25 94 95 7.439796077344656 0.00712395875698175
-2.5 -2.25 95 96 7.075631030866683 0.006722873783952292
-2.5 -2.25 96 97 6.724028188259428 0.01201810144195188
-2.5 -2.25 97 98 6.384361422106569 0.01022938135934835
-2.5 -2.25 98 99 6.056896821607836 0.008650208380090155
-2.5 -2.25 99 100 5.741534814621398 0.007283284971209229
-2.25 -2 50 51 34.25227663360465 0.1024637676477888
-2.25 -2 51 52 33.37105452573516 0.1021005927770424
-2.25 -2 52 53 32.50355289465301 0.098851190108699
-2.25 -2 53 54 31.65115921266701 0.09311465800330529
-2.25 -2 54 55 30.81497165636259 0.08526323719842088
-2.25 -2 55 56 29.99575427277196 0.0762269427697729
-2.25 -2 56 57 29.1937658877163 0.06878048907711466
-2.25 -2 57 58 28.40940944520075 0.06345425351331818
-2.25 -2 58 59 27.64305309902376 0.06000007305673306
-2.25 -2 59 60 26.8949245280681 0.05815568216183415
-2.25 -2 60 61 26.16497490088598 0.0564368728570318
-2.25 -2 61 62 25.45294161682925 0.05298354676574738
-2.25 -2 62 63 24.75880327560421 0.04798882113590913
-2.25 -2 63 64 24.08222365010133 0.04332749293979533
-2.25 -2 64 65 23.42282152967202 0.04022089821147723
-2.25 -2 65 66 22.78005718829338 0.03658024398498512
-2.25 -2 66 67 22.15314748236804 0.0332021956517416
-2.25 -2 67 68 21.54081991084001 0.02993440362420244
-2.25 -2 68 69 20.94028536714225 0.02686827719132919
-2.25 -2 69 70 20.36019281600386 0.04655669063873022
-2.25 -2 70 71 19.75026637046369 0.05544732628402552
-2.25 -2 71 72 19.16217300926354 0.03308808834871442
-2.25 -2 72 73 18.57633675147184 0.0158422099825193
-2.25 -2 73 74 17.99342529734106 0.007692039216685211
-2.25 -2 74 75 17.41432646196425 0.01198296751883394
-2.25 -2 75 76 16.83960867843116 0.01777875627522587
-2.25 -2 76 77 16.27003398177486 0.02297953050149504
-2.25 -2 77 78 15.70643517372712 0.02735860364713628
-2.25 -2 78 79 15.1495952654935 0.03097942261203896
-2.25 -2 79 80 14.60024408859883 0.03396102202901318
-2.25 -2 80 81 14.05689319877817 0.02583017528508005
-2.25 -2 81 82 13.5253314250135 0.02760937531477594
-2.25 -2 82 83 13.00286707156883 0.02858684711290587
-2.25 -2 83 84 12.49139912489377 0.001834778668481629
-2.25 -2 84 85 11.98795949728082 0.001319277625837013
-2.25 -2 85 86 11.49521057789501 0.00101669509149631
-2.25 -2 86 87 11.0135380866312 0.0009925919328828533
-2.25 -2 87 88 10.54327117023086 0.0009935666468984415
-2.25 -2 88 89 10.08417398550381 0.02035454066422096
-2.25 -2 89 90 9.637521623693726 0.01769762580955911
-2.25 -2 90 91 9.203008281504136 0.01492876829567768
-2.25 -2 91 92 8.780772167244514 0.01222344767684234
-2.25 -2 92 93 8.370697218849379 0.01410119689725344
-2.25 -2 93 94 7.973427533137226 0.01105702756669667
-2.25 -2 94 95 7.58872506828188 0.008263607455214969
-2.25 -2 95 96 7.216611678520916 0.005765929275505561
-2.25 -2 96 97 6.857076459354136 0.003786961919225327
-2.25 -2 97 98 6.510077542810635 0.002603469651384965
-2.25 -2 98 99 6.175543911061466 0.002571446085812888
-2.25 -2 99 100 5.853377220684003 0.003734281664582661
-2 -1.75 50 51 32.64363765358186 0.1014145661348805
-2 -1.75 51 52 31.86193284326686 0.1013564962141449
-2 -1.75 52 53 31.08707613736388 0.09822176898536786
-2 -1.75 53 54 30.32100677632548 0.09242825696157617
-2 -1.75 54 55 29.56532370600712 0.08436631690749534
-2 -1.75 55 56 28.82124490479978 0.07502210688438075
-2 -1.75 56 57 28.08943817949898 0.0673523503469533
-2 -1.75 57 58 27.37068352491386 0.06192609805551319
-2 -1.75 58 59 26.66569464873453 0.05848254183917924
-2 -1.75 59 60 25.97501480149819 0.05674589225084371
-2 -1.75 60 61 25.29889739606955 0.0551378857866759
-2 -1.75 61 62 24.63735956560591 0.05167947124703763
-2 -1.75 62 63 23.99062351299933 0.04657264760805219
-2 -1.75 63 64 23.35859607694853 0.04180939982799632
-2 -1.75 64 65 22.74112231193766 0.03869026509024551
-2 -1.75 65 66 22.13787701650489 0.03499384867163088
-2 -1.75 66 67 21.54828694786957 0.03224399621461486
-2 -1.75 67 68 20.97130088937095 0.02962469194986623
-2 -1.75 68 69 20.40438064683813 0.027180201578046
-2 -1.75 69 70 19.82601366394286 0.04804903106503291
-2 -1.75 70 71 19.28104055538982 0.04049379128053881
-2 -1.75 71 72 18.72240652367435 0.01856618078711774
-2 -1.75 72 73 18.16479313845377 0.01785629888990704
-2 -1.75 73 74 17.60889262292164 0.02458563712975256
-2 -1.75 74 75 17.05561865800613 0.0300770805165287
-2 -1.75 75 76 16.50554815257731 0.03479022559368136
-2 -1.75 76 77 15.95946592359535 0.04000924271775674
-2 -1.75 77 78 15.41823453573598 0.0442392221545209
-2 -1.75 78 79 14.88661610635541 0.02268254715085233
-2 -1.75 79 80 14.35663312623228 0.02441417040308155
-2 -1.75 80 81 13.83359416970745 0.02583698667171296
-2 -1.75 81 82 13.31676701281633 0.008450695911161717
-2 -1.75 82 83 12.81057494009535 0.007778282436422716
-2 -1.75 83 84 12.3132014377836 0.007218542755220819
-2 -1.75 84 85 11.82515976874644 0.006723748160953836
-2 -1.75 85 86 11.34691492965597 0.006248004966683506
-2 -1.75 86 87 10.87888348791558 0.005765993114547709
-2 -1.75 87 88 10.42142559042416 0.005280607990350803
-2 -1.75 88 89 9.97484102385884 0.004821123621268872
-2 -1.75 89 90 9.539409684090153 0.004391570887325529
-2 -1.75 90 91 9.115371163990499 0.00398963765619444
-2 -1.75 91 92 8.702616051149381 0.01249276651732315
-2 -1.75 92 93 8.301972537656386 0.01033016474688775
-2 -1.75 93 94 7.913210279420284 0.008315739289593876
-2 -1.75 94 95 7.537164864222788 0.01644172563193073
-2 -1.75 95 96 7.172230495878846 0.01328860383000545
-2 -1.75 96 97 6.81931333142631 0.01041942621564829
-2 -1.75 97 98 6.478399423879255 0.007851343948995504
-2 -1.75 98 99 6.149445140754784 0.005776148129930208
-2 -1.75 99 100 5.832378949771487 0.003916423602773171
-1.75 -1.5 50 51 32.51359638573848 0.09699222570274726
-1.75 -1.5 51 52 31.71732210367495 0.09719114299792499
-1.75 -1.5 52 53 30.92852982437455 0.09420633110374461
-1.75 -1.5 53 54 30.1491711214619 0.08846508782690382
-1.75 -1.5 54 55 29.38085019334488 0.08037107909144611
-1.75 -1.5 55 56 28.62478388301818 0.07095580559646593
-1.75 -1.5 56 57 27.88163127789434 0.06330655937916907
-1.75 -1.5 57 58 27.1521608804342 0.05800959819687337
-1.75 -1.5 58 59 26.43707273502699 0.05478678587541418
-1.75 -1.5 59 60 25.73689358309159 0.05335017178494483
-1.75 -1.5 60 61 25.05184880980534 0.05204197438249798
-1.75 -1.5 61 62 24.3819179935323 0.04878091143804092
-1.75 -1.5 62 63 23.72730469738082 0.04377622937682233
-1.75 -1.5 63 64 23.08788323164036 0.03912281274507148
-1.75 -1.5 64 65 22.46346756448919 0.03618342748257085
-1.75 -1.5 65 66 21.85370128363202 0.03263165952646177
-1.75 -1.5 66 67 21.25797970091007 0.02934471016621321
-1.75 -1.5 67 68 20.67522797614515 0.02616909122626442
-1.75 -1.5 68 69 20.10290330908818 0.02319205032718747
-1.75 -1.5 69 70 19.52426749318751 0.05349508999958118
-1.75 -1.5 70 71 18.97630788251594 0.04520677145908984
-1.75 -1.5 71 72 18.41337345143481 0.02081356442084041
-1.75 -1.5 72 73 17.8520940938658 0.01137395390468688
-1.75 -1.5 73 74 17.2931775076618 0.0207966638593884
-1.75 -1.5 74 75 16.73753305003481 0.02855817428695484
-1.75 -1.5 75 76 16.18575159965919 0.03576273398164818
-1.75 -1.5 76 77 15.63861384393423 0.04171644607513699
-1.75 -1.5 77 78 15.09696482654291 0.04657603347906431
-1.75 -1.5 78 79 14.5630358923681 0.02490953192907321
-1.75 -1.5 79 80 14.03403357641085 0.02700071659610974
-1.75 -1.5 80 81 13.50947722774267 0.007811065611946311
-1.75 -1.5 81 82 12.99717123244606 0.007760758791598312
-1.75 -1.5 82 83 12.49366134107202 0.007791171511366591
-1.75 -1.5 83 84 11.99946140431445 0.00781520700362886
-1.75 -1.5 84 85 11.51505727334583 0.00778364583500266
-1.75 -1.5 85 86 11.04088591895417 0.007674851237464167
-1.75 -1.5 86 87 10.5773353712585 0.007486077411072954
-1.75 -1.5 87 88 10.12473742656645 0.007245973113639712
-1.75 -1.5 88 89 9.683363698812073 0.007006796327449783
-1.75 -1.5 89 90 9.253465017655149 0.006774890388600288
-1.75 -1.5 90 91 8.835251861438408 0.006547388155238102
-1.75 -1.5 91 92 8.428891871932823 0.006314201024864019
-1.75 -1.5 92 93 8.034410966732814 0.01261338173619887
-1.75 -1.5 93 94 7.652168388585569 0.01037879138053114
-1.75 -1.5 94 95 7.282069920290624 0.008299826313103874
-1.75 -1.5 95 96 6.925342659645334 0.01586657233293513
-1.75 -1.5 96 97 6.579353930215582 0.01296593956240307
-1.75 -1.5 97 98 6.245476161936843 0.01068145751259988
-1.75 -1.5 98 99 5.923640742256865 0.008664236522072963
-1.75 -1.5 99 100 5.613752150303194 0.006937298096320055
-1.5 -1.25 50 51 30.99086118135369 0.1093711067784231
-1.5 -1.25 51 52 30.26495418885105 0.1080832224067256
-1.5 -1.25 52 53 29.54201691158073 0.105030272955408
-1.5 -1.25 53 54 28.8243625621659 0.1004393455558641
-1.5 -1.25 54 55 28.11392340597095 0.09459982223992533
-1.5 -1.25 55 56 27.41221710213193 0.08819774252043341
-1.5 -1.25 56 57 26.72018626485885 0.08291808734991239
-1.5 -1.25 57 58 26.03884976857552 0.07895430071922839
-1.5 -1.25 58 59 25.36913251782588 0.07607499362835153
-1.5 -1.25 59 60 24.71176628201479 0.0740971253581592
-1.5 -1.25 60 61 24.06717786803702 0.0722277680992478
-1.5 -1.25 61 62 23.43553478105095 0.06945772391466301
-1.5 -1.25 62 63 22.81719740799187 0.06594492751965431
-1.5 -1.25 63 64 22.21219466305521 0.06270881569930808
-1.5 -1.25 64 65 21.62048388240092 0.06029573603074086
-1.5 -1.25 65 66 21.04184156178825 0.05769418894664327
-1.5 -1.25 66 67 20.47579247797731 0.05529035838136596
-1.5 -1.25 67 68 19.92140331518681 0.05299768728258935
-1.5 -1.25 68 69 19.37631411782637 0.05085860503462688
-1.5 -1.25 69 70 18.83613362442416 0.04883856816431791
-1.5 -1.25 70 71 18.29711555383237 0.06653016598734818
-1.5 -1.25 71 72 17.75954762158071 0.05115347371857557
-1.5 -1.25 72 73 17.22305390248846 0.04280764519442538
-1.5 -1.25 73 74 16.68835744869031 0.04083231939262103
-1.5 -1.25 74 75 16.15636976810025 0.04170092139927058
-1.5 -1.25 75 76 15.62768495489154 0.04355715321735529
-1.5 -1.25 76 77 15.10308541457448 0.04581957286885798
-1.5 -1.25 77 78 14.58341569275551 0.04810525654786531
-1.5 -1.25 78 79 14.06999561851767 0.04407159235136528
-1.5 -1.25 79 80 13.56246955132875 0.04838814219354332
-1.5 -1.25 80 81 13.0641552126972 0.029390269957196
-1.5 -1.25 81 82 12.56831820458522 0.002126861935254249
-1.5 -1.25 82 83 12.08377021810563 0.001082743007695971
-1.5 -1.25 83 84 11.60798401283211 0.001106934800407655
-1.5 -1.25 84 85 11.14144690924777 0.001581176527629641
-1.5 -1.25 85 86 10.68459788547892 0.00184985730575324
-1.5 -1.25 86 87 10.23782748070619 0.001916557221431211
-1.5 -1.25 87 88 9.801470535869285 0.0018253170521134
-1.5 -1.25 88 89 9.375802026998826 0.001734867736890684
-1.5 -1.25 89 90 8.961077034026221 0.001666454752641929
-1.5 -1.25 90 91 8.557510884960557 0.001610772120457954
-1.5 -1.25 91 92 8.165008906370929 0.01593567686941745
-1.5 -1.25 92 93 7.784292174649295 0.01345933982889357
-1.5 -1.25 93 94 7.415158853841312 0.01113217893502249
-1.5 -1.25 94 95 7.057668875278249 0.008983190670842276
-1.5 -1.25 95 96 6.712841629601069 0.01668546896658706
-1.5 -1.25 96 97 6.37853187919174 0.01358678824139743
-1.5 -1.25 97 98 6.055850470961264 0.0107771935682066
-1.5 -1.25 98 99 5.744738434236879 0.008272748584013213
-1.5 -1.25 99 100 5.445110318420173 0.006103831785764054
-1.25 -1 50 51 31.17271710874991 0.1129794355696776
-1.25 -1 51 52 30.453721673388 0.1132518151020731
-1.25 -1 52 53 29.73621144895966 0.1100294841411597
-1.25 -1 53 54 29.02268216384576 0.1037725117226765
-1.25 -1 54 55 28.31522705173319 0.09491187084472129
-1.25 -1 55 56 27.61550841970561 0.08523173112028698
-1.25 -1 56 57 26.92460502352671 0.07903640642251063
-1.25 -1 57 58 26.2436475865305 0.07436370500291729
-1.25 -1 58 59 25.57365668153068 0.07099442160795118
-1.25 -1 59 60 24.91544823349483 0.06874329361347961
-1.25 -1 60 61 24.26952395814754 0.06663318847964832
-1.25 -1 61 62 23.63611412964514 0.06337755694755658
-1.25 -1 62 63 23.01563731772917 0.05912616186264005
-1.25 -1 63 64 22.40816914916893 0.05516965831495709
-1.25 -1 64 65 21.81370845446419 0.0522712354939902
-1.25 -1 65 66 21.23206618000212 0.04907413229882376
-1.25 -1 66 67 20.66279518677329 0.04610470722477476
-1.25 -1 67 68 20.10498567390114 0.04324623787682653
-1.25 -1 68 69 19.55628375726133 0.04056938603142798
-1.25 -1 69 70 19.01228126608686 0.03803872322767471
-1.25 -1 70 71 18.46675994254788 0.07253165426093551
-1.25 -1 71 72 17.9250420392209 0.0472526067283555
-1.25 -1 72 73 17.38420725093387 0.0332029237527459
-1.25 -1 73 74 16.84500491694102 0.02706021748295247
-1.25 -1 74 75 16.30837323899202 0.02635699422457682
-1.25 -1 75 76 15.77492899391534 0.02810259906889515
-1.25 -1 76 77 15.24547907650735 0.03091975545606363
-1.25 -1 77 78 14.72089149425525 0.0352875596030239
-1.25 -1 78 79 14.20198181970979 0.04075699664560798
-1.25 -1 79 80 13.68950929582626 0.04536272185733999
-1.25 -1 80 81 13.1841776617328 0.04927554542458139
-1.25 -1 81 82 12.68692605555604 0.01821579633865579
-1.25 -1 82 83 12.19739192722912 0.01716681842945153
-1.25 -1 83 84 11.71666696431538 0.0162277046601629
-1.25 -1 84 85 11.24525208980131 0.01535398437289409
-1.25 -1 85 86 10.7835986356305 0.01452440062706475
-1.25 -1 86 87 10.29425865841042 0.02896623404432181
-1.25 -1 87 88 9.855717790682455 0.02740689839173184
-1.25 -1 88 89 9.460936156731613 0.01219620965999774
-1.25 -1 89 90 9.041801596378697 0.01148998494386156
-1.25 -1 90 91 8.633944294234283 0.010815588743015
-1.25 -1 91 92 8.237543040440944 0.01017246785323495
-1.25 -1 92 93 7.853127231569214 0.02522426850389178
-1.25 -1 93 94 7.480011222517152 0.02126489068418456
-1.25 -1 94 95 7.118656868425241 0.01754520335690228
-1.25 -1 95 96 6.769097789584468 0.01408476667831157
-1.25 -1 96 97 6.431334957823218 0.01164999486995347
-1.25 -1 97 98 6.105338553544801 0.00960329717198577
-1.25 -1 98 99 5.791049830606937 0.007876377615989479
-1.25 -1 99 100 5.488382981952743 0.006516256158856214
-1 -0.75 50 51 30.72823666844891 0.120874230685289
-1 -0.75 51 52 30.01558288494027 0.1210438109280593
-1 -0.75 52 53 29.30391694255837 0.1176041319057757
-1 -0.75 53 54 28.5958038166296 0.1110275596635758
-1 -0.75 54 55 27.8933970520759 0.1017568058129083
-1 -0.75 55 56 27.19840992680486 0.09094537260742165
-1 -0.75 56 57 26.51196011510081 0.08209905696387712
-1 -0.75 57 58 25.83521724959922 0.07590277779400077
-1 -0.75 58 59 25.169237702359 0.07205646341559376
-1 -0.75 59 60 24.5148683395997 0.07023997364914017
-1 -0.75 60 61 23.87263864510791 0.06855624257219586
-1 -0.75 61 62 23.24280129398309 0.06460916303822223
-1 -0.75 62 63 22.62579670304771 0.05863166079292415
-1 -0.75 63 64 22.0217217378359 0.05303830372707348
-1 -0.75 64 65 21.43059518462124 0.04941683757912665
-1 -0.75 65 66 20.85224680981966 0.04506313017947111
-1 -0.75 66 67 20.2862492162493 0.04100791865861409
-1 -0.75 67 68 19.73172091991471 0.03705902472983235
-1 -0.75 68 69 19.18635811680274 0.03333250107382479
-1 -0.75 69 70 18.64584655440434 0.02979634093195708
-1 -0.75 70 71 18.10186655412009 0.07150378066934732
-1 -0.75 71 72 17.56430010880358 0.04119794067654451
-1 -0.75 72 73 17.02790202752249 0.01581642536071077
-1 -0.75 73 74 16.49342433680481 0.005788933991954228
-1 -0.75 74 75 15.96179645726465 0.0154482441024513
-1 -0.75 75 76 15.43363366006716 0.025231423942282
-1 -0.75 76 77 14.90973386322698 0.03343873636551512
-1 -0.75 77 78 14.39095009066824 0.04030468247789452
-1 -0.75 78 79 13.87808216049674 0.04604818784957001
-1 -0.75 79 80 13.37187280063383 0.05087112846076976
-1 -0.75 80 81 12.87783894071885 0.03401391665875354
-1 -0.75 81 82 12.38339170758105 0.004459217141327989
-1 -0.75 82 83 11.90061391307943 0.003410482594257739
-1 -0.75 83 84 11.4268049652667 0.002744449298259608
-1 -0.75 84 85 10.96244681209582 0.002393573937443145
-1 -0.75 85 86 10.50797180274732 0.002248035551195857
-1 -0.75 86 87 10.0637626516553 0.002126366245055437
-1 -0.75 87 88 9.630146008066227 0.002023721997336251
-1 -0.75 88 89 9.20738821674972 0.001944070788719698
-1 -0.75 89 90 8.795734014043056 0.001881820467289632
-1 -0.75 90 91 8.395387597992684 0.001833626197870447
-1 -0.75 91 92 8.006510500629116 0.00179763961310728
-1 -0.75 92 93 7.628801680227507 0.01668037365391767
-1 -0.75 93 94 7.263271211379944 0.01408038052942985
-1 -0.75 94 95 6.909757641543457 0.02111914421706869
-1 -0.75 95 96 6.567640468889806 0.0174095352762185
-1 -0.75 96 97 6.237253467178444 0.01398109522554224
-1 -0.75 97 98 5.918553754505815 0.01084199067174601
-1 -0.75 98 99 5.611470316404183 0.007997171068836026
-1 -0.75 99 100 5.315905890610399 0.005454346504112992
-0.75 -0.5 50 51 29.93279298775229 0.1210806125806893
-0.75 -0.5 51 52 29.25222910168975 0.1214156488769407
-0.75 -0.5 52 53 28.57067098505476 0.1180585950196342
-0.75 -0.5 53 54 27.8908464278723 0.1114902392215025
-0.75 -0.5 54 55 27.21505595055692 0.103244542873275
-0.75 -0.5 55 56 26.54514701165624 0.09562388389877217
-0.75 -0.5 56 57 25.88236335090053 0.08927740326468128
-0.75 -0.5 57 58 25.22798511441346 0.0844957406656229
-0.75 -0.5 58 59 24.58316735433451 0.0810443820047993
-0.75 -0.5 59 60 23.94884641074626 0.07872557270926893
-0.75 -0.5 60 61 23.32563824745753 0.0765399673096176
-0.75 -0.5 61 62 22.71387487300981 0.07318559662435456
-0.75 -0.5 62 63 22.11406456311735 0.06882620211243284
-0.75 -0.5 63 64 21.52637066816879 0.06477043944713054
-0.75 -0.5 64 65 20.9508738579996 0.06177976578457595
-0.75 -0.5 65 66 20.38746264071003 0.05849379189189094
-0.75 -0.5 66 67 19.83576853641644 0.05543983273536578
-0.75 -0.5 67 68 19.29497835905426 0.05250144236530913
-0.75 -0.5 68 69 18.76288238923019 0.04974750838376318
-0.75 -0.5 69 70 18.23529917148083 0.04714058081014233
-0.75 -0.5 70 71 17.70467315936578 0.0810579935009182
-0.75 -0.5 71 72 17.1795333319338 0.05641108770053337
-0.75 -0.5 72 73 16.65538056453781 0.04216665148253535
-0.75 -0.5 73 74 16.1329713246331 0.03580771877797708
-0.75 -0.5 74 75 15.61323240770886 0.03459236389717375
-0.75 -0.5 75 76 15.09678016523871 0.03578252488609605
-0.75 -0.5 76 77 14.58441030460253 0.03817139991694672
-0.75 -0.5 77 78 14.07697082824525 0.04099240389298399
-0.75 -0.5 78 79 13.57525656455165 0.04382598789797891
-0.75 -0.5 79 80 13.08000524808241 0.0484615290821527
-0.75 -0.5 80 81 12.5918985408839 0.05297212827514983
-0.75 -0.5 81 82 12.11264873952765 0.02591064340119088
-0.75 -0.5 82 83 11.64023713083266 0.02468143901941058
-0.75 -0.5 83 84 11.1765785690635 0.02355328372223056
-0.75 -0.5 84 85 10.7221508918656 0.02249591360627822
-0.75 -0.5 85 86 10.27738266426664 0.02148797461515322
-0.75 -0.5 86 87 9.842653137862925 0.02050994869679544
-0.75 -0.5 87 88 9.418285967532384 0.01956156658354225
-0.75 -0.5 88 89 9.004544881087398 0.01864345680355075
-0.75 -0.5 89 90 8.601672313149457 0.01775522800397238
-0.75 -0.5 90 91 8.209870544307293 0.01689668186252825
-0.75 -0.5 91 92 7.829299620410477 0.01606772970337525
-0.75 -0.5 92 93 7.459703128761884 0.0168037340541091
-0.75 -0.5 93 94 7.102347725760154 0.02507945507611334
-0.75 -0.5 94 95 6.756070482597927 0.02212772081412675
-0.75 -0.5 95 96 6.421296737330412 0.01942031486142237
-0.75 -0.5 96 97 6.098014175276877 0.01697969974428869
-0.75 -0.5 97 98 5.786180882733941 0.01482485681653137
-0.75 -0.5 98 99 5.485727225771495 0.01297158612239986
-0.75 -0.5 99 100 5.196557721918737 0.01143155305003337
-0.5 -0.25 50 51 29.7976666973139 0.1304433714247434
-0.5 -0.25 51 52 29.1282623955565 0.1283360830516511
-0.5 -0.25 52 53 28.45683585124533 0.1243243941270213
-0.5 -0.25 53 54 27.78621586322086 0.1186254627270213
-0.5 -0.25 54 55 27.11879320658423 0.1115239132047713
-0.5 -0.25 55 56 26.45649686168352 0.1037534304396469
-0.5 -0.25 56 57 25.80064608509986 0.09722753252263408
-0.5 -0.25 57 58 25.15258617991694 0.09220677852020655
-0.5 -0.25 58 59 24.51352971757049 0.0884605554823872
-0.5 -0.25 59 60 23.88446460944769 0.08579987063325344
-0.5 -0.25 60 61 23.26605551759519 0.0832862518555294
-0.5 -0.25 61 62 22.65867799573604 0.0796939406427257
-0.5 -0.25 62 63 22.06287805627741 0.07518020146775141
-0.5 -0.25 63 64 21.47885420434545 0.07097623143835828
-0.5 -0.25 64 65 20.90671920810443 0.06778737162727966
-0.5 -0.25 65 66 20.34639000479974 0.06434316114597456
-0.5 -0.25 66 67 19.79752394687472 0.06113389958904897
-0.5 -0.25 67 68 19.25933307637935 0.0580497380402074
-0.5 -0.25 68 69 18.72963087198362 0.05515155706970976
-0.5 -0.25 69 70 18.20425781914008 0.05240124416386617
-0.5 -0.25 70 71 17.67647496947077 0.08058185472195388
-0.5 -0.25 71 72 17.15320905139241 0.05899989768803569
-0.5 -0.25 72 73 16.63078816993803 0.04580713965955159
-0.5 -0.25 73 74 16.10997984110135 0.04032665953303043
-0.5 -0.25 74 75 15.59172007429873 0.03944844534770078
-0.5 -0.25 75 76 15.07663376537043 0.04062761479455498
-0.5 -0.25 76 77 14.56552518532175 0.04284205117923443
-0.5 -0.25 77 78 14.05925009081092 0.04543430130120115
-0.5 -0.25 78 79 13.55861066994007 0.0480375111995085
-0.5 -0.25 79 80 13.0643515598173 0.05081762340652431
-0.5 -0.25 80 81 12.57716088818204 0.05539193468162146
-0.5 -0.25 81 82 12.09818432650659 0.02927204788567652
-0.5 -0.25 82 83 11.62657481271545 0.02789585828076674
-0.5 -0.25 83 84 11.16365882375298 0.0266167909184498
-0.5 -0.25 84 85 10.70991905971686 0.02540839358672181
-0.5 -0.25 85 86 10.26578862609357 0.02424195702319542
-0.5 -0.25 86 87 9.831650983223355 0.02311150935093249
-0.5 -0.25 87 88 9.407833763773922 0.02201673165266023
-0.5 -0.25 88 89 8.994604386960646 0.0209580643587451
-0.5 -0.25 89 90 8.592208653427363 0.01993506789138455
-0.5 -0.25 90 91 8.200851929143887 0.01894746435238893
-0.5 -0.25 91 92 7.82069710745575 0.01799505697617474
-0.5 -0.25 92 93 7.451545256725428 0.01753810327238101
-0.5 -0.25 93 94 7.094200812875595 0.0161202756957182
-0.5 -0.25 94 95 6.748902393407537 0.02403464762755069
-0.5 -0.25 95 96 6.414438085649785 0.0212144735615714
-0.5 -0.25 96 97 6.091447511833604 0.01866137671164452
-0.5 -0.25 97 98 5.77989038102411 0.0163917990027518
-0.5 -0.25 98 99 5.478433319013753 0.008765528249121631
-0.5 -0.25 99 100 5.189558722470238 0.006115270338677957
-0.25 0 50 51 29.93991312245575 0.1275562879201637
-0.25 0 51 52 29.26514878464195 0.125726730965796
-0.25 0 52 53 28.58843737134168 0.1219053016175756
-0.25 0 53 54 27.91262089770711 0.1163222483607174
-0.25 0 54 55 27.2401007960992 0.1092723459997743
-0.25 0 55 56 26.57281428971285 0.1015122260229166
-0.25 0 56 57 25.91208614045215 0.09502519791155356
-0.25 0 57 58 25.25926636853765 0.09008592298152826
-0.25 0 58 59 24.61557124776192 0.08645755190152825
-0.25 0 59 60 23.98199117128667 0.08394409934492912
-0.25 0 60 61 23.35919152039665 0.08157036929053263
-0.25 0 61 62 22.74754671525116 0.07806528001526404
-0.25 0 62 63 22.14760313276915 0.07359261543836103
-0.25 0 63 64 21.55955745238211 0.06943083659469065
-0.25 0 64 65 20.98352040341311 0.06631468176590211
-0.25 0 65 66 20.41940603561308 0.0629246587689905
-0.25 0 66 67 19.8668678725178 0.05977142245193519
-0.25 0 67 68 19.32511330456995 0.05674231066502475
-0.25 0 68 69 18.79194730264166 0.05390247816359826
-0.25 0 69 70 18.26319782065593 0.05121365799138732
-0.25 0 70 71 17.73161166196775 0.08132937106205092
-0.25 0 71 72 17.20514868433862 0.05861737999652286
-0.25 0 72 73 16.67961198681553 0.04509750661043777
-0.25 0 73 74 16.15577279401255 0.03947668284647164
-0.25 0 74 75 15.63457086067876 0.03863767680189383
-0.25 0 75 76 15.11663362102057 0.0399346337471542
-0.25 0 76 77 14.602768279044 0.0422914837907114
-0.25 0 77 78 14.09383316859471 0.0450236540791794
-0.25 0 78 79 13.59063257367066 0.04775417434870506
-0.25 0 79 80 13.0939127236244 0.05136435198015356
-0.25 0 80 81 12.60436285916258 0.05599756243917253
-0.25 0 81 82 12.12344121589362 0.0289233779070555
-0.25 0 82 83 11.64966366939336 0.02760957589805039
-0.25 0 83 84 11.18468305359999 0.02639103486607943
-0.25 0 84 85 10.7289815242958 0.02524005088098502
-0.25 0 85 86 10.2829912933472 0.0241270083708342
-0.25 0 86 87 9.802293855934842 0.03856756167108425
-0.25 0 87 88 9.379469241220114 0.03592678219945859
-0.25 0 88 89 9.006825896773378 0.0209820948380952
-0.25 0 89 90 8.60296333229202 0.01999863541329935
-0.25 0 90 91 8.210232960755022 0.01904733266467881
-0.25 0 91 92 7.828795200160386 0.01812809596331092
-0.25 0 92 93 7.458223039600941 0.01820430132580505
-0.25 0 93 94 7.099778134589247 0.01636888982268237
-0.25 0 94 95 6.753502045850279 0.02427911831285028
-0.25 0 95 96 6.418097533885739 0.02146631792984964
-0.25 0 96 97 6.094242461486612 0.01892394211219688
-0.25 0 97 98 5.781893351015878 0.01666850713730572
-0.25 0 98 99 5.481542080534759 0.008815295325764645
-0.25 0 99 100 5.191947508337176 0.006141080287411429
0 0.25 50 51 29.94510053874146 0.1275576742810337
0 0.25 51 52 29.27001307538586 0.125728080298525
0 0.25 52 53 28.59300028409777 0.1219065594460976
0 0.25 53 54 27.91690260923528 0.1163233719969203
0 0.25 54 55 27.24412002536644 0.1092733035231543
0 0.25 55 56 26.57658839328326 0.1015130062638685
0 0.25 56 57 25.91563117833726 0.09502584049240992
0 0.25 57 58 25.26259724087458 0.09008647252901286
0 0.25 58 59 24.61870179520358 0.08645804443330175
0 0.25 59 60 23.98493425344407 0.08394456342765362
0 0.25 60 61 23.36195906852308 0.08157080814079302
0 0.25 61 62 22.75014979472974 0.07806566754180225
0 0.25 62 63 22.15005203915075 0.07359293127473759
0 0.25 63 64 21.56186174607831 0.06943109017097791
0 0.25 64 65 20.98568896566979 0.06631489792704663
0 0.25 65 66 20.42144711239172 0.06292483309120306
0 0.25 66 67 19.86878910630361 0.0597715611732156
0 0.25 67 68 19.32692174010042 0.05674241760558595
0 0.25 68 69 18.79364931850435 0.05390255825555962
0 0.25 69 70 18.26479901960913 0.05121371537772316
0 0.25 70 71 17.73311694565625 0.0813290677618826
0 0.25 71 72 17.20656282212452 0.0586170220088372
0 0.25 72 73 16.6809393924964 0.04509724518166013
0 0.25 73 74 16.15701769809414 0.0394766256830117
0 0.25 74 75 15.63573733843396 0.03863779780054538
0 0.25 75 76 15.11772557853512 0.03993487038215905
0 0.25 76 77 14.60378947436118 0.04229178291377314
0 0.25 77 78 14.09478722437861 0.04502397588238331
0 0.25 78 79 13.59152297992536 0.04775449318778105
0 0.25 79 80 13.09474284040989 0.05136464660114633
0 0.25 80 81 12.60513591924573 0.05599782077509465
0 0.25 81 82 12.12416026085533 0.02892337119155499
0 0.25 82 83 11.65033173822314 0.02760957175878615
0 0.25 83 84 11.18530300763781 0.02639103322840385
0 0.25 84 85 10.72955610883622 0.02524005159737966
0 0.25 85 86 10.2835231401511 0.02412700942495243
0 0.25 86 87 9.802785516865704 0.03856161979164471
0 0.25 87 88 9.379923137694583 0.03592150110657517
0 0.25 88 89 9.00724422058876 0.02098209684472089
0 0.25 89 90 8.603348356861645 0.01999863772191952
0 0.25 90 91 8.21058678677143 0.01904733525796616
0 0.25 91 92 7.829119830179316 0.01812809882613243
0 0.25 92 93 7.458520380706283 0.01820430427442444
0 0.25 93 94 7.100050001049567 0.01636889316956704
0 0.25 94 95 6.753750186679277 0.0242789546500618
0 0.25 95 96 6.418323556657445 0.02146615704416534
0 0.25 96 97 6.09444791820496 0.01892378995459778
0 0.25 97 98 5.782079711546231 0.01666836942768205
0 0.25 98 99 5.481710735250246 0.008815098531625678
0 0.25 99 100 5.192099770833849 0.006140881464517397
0.25 0.5 50 51 29.81298589234208 0.1304466939227325
0.25 0.5 51 52 29.14263140124615 0.1283393524032705
0.25 0.5 52 53 28.47031832104921 0.1243274562366554
0.25 0.5 53 54 27.79887089168088 0.1186281951748729
0.25 0.5 54 55 27.13067565092348 0.1115262241102483
0.25 0.5 55 56 26.46765761375738 0.1037552866582938
0.25 0.5 56 57 25.81113225895234 0.09722904017366876
0.25 0.5 57 58 25.16244150592055 0.09220805637698433
0.25 0.5 58 59 24.52279483224103 0.08846169855698711
0.25 0.5 59 60 23.8931772821241 0.08580095412904959
0.25 0.5 60 61 23.27425080251922 0.08328728287413345
0.25 0.5 61 62 22.66638841313858 0.0796948466411958
0.25 0.5 62 63 22.07013387196452 0.07518092597623641
0.25 0.5 63 64 21.48568353076749 0.07097679911882755
0.25 0.5 64 65 20.91314816705197 0.06778784823896802
0.25 0.5 65 66 20.35244285417194 0.0643435337442112
0.25 0.5 66 67 19.80322317166208 0.06113418450586362
0.25 0.5 67 68 19.26469940151067 0.05804994510679407
0.25 0.5 68 69 18.73468305439359 0.05515169922996822
0.25 0.5 69 70 18.20901231946229 0.05240133226285891
0.25 0.5 70 71 17.68094633691875 0.08057657911869409
0.25 0.5 71 72 17.15741112477424 0.05899539969644829
0.25 0.5 72 73 16.63473391623721 0.04580441984829915
0.25 0.5 73 74 16.11368169316566 0.04032614811054012
0.25 0.5 74 75 15.59519001266109 0.0394496326031731
0.25 0.5 75 76 15.07988327727321 0.04062990379896324
0.25 0.5 76 77 14.56856532623642 0.04284497908241466
0.25 0.5 77 78 14.06209152099322 0.04543753065692359
0.25 0.5 78 79 13.56126366237343 0.04804082557552445
0.25 0.5 79 80 13.06682600785346 0.05082087064820794
0.25 0.5 80 81 12.57946631309141 0.05539493055801582
0.25 0.5 81 82 12.10032961816253 0.02927202119601967
0.25 0.5 82 83 11.62856900189184 0.02789584229079565
0.25 0.5 83 84 11.16551034444122 0.02661678454655639
0.25 0.5 84 85 10.71163600625817 0.02540839569979963
0.25 0.5 85 86 10.2673787603817 0.02424196011775834
0.25 0.5 86 87 9.833121741844536 0.02311151341362401
0.25 0.5 87 88 9.40919226393796 0.02201673661362249
0.25 0.5 88 89 8.995857432309919 0.02095807024974256
0.25 0.5 89 90 8.593362744501128 0.01993507467901768
0.25 0.5 90 91 8.201913271162752 0.01894747198954718
0.25 0.5 91 92 7.821671617563645 0.01799506542333377
0.25 0.5 92 93 7.452438571785464 0.01753811223576812
0.25 0.5 93 94 7.09501829712492 0.01612028564839588
0.25 0.5 94 95 6.749649246769323 0.02403493858609481
0.25 0.5 95 96 6.415119035297309 0.02121467359564447
0.25 0.5 96 97 6.092067151347944 0.01866150424029659
0.25 0.5 97 98 5.780453062342872 0.01639187117000302
0.25 0.5 98 99 5.478943160242306 0.008765581932031639
0.25 0.5 99 100 5.19001961570245 0.006115285957371283
0.5 0.75 50 51 29.95696976226927 0.1210846221134565
0.5 0.75 51 52 29.27491305051643 0.1214196183359035
0.5 0.75 52 53 28.59196158957837 0.1180623390498882
0.5 0.75 53 54 27.91083609609748 0.1114936075630566
0.5 0.75 54 55 27.23383050998083 0.1032473865338457
0.5 0.75 55 56 26.56278612528206 0.09562610200983837
0.5 0.75 56 57 25.89894080097096 0.08927914894180584
0.5 0.75 57 58 25.24356941595016 0.08449718668559607
0.5 0.75 58 59 24.59782220398654 0.08104566598359619
0.5 0.75 59 60 23.96263103660718 0.07872680345462194
0.5 0.75 60 61 23.33860764222788 0.07654115172533048
0.5 0.75 61 62 22.72608007366736 0.07318662105505214
0.5 0.75 62 63 22.1255530865258 0.06882697756804426
0.5 0.75 63 64 21.53718666515519 0.06477100124513542
0.5 0.75 64 65 20.96105836600607 0.06178021187169758
0.5 0.75 65 66 20.39705378050164 0.05849410113680543
0.5 0.75 66 67 19.84480165261721 0.05544002841139914
0.5 0.75 67 68 19.30348603816971 0.05250153835726284
0.5 0.75 68 69 18.77089412838183 0.0497475233858024
0.5 0.75 69 70 18.24284085346052 0.04714053055613376
0.5 0.75 70 71 17.71176803501551 0.08104958936929622
0.5 0.75 71 72 17.1862027470423 0.05640346058836988
0.5 0.75 72 73 16.6616449056137 0.04216163597243122
0.5 0.75 73 74 16.13885014277243 0.03580629157821431
0.5 0.75 74 75 15.61874454860791 0.03459387392913425
0.5 0.75 75 76 15.1019437019513 0.0357859340989674
0.5 0.75 76 77 14.58924263564754 0.0381758528466907
0.5 0.75 77 78 14.0814887356875 0.04099729353101804
0.5 0.75 78 79 13.57947622597433 0.04383094466079288
0.5 0.75 79 80 13.08394224811788 0.04846614653109082
0.5 0.75 80 81 12.59556788263198 0.05297633679138516
0.5 0.75 81 82 12.11606427567657 0.02591056968529011
0.5 0.75 82 83 11.64341327151994 0.02468139211255197
0.5 0.75 83 84 11.17952861435333 0.02355325958955629
0.5 0.75 84 85 10.72488760994467 0.02249591748503624
0.5 0.75 85 86 10.27991830245035 0.02148798020256799
0.5 0.75 86 87 9.844999433548075 0.02050995596632231
0.5 0.75 87 88 9.420454157157948 0.01956157540986035
0.5 0.75 88 89 9.00654570899804 0.0186434672386806
0.5 0.75 89 90 8.6035160478989 0.01775523998603354
0.5 0.75 90 91 8.211566990669098 0.01689669530628763
0.5 0.75 91 92 7.830858130617006 0.01606774453607817
0.5 0.75 92 93 7.461132614512145 0.01680374870868143
0.5 0.75 93 94 7.103656902129547 0.0250795937622214
0.5 0.75 94 95 6.757267154619072 0.02212771712883864
0.5 0.75 95 96 6.42238856851576 0.01942020518510129
0.5 0.75 96 97 6.09900843657439 0.01697951924958447
0.5 0.75 97 98 5.787084464578054 0.01482463956551874
0.5 0.75 98 99 5.48654665027107 0.01297136490612839
0.5 0.75 99 100 5.197299155037342 0.01143135851567707
0.75 1 50 51 30.76006493388613 0.1208766385718706
0.75 1 51 52 30.04543877404865 0.1210463453447917
0.75 1 52 53 29.33193240802674 0.1176065355292583
0.75 1 53 54 28.6221013705007 0.1110296230915738
0.75 1 54 55 27.91809043258135 0.1017583621773572
0.75 1 55 56 27.22160466069761 0.09094634111393479
0.75 1 56 57 26.53375390255766 0.08209958903284646
0.75 1 57 58 25.85570078594239 0.07590306034593659
0.75 1 58 59 25.18849527891962 0.0720566540275694
0.75 1 59 60 24.53297831206268 0.0702402004302083
0.75 1 60 61 23.88967374627114 0.06855650890582313
0.75 1 61 62 23.25882900769176 0.06460932360287105
0.75 1 62 63 22.64087984408761 0.05863159249117513
0.75 1 63 64 22.03591865826601 0.05303803491045723
0.75 1 64 65 21.44396011052413 0.04941649012625965
0.75 1 65 66 20.86483010457891 0.04506266255356971
0.75 1 66 67 20.29809756945821 0.04100735092444186
0.75 1 67 68 19.74287737526367 0.0370583636327101
0.75 1 68 69 19.19686164176268 0.03333176119694668
0.75 1 69 70 18.65573135541661 0.02979553338035855
0.75 1 70 71 18.1111641728187 0.07149751358792041
0.75 1 71 72 17.57303788553573 0.04119116207171081
0.75 1 72 73 17.03610691424304 0.01580916510243192
0.75 1 73 74 16.50112217461036 0.005788854936551429
0.75 1 74 75 15.96901214777114 0.01545426299685278
0.75 1 75 76 15.44039107838303 0.02523722054504844
0.75 1 76 77 14.916055987086 0.03344415626697289
0.75 1 77 78 14.39685907716638 0.04030967648201277
0.75 1 78 79 13.88359936248983 0.04605274105075056
0.75 1 79 80 13.37701878251237 0.05087524476404606
0.75 1 80 81 12.88263248428871 0.03401377328711877
0.75 1 81 82 12.38785286215543 0.004458475492176419
0.75 1 82 83 11.90476093576867 0.003409908940891892
0.75 1 83 84 11.43065538402101 0.002744102163607338
0.75 1 84 85 10.96601744948364 0.002393624319040562
0.75 1 85 86 10.51127879081694 0.002248107938094514
0.75 1 86 87 10.06682144678963 0.002126460255589659
0.75 1 87 88 9.632971403141958 0.002023835616099937
0.75 1 88 89 9.209994353177748 0.001944203374284762
0.75 1 89 90 8.79813440354188 0.001881969667293953
0.75 1 90 91 8.397595138716856 0.001833789187996474
0.75 1 91 92 8.00853749224542 0.00179781359945414
0.75 1 92 93 7.630659840038863 0.01668039298680386
0.75 1 93 94 7.264971690243037 0.0140804038435063
0.75 1 94 95 6.911311343570205 0.02111852540286308
0.75 1 95 96 6.569057114546826 0.01740880862326603
0.75 1 96 97 6.23854260731196 0.01398028416026573
0.75 1 97 98 5.9197244377069 0.01084111457527356
0.75 1 98 99 5.612531105203598 0.007996244122296074
0.75 1 99 100 5.316864877723912 0.005453375532736242
1 1.25 50 51 31.21115785631011 0.1129913651561557
1 1.25 51 52 30.48976242365629 0.1132633569067066
1 1.25 52 53 29.77001405412051 0.1100403516509505
1 1.25 53 54 29.05439676461475 0.1037824760172001
1 1.25 54 55 28.34499292174627 0.0949207541647452
1 1.25 55 56 27.6434546773736 0.08523939955353926
1 1.25 56 57 26.95085112243845 0.0790429390182361
1 1.25 57 58 26.26830433804548 0.07436945400624621
1 1.25 58 59 25.59682700469611 0.07099968017126015
1 1.25 59 60 24.93722774017883 0.06874829874659358
1 1.25 60 61 24.29000134598212 0.06663796188315531
1 1.25 61 62 23.65537164815328 0.06338186858979011
1 1.25 62 63 23.03375148499818 0.05912982553476568
1 1.25 63 64 22.42521101328192 0.05517274266770485
1 1.25 64 65 21.82974401029041 0.05227395406725155
1 1.25 65 66 21.24715669656476 0.04907643685805776
1 1.25 66 67 20.67699744351229 0.0461066483244491
1 1.25 67 68 20.11835200251198 0.04324784413123271
1 1.25 68 69 19.56886153376674 0.04057069848092146
1 1.25 69 70 19.02411210242296 0.03803977653481015
1 1.25 70 71 18.47787929015644 0.07251915467617205
1 1.25 71 72 17.93548635308518 0.0472404826668152
1 1.25 72 73 17.39400932045663 0.03319464754595332
1 1.25 73 74 16.85419616723135 0.02705822729391505
1 1.25 74 75 16.31698393637851 0.02636036659838559
1 1.25 75 76 15.78298814619806 0.02810921444694052
1 1.25 76 77 15.2530145874365 0.03092795402510067
1 1.25 77 78 14.72793025587897 0.03529597998833431
1 1.25 78 79 14.20854973373834 0.04076489486680056
1 1.25 79 80 13.6956312940232 0.04537004908076992
1 1.25 80 81 13.18987772599591 0.04928229326986007
1 1.25 81 82 12.69222719303706 0.01821579175720234
1 1.25 82 83 12.20231619427842 0.01716681199949321
1 1.25 83 84 11.72123557628041 0.01622771060938917
1 1.25 84 85 11.24948539749643 0.01535398989768811
1 1.25 85 86 10.78751614427121 0.01452441095175183
1 1.25 86 87 10.29787498336216 0.02891943760482208
1 1.25 87 88 9.859055507186852 0.02736492703953343
1 1.25 88 89 9.464015110571196 0.0121962352084097
1 1.25 89 90 9.044634672386408 0.01149001436558194
1 1.25 90 91 8.636547047240761 0.01081562190540988
1 1.25 91 92 8.23993029575346 0.01017250464949722
1 1.25 92 93 7.85531314377937 0.0252250783723505
1 1.25 93 94 7.482009158157627 0.02126543095460746
1 1.25 94 95 7.120479584935829 0.01754551409927509
1 1.25 95 96 6.770757394972584 0.01408488467776567
1 1.25 96 97 6.432842930572132 0.0116499558680768
1 1.25 97 98 6.106705762588547 0.009603153499879381
1 1.25 98 99 5.792286555372321 0.007876186308177682
1 1.25 99 100 5.489498932383082 0.006516080596872485
1.25 1.5 50 51 31.03373538079086 0.1093839732955614
1.25 1.5 51 52 30.30516471873977 0.1080960184479354
1.25 1.5 52 53 29.57974233668975 0.1050424601208351
1.25 1.5 53 54 28.85976866954212 0.1004504887074015
1.25 1.5 54 55 28.14716410264811 0.09460957943807251
1.25 1.5 55 56 27.44343517372016 0.08820595678362282
1.25 1.5 56 57 26.74951389632406 0.08292507973544791
1.25 1.5 57 58 26.06640965322472 0.078960458628689
1.25 1.5 58 59 25.39503867016703 0.07608063867258841
1.25 1.5 59 60 24.73612467217632 0.07410251728312856
1.25 1.5 60 61 24.09008684408587 0.07223292487326421
1.25 1.5 61 62 23.45708557525684 0.06946237944049638
1.25 1.5 62 63 22.8374749258026 0.06594886899514753
1.25 1.5 63 64 22.23127776213833 0.06271212204722575
1.25 1.5 64 65 21.63844582975001 0.06029864591905206
1.25 1.5 65 66 21.05875039203754 0.05769665000059485
1.25 1.5 66 67 20.49171125086579 0.05529242797039936
1.25 1.5 67 68 19.93639015661945 0.05299939899385194
1.25 1.5 68 69 19.39042164583695 0.05086000559628935
1.25 1.5 69 70 18.84940803720968 0.04883969705510782
1.25 1.5 70 71 18.30959523391809 0.0665222482828195
1.25 1.5 71 72 17.77127402947819 0.0511474298547908
1.25 1.5 72 73 17.23406342828993 0.04280521176117484
1.25 1.5 73 74 16.69868497549577 0.04083351012476904
1.25 1.5 74 75 16.1660489022192 0.04170433188722436
1.25 1.5 75 76 15.63674791162977 0.04356173624067134
1.25 1.5 76 77 15.11156319120154 0.04582466797334143
1.25 1.5 77 78 14.59133817162168 0.04811042084424189
1.25 1.5 78 79 14.07739158996394 0.04407724229580598
1.25 1.5 79 80 13.56936673562922 0.04839308562220951
1.25 1.5 80 81 13.07058088922467 0.02939031261210557
1.25 1.5 81 82 12.57429727030839 0.002127042251301183
1.25 1.5 82 83 12.08932727876578 0.001082654738657756
1.25 1.5 83 84 11.61314268615431 0.001106666823405704
1.25 1.5 84 85 11.14622985709746 0.001580949058230887
1.25 1.5 85 86 10.68902683437734 0.001849659311062461
1.25 1.5 86 87 10.24192324237747 0.001916371810169349
1.25 1.5 87 88 9.805253024321622 0.001825130387625845
1.25 1.5 88 89 9.379290275414917 0.001734677881134768
1.25 1.5 89 90 8.964289224109784 0.00166626184873059
1.25 1.5 90 91 8.560464369001473 0.00161057623025972
1.25 1.5 91 92 8.167720227963741 0.01593565759068481
1.25 1.5 92 93 7.786777090761394 0.0134593179255483
1.25 1.5 93 94 7.417432356546271 0.01113221727086814
1.25 1.5 94 95 7.059745213509359 0.008983238314845673
1.25 1.5 95 96 6.714734100520133 0.01668329947970055
1.25 1.5 96 97 6.380253535749457 0.01358449860770896
1.25 1.5 97 98 6.057413465234589 0.01077481091107076
1.25 1.5 98 99 5.746154263343687 0.008270298222480751
1.25 1.5 99 100 5.446389846594231 0.006101349575647941
1.5 1.75 50 51 32.55798402162341 0.09700737048678489
1.5 1.75 51 52 31.75894113117553 0.09720605553616032
1.5 1.75 52 53 30.9675665087502 0.09422059945421078
1.5 1.75 53 54 30.18579832203335 0.08847837866827096
1.5 1.75 54 55 29.41522831835263 0.08038312529185754
1.5 1.75 55 56 28.65706169332228 0.07096647120603301
1.5 1.75 56 57 27.91194643537585 0.06331607725614279
1.5 1.75 57 58 27.18064112453942 0.05801826839141958
1.5 1.75 58 59 26.46383674065098 0.05479487022590643
1.5 1.75 59 60 25.76205162748576 0.05335788730274767
1.5 1.75 60 61 25.07550321993448 0.05204934198337966
1.5 1.75 61 62 24.40416367891012 0.04878771588598699
1.5 1.75 62 63 23.74822997118966 0.04378229014145471
1.5 1.75 63 64 23.1075701063573 0.03912818643308605
1.5 1.75 64 65 22.4819922297193 0.03618832223103852
1.5 1.75 65 66 21.87113448023868 0.03263601965615458
1.5 1.75 66 67 21.27438699095768 0.02934858516093404
1.5 1.75 67 68 20.69066978925619 0.02617249995267759
1.5 1.75 68 69 20.11743435598322 0.02319503223018494
1.5 1.75 69 70 19.53793148224742 0.05348391442385056
1.5 1.75 70 71 18.98915252059561 0.0451986976410798
1.5 1.75 71 72 18.42543860326688 0.02080772077379645
1.5 1.75 72 73 17.86341763980714 0.01138239772118531
1.5 1.75 73 74 17.30379575100703 0.02080851972527492
1.5 1.75 74 75 16.74748095390477 0.02856965712015017
1.5 1.75 75 76 16.19506267037287 0.03577309804063254
1.5 1.75 76 77 15.6473203103083 0.04172579876086165
1.5 1.75 77 78 15.10509774722556 0.04658444348893699
1.5 1.75 78 79 14.57062644247574 0.0249096047917197
1.5 1.75 79 80 14.0411091071676 0.02700074794833218
1.5 1.75 80 81 13.5160654265887 0.007811059269130696
1.5 1.75 81 82 13.00329870963042 0.007760656945551346
1.5 1.75 82 83 12.49935362948682 0.007791030935688926
1.5 1.75 83 84 12.00474300296076 0.007815063952352029
1.5 1.75 84 85 11.51995168152499 0.007783515792042575
1.5 1.75 85 86 11.04541565827612 0.007674738020288419
1.5 1.75 86 87 10.5815220075653 0.007485979480198857
1.5 1.75 87 88 10.12860158829276 0.007245887564148927
1.5 1.75 88 89 9.686925095097084 0.007006720699321014
1.5 1.75 89 90 9.256742469322283 0.006774822726420202
1.5 1.75 90 91 8.838263324433559 0.006547326935997909
1.5 1.75 91 92 8.431654459337722 0.00631414518380667
1.5 1.75 92 93 8.036940972117023 0.01261335710295618
1.5 1.75 93 94 7.654481309046894 0.01037876508512733
1.5 1.75 94 95 7.284180479409951 0.008299797700306533
1.5 1.75 95 96 6.927264662320987 0.01586527755925256
1.5 1.75 96 97 6.581100789967813 0.01296452952573909
1.5 1.75 97 98 6.247060420564363 0.01068002303350602
1.5 1.75 98 99 5.925074261176977 0.008662844139286533
1.5 1.75 99 100 5.615046133743853 0.00693602898263935
1.75 2 50 51 32.6889554138146 0.1014279813582471
1.75 2 51 52 31.90439655189979 0.1013695519049344
1.75 2 52 53 31.12687989750239 0.09823411369309017
1.75 2 53 54 30.3583305389663 0.09243960939513958
1.75 2 54 55 29.60033429593207 0.08437645811379253
1.75 2 55 56 28.85409688954257 0.07503094297107669
1.75 2 56 57 28.12027447766036 0.06736012231427001
1.75 2 57 58 27.39963663439968 0.06193309676611984
1.75 2 58 59 26.69288755291656 0.05848901485314011
1.75 2 59 60 26.00056168019518 0.05675204348599525
1.75 2 60 61 25.3229041054488 0.05514373888240055
1.75 2 61 62 24.65992420416202 0.05168483125152649
1.75 2 62 63 24.0118372861598 0.04657735220231639
1.75 2 63 64 23.37854361295278 0.04181350706362782
1.75 2 64 65 22.75988216664207 0.03869396766697505
1.75 2 65 66 22.15552207047403 0.03499710167700317
1.75 2 66 67 21.56488469504569 0.03224678576216682
1.75 2 67 68 20.98691349734746 0.02962704534725754
1.75 2 68 69 20.41906437651369 0.02718216551838433
1.75 2 69 70 19.83981556742496 0.04804744110563905
1.75 2 70 71 19.29400748068851 0.040491662976548
1.75 2 71 72 18.73457951574782 0.01856460496617513
1.75 2 72 73 18.17621118908453 0.01785945546413593
1.75 2 73 74 17.61959308068798 0.02459087559822472
1.75 2 74 75 17.06563746693426 0.03008277079921993
1.75 2 75 76 16.51491974572279 0.03479580381524803
1.75 2 76 77 15.96822340051692 0.0400143527046505
1.75 2 77 78 15.42640977003004 0.04424384266526522
1.75 2 78 79 14.89424014156778 0.02268261125062344
1.75 2 79 80 14.36373500480696 0.02441420543240689
1.75 2 80 81 13.84020223984788 0.02583700052727323
1.75 2 81 82 13.322908501329 0.008450703088042081
1.75 2 82 83 12.81627595579633 0.007778294934124521
1.75 2 83 84 12.3184870163583 0.007218550568997689
1.75 2 84 85 11.83005390851679 0.006723767269636777
1.75 2 85 86 11.35144061569932 0.006248031817538696
1.75 2 86 87 10.88306271597614 0.005766020896919929
1.75 2 87 88 10.42527938731945 0.005280631395512704
1.75 2 88 89 9.978389467587782 0.004821142082951847
1.75 2 89 90 9.542671936102167 0.004391584510649012
1.75 2 90 91 9.118365494164813 0.003989646364959639
1.75 2 91 92 8.70535986138939 0.01249280027702405
1.75 2 92 93 8.304482386657448 0.01033020631176214
1.75 2 93 94 7.915501907104641 0.008315791276574221
1.75 2 94 95 7.539253168529839 0.01643979830929019
1.75 2 95 96 7.174129682489532 0.01328656371904409
1.75 2 96 97 6.821036831544673 0.01041730274435909
1.75 2 97 98 6.479959947585536 0.007849164381495551
1.75 2 98 99 6.150854701319821 0.005774009833820292
1.75 2 99 100 5.8336488879106 0.003914372612644952
2 2.25 50 51 34.2940604015958 0.1024716489814123
2 2.25 51 52 33.41019897742947 0.1021084321554039
2 2.25 52 53 32.54023779484768 0.09885861517001014
2 2.25 53 54 31.68555117823922 0.0931213671334514
2 2.25 54 55 30.8472251199731 0.08526899156395298
2 2.25 55 56 30.02601229063799 0.0762316296242451
2 2.25 56 57 29.22216068890188 0.06878433433137865
2 2.25 57 58 28.43606360220859 0.06345753489447035
2 2.25 58 59 27.66808037934069 0.06000302579299733
2 2.25 59 60 26.91843055387343 0.05815849891549948
2 2.25 60 61 26.18705758940061 0.05643956931769809
2 2.25 61 62 25.47369170429808 0.05298592673997297
2 2.25 62 63 24.77830512642842 0.047990719954167
2 2.25 63 64 24.1005555500705 0.04332895564917522
2 2.25 64 65 23.44005615371368 0.04022209920535426
2 2.25 65 66 22.79626197109512 0.03658113560533843
2 2.25 66 67 22.16838488838212 0.03320281340109448
2 2.25 67 68 21.55514749632555 0.0299347641481388
2 2.25 68 69 20.9537552572183 0.02686840885836603
2 2.25 69 70 20.37285087031862 0.0465566522725931
2 2.25 70 71 19.76215382955395 0.05542982650099687
2 2.25 71 72 19.17332789683891 0.03306928039214844
2 2.25 72 73 18.58679526767063 0.01582243172790476
2 2.25 73 74 18.00322210797057 0.007680846014589226
2 2.25 74 75 17.42349492035191 0.01198797811073072
2 2.25 75 76 16.84818072349075 0.01778773310871274
2 2.25 76 77 16.27804030598824 0.02298951223592541
2 2.25 77 78 15.71390532493592 0.02736864881980934
2 2.25 78 79 15.15655767302683 0.03098914052655744
2 2.25 79 80 14.60672608828029 0.03397022961414319
2 2.25 80 81 14.0629210574813 0.02584232022407343
2 2.25 81 82 13.53093035758511 0.02762047345588589
2 2.25 82 83 13.00806122453456 0.02859689093653153
2 2.25 83 84 12.49621059793325 0.001833942577967892
2 2.25 84 85 11.99241154269227 0.00131855218950302
2 2.25 85 86 11.49932444767196 0.001016949416884026
2 2.25 86 87 11.01733411127144 0.0009928883550627606
2 2.25 87 88 10.54676877800652 0.0009938904659237899
2 2.25 88 89 10.08739245560022 0.02035894543985071
2 2.25 89 90 9.640477845373479 0.01770129270604169
2 2.25 90 91 9.205719121328102 0.01493176701260285
2 2.25 91 92 8.783253683124649 0.01222585510550905
2 2.25 92 93 8.372964685021895 0.01410249087445641
2 2.25 93 94 7.975495463540597 0.0110579722551965
2 2.25 94 95 7.590607239251391 0.008264248656876741
2 2.25 95 96 7.21832115161563 0.005766303612836437
2 2.25 96 97 6.858625604132973 0.003787061529398639
2 2.25 97 98 6.511478059659581 0.002603610211577728
2 2.25 98 99 6.17680685398126 0.002571330468960339
2 2.25 99 100 5.854513020052316 0.003734276620440483
2.25 2.5 50 51 33.86207733443393 0.09568363232748091
2.25 2.5 51 52 32.96973601612598 0.09522848615127631
2.25 2.5 52 53 32.09353064769661 0.09205830981807191
2.25 2.5 53 54 31.23455989417585 0.08655480875339508
2.25 2.5 54 55 30.3936662363908 0.07907340937442368
2.25 2.5 55 56 29.57138481445475 0.07049053777130843
2.25 2.5 56 57 28.76776397593692 0.06370927974524841
2.25 2.5 57 58 27.98302754881902 0.05968050625147083
2.25 2.5 58 59 27.21738756404837 0.05675057643208345
2.25 2.5 59 60 26.47093346806942 0.05475337331714981
2.25 2.5 60 61 25.74348882303771 0.05287992066109216
2.25 2.5 61 62 25.03468001048694 0.05009569218255271
2.25 2.5 62 63 24.34438869767131 0.04653560840564597
2.25 2.5 63 64 23.67219526626238 0.04323664953779673
2.25 2.5 64 65 23.0176444879128 0.04080557399293035
2.25 2.5 65 66 22.38013820500034 0.03816370365905276
2.25 2.5 66 67 21.75885007160912 0.03572768700043351
2.25 2.5 67 68 21.15248378014279 0.03340593959738247
2.25 2.5 68 69 20.55827924571031 0.03125328321208021
2.25 2.5 69 70 19.96803125220613 0.05312743061545044
2.25 2.5 70 71 19.3850661209939 0.03062353117773608
2.25 2.5 71 72 18.80468891014426 0.02261130910440615
2.25 2.5 72 73 18.22701097763635 0.02322922651711313
2.25 2.5 73 74 17.65264374542119 0.02757360553230538
2.25 2.5 74 75 17.08242157503435 0.03140329848370408
2.25 2.5 75 76 16.51685291200651 0.03454267502311723
2.25 2.5 76 77 15.95664810247948 0.03720291973084738
2.25 2.5 77 78 15.40745290725489 0.02006251453622633
2.25 2.5 78 79 14.85968125831776 0.02149832055136443
2.25 2.5 79 80 14.31637372847643 0.01610343073479911
2.25 2.5 80 81 13.78478616011807 0.01520483294294287
2.25 2.5 81 82 13.26196533957798 0.01436245729339447
2.25 2.5 82 83 12.74839001664924 0.01361352296867032
2.25 2.5 83 84 12.24453820154824 0.01294707335227606
2.25 2.5 84 85 11.75086599873984 0.01231045545330456
2.25 2.5 85 86 11.2677832645077 0.01169982636271289
2.25 2.5 86 87 10.7956535577632 0.01110807281734916
2.25 2.5 87 88 10.33478535644607 0.01053805478470052
2.25 2.5 88 89 9.885428520869041 0.009992214791287391
2.25 2.5 89 90 9.447815895013299 0.009468123019207209
2.25 2.5 90 91 9.02214217089286 0.008965284575981083
2.25 2.5 91 92 8.608563798169055 0.009914674821607688
2.25 2.5 92 93 8.207237868456259 0.008065991491410282
2.25 2.5 93 94 7.818212992697767 0.007543826326690061
2.25 2.5 94 95 7.441533210194315 0.007124007301937396
2.25 2.5 95 96 7.077209920882176 0.006722924240867705
2.25 2.5 96 97 6.725460273174923 0.01201725944399662
2.25 2.5 97 98 6.385657214544027 0.01022846037854495
2.25 2.5 98 99 6.058066421365247 0.008649265509743081
2.25 2.5 99 100 5.742587752261908 0.007282378285821656
2.5 2.75 50 51 34.77525049410687 0.1065109943994612
2.5 2.75 51 52 33.81999558121353 0.1036431707390699
2.5 2.75 52 53 32.88577867622143 0.09960769213399116
2.5 2.75 53 54 31.9732646777548 0.09455325462391645
2.5 2.75 54 55 31.08290559096405 0.08867590419138587
2.5 2.75 55 56 30.21488309170134 0.08245762146796477
2.5 2.75 56 57 29.36892211032517 0.07711308966539154
2.5 2.75 57 58 28.54495917358632 0.07279263151396284
2.5 2.75 58 59 27.74294805738063 0.06933607381965529
2.5 2.75 59 60 26.96274455179964 0.06661193272136037
2.5 2.75 60 61 26.2039561005776 0.06403880621982753
2.5 2.75 61 62 25.46601573900027 0.06087606068542937
2.5 2.75 62 63 24.74862926632152 0.05722981373237691
2.5 2.75 63 64 24.051867849857 0.03591416985096473
2.5 2.75 64 65 23.37383357927271 0.03309706774734839
2.5 2.75 65 66 22.71443452202377 0.02985733501429636
2.5 2.75 66 67 22.07271860445856 0.02685809082167554
2.5 2.75 67 68 21.44726263862636 0.02397374939985786
2.5 2.75 68 69 20.8351721591779 0.02127893021355182
2.5 2.75 69 70 20.22800326366995 0.0461610816482999
2.5 2.75 70 71 19.62913041282693 0.02543967477420353
2.5 2.75 71 72 19.0336876340031 0.007798656264409691
2.5 2.75 72 73 18.4417364613611 0.009135372691970157
2.5 2.75 73 74 17.85384342271049 0.01917189360506106
2.5 2.75 74 75 17.27080781496345 0.02578266118223869
2.5 2.75 75 76 16.69310321162718 0.03058424764136317
2.5 2.75 76 77 16.12140713135458 0.03435072477927587
2.5 2.75 77 78 15.56063166069696 0.01962417212617101
2.5 2.75 78 79 15.00261936080744 0.0207645476139219
2.5 2.75 79 80 14.45030897424572 0.003664029898832898
2.5 2.75 80 81 13.90953501632641 0.002608102780309276
2.5 2.75 81 82 13.37803971655474 0.001461182054938906
2.5 2.75 82 83 12.85628047072537 0.000805406806311998
2.5 2.75 83 84 12.34471314572739 0.0008664594652958088
2.5 2.75 84 85 11.84377197570496 0.0009455672430974414
2.5 2.75 85 86 11.35384573661235 0.001099835257226563
2.5 2.75 86 87 10.87527777493506 0.001138246258789264
2.5 2.75 87 88 10.40835758115057 0.001098385145555528
2.5 2.75 88 89 9.953317700473185 0.001146217816674143
2.5 2.75 89 90 9.510373065044547 0.001187899138913242
2.5 2.75 90 91 9.079701035641509 0.001222782211026725
2.5 2.75 91 92 8.661438472710058 0.001251749411108564
2.5 2.75 92 93 8.255566767493965 0.007155925987477513
2.5 2.75 93 94 7.862451221448913 0.005630688143359895
2.5 2.75 94 95 7.482447271334848 0.01109948644230914
2.5 2.75 95 96 7.114459976856839 0.008739944853497888
2.5 2.75 96 97 6.759048227042117 0.006625835252186808
2.5 2.75 97 98 6.416152989463379 0.004773455272122723
2.5 2.75 98 99 6.085687798643455 0.003246851349316859
2.5 2.75 99 100 5.767540490285155 0.002127871234481952
2.75 3 50 51 35.00125383928827 0.08436938808724438
2.75 3 51 52 33.99227480768293 0.08376630616049506
2.75 3 52 53 33.0095533261001 0.08081487141183058
2.75 3 53 54 32.05325670233933 0.07585876216722691
2.75 3 54 55 31.12339074339393 0.06921686174949217
2.75 3 55 56 30.21973479644147 0.06164623709507535
2.75 3 56 57 29.34164713869176 0.05535246692676702
2.75 3 57 58 28.48874017751845 0.05074751755340886
2.75 3 58 59 27.66067762025735 0.04762595950044902
2.75 3 59 60 26.85705394557667 0.04577346677687207
2.75 3 60 61 26.07723673655582 0.04404519166842422
2.75 3 61 62 25.32044586580713 0.04102309683442914
2.75 3 62 63 24.58619334892573 0.03686625019067771
2.75 3 63 64 23.87372424125616 0.03298992520229169
2.75 3 64 65 23.18227632509926 0.03030570573843346
2.75 3 65 66 22.51097564995496 0.02726124316700988
2.75 3 66 67 21.85874552766189 0.02444402301305371
2.75 3 67 68 21.22405104075346 0.0217429363891307
2.75 3 68 69 20.60391907658803 0.01922442110793292
2.75 3 69 70 19.99003045155582 0.03533641762742575
2.75 3 70 71 19.385424506874 0.01668774694412792
2.75 3 71 72 18.78533237938159 0.004542198308634138
2.75 3 72 73 18.18976159676648 0.0143008267850352
2.75 3 73 74 17.59921411849334 0.02341018665090712
2.75 3 74 75 17.01442588873963 0.02924861413991412
2.75 3 75 76 16.43581634168368 0.03338994768961255
2.75 3 76 77 15.86790703961035 0.018621519004715
2.75 3 77 78 15.30040275796951 0.00475724676887529
2.75 3 78 79 14.74410142739156 0.004311055359814067
2.75 3 79 80 14.19652038492163 0.003811627280256994
2.75 3 80 81 13.6582266891325 0.00332074771057624
2.75 3 81 82 13.12973167084095 0.00293861630152491
2.75 3 82 83 12.61144640388887 0.002808821175931482
2.75 3 83 84 12.10378102265459 0.002732849454495636
2.75 3 84 85 11.60712569747531 0.002701787303529543
2.75 3 85 86 11.12182707683944 0.002673709117836621
2.75 3 86 87 10.6481884211509 0.002603263986919336
2.75 3 87 88 10.18646120351083 0.002499415227361032
2.75 3 88 89 9.736842455407622 0.002396015176052062
2.75 3 89 90 9.299512876316303 0.00233426972103057
2.75 3 90 91 8.874617471253217 0.00227313648455515
2.75 3 91 92 8.462262658133003 0.002212723051428813
2.75 3 92 93 8.062521341379284 0.002152593302484824
2.75 3 93 94 7.675396120287715 0.005160440252404649
2.75 3 94 95 7.30102664404877 0.003953062602623359
2.75 3 95 96 6.939775399625042 0.008944595170825654
2.75 3 96 97 6.590526624403196 0.00699933396081645
2.75 3 97 98 6.253779932876034 0.00541345987600094
2.75 3 98 99 5.929430385026751 0.004048963779653077
2.75 3 99 100 5.617348872134995 0.002871086853609125
3 3.25 50 51 34.31492210170592 0.07831994305804069
3 3.25 51 52 33.2723062333597 0.07768940207953746
3 3.25 52 53 32.26092873171422 0.07491871664811402
3 3.25 53 54 31.28042674418049 0.07032874284523427
3 3.25 54 55 30.33033351309857 0.06421653053906785
3 3.25 55 56 29.41000553241314 0.05726816394443899
3 3.25 56 57 28.51842041820957 0.05145546048088565
3 3.25 57 58 27.654854495037 0.04714293099214592
3 3.25 58 59 26.81867196015756 0.04414413317728144
3 3.25 59 60 26.0091994444562 0.04226576794713949
3 3.25 60 61 25.22556347454024 0.04050687504988101
3 3.25 61 62 24.46677361283266 0.03763523775165994
3 3.25 62 63 23.73214730369077 0.03379524728620389
3 3.25 63 64 23.02076169516249 0.03020819584831315
3 3.25 64 65 22.33170331377093 0.02765598469991172
3 3.25 65 66 21.66396936692839 0.02481384813376324
3 3.25 66 67 21.01637720206661 0.02218144241135686
3 3.25 67 68 20.38731377004673 0.01966475925153588
3 3.25 68 69 19.77380540962561 0.01732119925953004
3 3.25 69 70 19.16737054926554 0.02900667069081396
3 3.25 70 71 18.57170606801441 0.01223622682505564
3 3.25 71 72 17.98171809679256 0.005831724119824373
3 3.25 72 73 17.39735531249973 0.01633284369853542
3 3.25 73 74 16.81903541601061 0.02458349660348507
3 3.25 74 75 16.24740387384522 0.0299331279504036
3 3.25 75 76 15.68691282576508 0.01589030887423622
3 3.25 76 77 15.12672138080461 0.004177585147602354
3 3.25 77 78 14.57774874273272 0.003619921254574469
3 3.25 78 79 14.03751344019439 0.002997796032980406
3 3.25 79 80 13.5065320989115 0.002395335262459717
3 3.25 80 81 12.98529578317391 0.001903196651716822
3 3.25 81 82 12.47424370746716 0.001582151441927442
3 3.25 82 83 11.97372210475952 0.001577809887134646
3 3.25 83 84 11.45027331588591 0.0150487384724474
3 3.25 84 85 10.97364742324421 0.003711876930488669
3 3.25 85 86 10.50871682025499 0.00399168740702247
3 3.25 86 87 10.05565868965588 0.007427224895431212
3 3.25 87 88 9.614637166962707 0.007925852028110948
3 3.25 88 89 9.185803449167333 0.005973636151777338
3 3.25 89 90 8.76924745583668 0.002213263795738947
3 3.25 90 91 8.365006952934243 0.003775488756747535
3 3.25 91 92 7.989101017085941 0.00151915681247422
3 3.25 92 93 7.60725791237757 0.001501583950326926
3 3.25 93 94 7.237842557025028 0.001481170189617861
3 3.25 94 95 6.880753386494773 0.003162843252599685
3 3.25 95 96 6.536146545049421 0.002329336806420544
3 3.25 96 97 6.203810787931011 0.001661449751445337
3 3.25 97 98 5.883641576183225 0.001375975576003808
3 3.25 98 99 5.575836696846277 0.004827012851877437
3 3.25 99 100 5.279509641166062 0.003706309164751236
3.25 3.5 50 51 32.17726727881609 0.07102777456838145
3.25 3.5 51 52 31.14376235915724 0.07041858404688622
3.25 3.5 52 53 30.14515986890675 0.06791434833294985
3.25 3.5 53 54 29.1805923398918 0.06380730400608271
3.25 3.5 54 55 28.24914872779372 0.05836730267278142
3.25 3.5 55 56 27.3497951395225 0.05219537329857409
3.25 3.5 56 57 26.48116970725492 0.04698688730974416
3.25 3.5 57 58 25.64224708867368 0.04305160311382824
3.25 3.5 58 59 24.8321241455463 0.04022691807011427
3.25 3.5 59 60 24.04989240249101 0.03834557860244535
3.25 3.5 60 61 23.29447630477792 0.03657538333569576
3.25 3.5 61 62 22.56471723329405 0.0339004159439668
3.25 3.5 62 63 21.85976963745239 0.03044692218403114
3.25 3.5 63 64 21.17858275731673 0.02721078898062055
3.25 3.5 64 65 20.52013128675256 0.02482457229588476
3.25 3.5 65 66 19.88332665399384 0.0222272137469205
3.25 3.5 66 67 19.2669306912815 0.01981663720068278
3.25 3.5 67 68 18.66932146433834 0.01751912473952032
3.25 3.5 68 69 18.08765264903787 0.01538159984569981
3.25 3.5 69 70 17.51322996890384 0.0234142945246632
3.25 3.5 70 71 16.95112397938576 0.008142388249444004
3.25 3.5 71 72 16.39568711352307 0.006101956372022529
3.25 3.5 72 73 15.84681315508713 0.01646522783354085
3.25 3.5 73 74 15.30409545688751 0.02494998250337348
3.25 3.5 74 75 14.77136875301337 0.01147356365772929
3.25 3.5 75 76 14.2440834393886 0.009260895515880531
3.25 3.5 76 77 13.7250142422684 0.007297430054471826
3.25 3.5 77 78 13.2146228457772 0.005540948263743882
3.25 3.5 78 79 12.71327527446831 0.003897062263952301
3.25 3.5 79 80 12.22138505633166 0.002357316101895168
3.25 3.5 80 81 11.73934320735099 0.001024855580691881
3.25 3.5 81 82 11.2674949866287 0.0009858173803109166
3.25 3.5 82 83 10.77322576211139 0.002413072636767799
3.25 3.5 83 84 10.35543424618707 0.003098258352318695
3.25 3.5 84 85 9.915731523357801 0.004072788475815168
3.25 3.5 85 86 9.487679663936209 0.001118590804561916
3.25 3.5 86 87 9.011351335862965 0.003419728531260212
3.25 3.5 87 88 8.664795462997631 0.001151750350264503
3.25 3.5 88 89 8.270682243277122 0.001128118795238855
3.25 3.5 89 90 7.888230834161182 0.001099057952576185
3.25 3.5 90 91 7.468171828141995 0.004187645410688392
3.25 3.5 91 92 7.158484177402713 0.001031533258822033
3.25 3.5 92 93 6.811202241302354 0.001030552564685086
3.25 3.5 93 94 6.475613156670619 0.001025694343609375
3.25 3.5 94 95 6.141939641816338 0.002929736590098676
3.25 3.5 95 96 5.830995217883466 0.002945113634195355
3.25 3.5 96 97 5.538301707886927 0.001137737553125536
3.25 3.5 97 98 5.248718402465109 0.0009673016234724651
3.25 3.5 98 99 4.970312004188301 0.0009584465417921639
3.25 3.5 99 100 4.702813702807259 0.0009297605376812763
3.5 3.75 50 51 28.09381759670114 0.06092605660139663
3.5 3.75 51 52 27.13771635999188 0.06097246362463556
3.5 3.75 52 53 26.22017000899237 0.03207284839047377
3.5 3.75 53 54 25.33587744226261 0.0300352313263415
3.5 3.75 54 55 24.4832438927728 0.05048218080594992
3.5 3.75 55 56 23.66390456499649 0.04537013279712347
3.5 3.75 56 57 22.87488550579355 0.04100796272704731
3.5 3.75 57 58 22.1149727809237 0.03763946090568285
3.5 3.75 58 59 21.38309850972917 0.0351323346522015
3.5 3.75 59 60 20.67821718017325 0.03335200140903172
3.5 3.75 60 61 19.99915346908219 0.03166502306553934
3.5 3.75 61 62 19.34468268007917 0.02930778086579834
3.5 3.75 62 63 18.71387945323614 0.02638385676129194
3.5 3.75 63 64 18.1056557683193 0.02363111952092828
3.5 3.75 64 65 17.51896101718245 0.02227119812481294
3.5 3.75 65 66 16.95376650689223 0.01924921594593977
3.5 3.75 66 67 16.40672767274126 0.01715607520587496
3.5 3.75 67 68 15.87741441082476 0.01516660298849184
3.5 3.75 68 69 15.36328948823606 0.01331597643848131
3.5 3.75 69 70 14.86033411148644 0.01159261606321204
3.5 3.75 70 71 14.36099604136789 0.01372885647281902
3.5 3.75 71 72 13.87378257344847 0.001871205045436084
3.5 3.75 72 73 13.39352922708048 0.007705486399069109
3.5 3.75 73 74 12.92044196095816 0.01472762553410826
3.5 3.75 74 75 12.45745732442351 0.004860009701535438
3.5 3.75 75 76 11.99921057270032 0.003839976861895296
3.5 3.75 76 77 11.54909432589079 0.003097064381608885
3.5 3.75 77 78 11.10744151857881 0.002540591761237792
3.5 3.75 78 79 10.67450768819044 0.002037987700736545
3.5 3.75 79 80 10.25058622550786 0.00156945623114149
3.5 3.75 80 81 9.835952018578759 0.001129561177132211
3.5 3.75 81 82 9.413713537824396 0.003366675074390139
3.5 3.75 82 83 9.03543130816144 0.0009287993793999903
3.5 3.75 83 84 8.649888522597807 0.0009429642552153324
3.5 3.75 84 85 8.274372398213606 0.0009545550817112914
3.5 3.75 85 86 7.909012331112772 0.000963249201368537
3.5 3.75 86 87 7.55390963982115 0.0009687631872277776
3.5 3.75 87 88 7.209132371931149 0.0009701864449448855
3.5 3.75 88 89 6.874714732701041 0.000969585146567076
3.5 3.75 89 90 6.550679674197238 0.0009658489520046683
3.5 3.75 90 91 6.237027713843682 0.0009589836445542283
3.5 3.75 91 92 5.933589306054555 0.0008495915258771865
3.5 3.75 92 93 5.640501872714796 0.0008374950596437573
3.5 3.75 93 94 5.357877468718091 0.0008257029796691419
3.5 3.75 94 95 5.085342652313564 0.0008254371249372779
3.5 3.75 95 96 4.822852083462357 0.0008115965135281186
3.5 3.75 96 97 4.57042495586838 0.0008638235164067443
3.5 3.75 97 98 4.327681491394795 0.000840704044655952
3.5 3.75 98 99 4.09459565011436 0.0008160736349469073
3.5 3.75 99 100 3.871003177828893 0.0007901427209516368
3.75 4 50 51 21.93914311955177 0.0009535461873604504
3.75 4 51 52 21.15100286938189 0.0009917885567464477
3.75 4 52 53 20.39514520377223 0.001389012318383612
3.75 4 53 54 19.66996103714563 0.001448485021613568
3.75 4 54 55 18.97408767382085 0.001083165135092718
3.75 4 55 56 18.30623177347487 0.000617038869660508
3.75 4 56 57 17.66502203350204 0.0006112730327007128
3.75 4 57 58 17.04927750679543 0.000625023696616677
3.75 4 58 59 16.45783521531124 0.0006311294428711287
3.75 4 59 60 15.88955264024547 0.0006435897959795288
3.75 4 60 61 15.34338794430347 0.000647611887838198
3.75 4 61 62 14.8183038887499 0.0006494074295270604
3.75 4 62 63 14.31331315857635 0.0006539854662264851
3.75 4 63 64 13.82745990491395 0.000653334942741108
3.75 4 64 65 13.35979422343284 0.0006491757128100432
3.75 4 65 66 12.9092336159169 0.006486190235262307
3.75 4 66 67 12.47498119965779 0.005625431460064841
3.75 4 67 68 12.05594381635607 0.01298218964855496
3.75 4 68 69 11.64950289875136 0.0114690119684943
3.75 4 69 70 11.25283703463544 0.01006045217559672
3.75 4 70 71 10.86357378509534 0.00876129110648044
3.75 4 71 72 10.48093054917227 0.007560461298585294
3.75 4 72 73 10.10037665816034 0.006056093802904961
3.75 4 73 74 9.731286632638167 0.001718757081125539
3.75 4 74 75 9.367929986061586 0.004881604113870864
3.75 4 75 76 9.016500069070981 0.003770382907020722
3.75 4 76 77 8.667742798019773 0.003123357756434492
3.75 4 77 78 8.326320098030644 0.002610945273917429
3.75 4 78 79 7.996843679370734 0.002194980695782155
3.75 4 79 80 7.666087879906915 0.001714317089404924
3.75 4 80 81 7.347495697790432 0.001254211843399625
3.75 4 81 82 7.036961442926661 0.000876832406533352
3.75 4 82 83 6.734493701470319 0.0006124444187508816
3.75 4 83 84 6.400754147687159 0.00176732295561169
3.75 4 84 85 6.153694740068936 0.0007102841478926807
3.75 4 85 86 5.875832146686094 0.0008567408972149538
3.75 4 86 87 5.606297756873563 0.0007582586421969543
3.75 4 87 88 5.342814278672226 0.0008519453476830781
3.75 4 88 89 5.091770558248998 0.0007526921258130015
3.75 4 89 90 4.846902508141508 0.0007459435671291478
3.75 4 90 91 4.610255925799832 0.0007366604766088084
3.75 4 91 92 4.381778844794814 0.0007251074634571891
3.75 4 92 93 4.161405020583139 0.0007114624094188551
3.75 4 93 94 3.949054331628426 0.0006959343330592568
3.75 4 94 95 3.744633441274779 0.0006787294012816035
3.75 4 95 96 3.548036681652899 0.0006600494994959104
3.75 4 96 97 3.359146955845067 0.0003564999017593109
3.75 4 97 98 3.177836556018898 0.0003376607559460033
3.75 4 98 99 3.003968142799252 0.0003366779319489265
3.75 4 99 100 2.837395548529369 0.0003348525020699424
4 5 50 51 19.59402524880775 0.01374471329012928
4 5 51 52 18.80390502714182 0.01329809651456356
4 5 52 53 18.05008245366864 0.0128884510611528
4 5 53 54 17.33063226276062 0.01247821099479686
4 5 54 55 16.64360015876679 0.01209079912146421
4 5 55 56 15.987180454272 0.01172162764046639
4 5 56 57 15.35979717675959 0.01136189130851126
4 5 57 58 14.75989502148139 0.01101601186982105
4 5 58 59 14.18605200349367 0.01068434709523435
4 5 59 60 13.63694475245018 0.01036521893742969
4 5 60 61 13.11631535063057 0.005224795654409773
4 5 61 62 12.61664557175155 0.004875818366462444
4 5 62 63 12.13230396695142 0.004780268084990561
4 5 63 64 11.6700873392198 0.004594235467443271
4 5 64 65 11.2271141187372 0.004445262064392677
4 5 65 66 10.80208815261404 0.004329946950097225
4 5 66 67 10.39420816532447 0.004205838726799977
4 5 67 68 10.0017536765194 0.004111666518901456
4 5 68 69 9.623839401005638 0.003948496382986355
4 5 69 70 9.257308035917921 0.003900009307601456
4 5 70 71 8.898267065021749 0.00231275077739503
4 5 71 72 8.549751421946256 0.002645036609903379
4 5 72 73 8.208589244476448 0.002023683482450455
4 5 73 74 7.87684078056102 0.001953347892090303
4 5 74 75 7.553440393683324 0.001883758226776781
4 5 75 76 7.237632618833634 0.001213116765381901
4 5 76 77 6.931039745860917 0.001167298061258993
4 5 77 78 6.632512469670895 0.0009304319764708923
4 5 78 79 6.342803079085347 0.0008932289661002543
4 5 79 80 6.061706924441198 0.000806024921945916
4 5 80 81 5.788749020340476 0.0007562744585082192
4 5 81 82 5.524445434150104 0.0007388296194631591
4 5 82 83 5.264560238395152 0.001866972739441537
4 5 83 84 5.017513571068283 0.002044662868491776
4 5 84 85 4.78149129388019 0.003154330894767497
4 5 85 86 4.55020110575567 0.002778543777785376
4 5 86 87 4.327508381309192 0.002506187874950362
4 5 87 88 4.112309716596618 0.002164781504332278
4 5 88 89 3.905008704035934 0.001842301622587251
4 5 89 90 3.705489135936767 0.001542893278158222
4 5 90 91 3.513626326177436 0.00127248666659361
4 5 91 92 3.330052081657003 0.001676832168543942
4 5 92 93 3.153054819596814 0.001511906835463532
4 5 93 94 2.983292158228211 0.001430452583689993
4 5 94 95 2.820609387129079 0.001354564914611095
4 5 95 96 2.66484611664599 0.001281487062439248
4 5 96 97 2.515836963542958 0.001211199284382119
4 5 97 98 2.373412217776489 0.001192217115702325
4 5 98 99 2.237398489002952 0.001185552849488504
4 5 99 100 2.107619331678813 0.001182312668046224
-5 5 50 100 26893.70076543029 1.813171911833989
