#ylo yhi qTlo qThi PDF0  uncertainty
-5 -4 50 51 10.65002488323818 0.01200940742058808
-5 -4 51 52 10.12154320384734 0.01144949934664827
-5 -4 52 53 9.62070992493036 0.01107963014318087
-5 -4 53 54 9.146088690520859 0.01059321985860228
-5 -4 54 55 8.696137556022574 0.01008219750057619
-5 -4 55 56 8.26939140648445 0.009704788804088042
-5 -4 56 57 7.864648186772127 0.009286646907291463
-5 -4 57 58 7.480640612791792 0.008898323696572839
-5 -4 58 59 7.116224993935678 0.008544257934513815
-5 -4 59 60 6.770347480628505 0.008184309694759591
-5 -4 60 61 6.441976332920323 0.007853336668879742
-5 -4 61 62 6.130165685723634 0.007533182921487469
-5 -4 62 63 5.834009384317113 0.007225234512565262
-5 -4 63 64 5.55264938062502 0.006932014573105113
-5 -4 64 65 5.285270241012094 0.006651192324620589
-5 -4 65 66 5.031090710211819 0.006382196002351083
-5 -4 66 67 4.789345572775689 0.006122191870711125
-5 -4 67 68 4.559196320395777 0.005867950321668144
-5 -4 68 69 4.339555396406108 0.005619202623456526
-5 -4 69 70 4.128985687895321 0.005376134278816584
-5 -4 70 71 3.923941219341509 0.002497910079543614
-5 -4 71 72 3.728915446268132 0.002387854506855776
-5 -4 72 73 3.541107499541857 0.002280621629714289
-5 -4 73 74 3.360346570660651 0.002176203085943483
-5 -4 74 75 3.186489171242121 0.002074735383862449
-5 -4 75 76 3.019401454980628 0.00197627560238015
-5 -4 76 77 2.858951678693649 0.00188068995491939
-5 -4 77 78 2.705006063454983 0.001788132338033674
-5 -4 78 79 2.557429028281611 0.001698589538099924
-5 -4 79 80 2.417083275039845 0.001818520070187468
-5 -4 80 81 2.281629605819819 0.001525674364108665
-5 -4 81 82 2.152138134503193 0.001556265874803982
-5 -4 82 83 2.027920031031855 0.001445487534250101
-5 -4 83 84 1.910014673847235 0.001337053181055711
-5 -4 84 85 1.797584570189227 0.001242513508081557
-5 -4 85 86 1.690470817080824 0.001158763355497262
-5 -4 86 87 1.58851309677718 0.001091688584563358
-5 -4 87 88 1.491895941272273 0.001023511636461731
-5 -4 88 89 1.406888583147988 0.0004809337110730217
-5 -4 89 90 1.312726517857737 0.000448229760221383
-5 -4 90 91 1.229734617483703 0.0004170352521841284
-5 -4 91 92 1.15108259465288 0.0003912638573509602
-5 -4 92 93 1.076618712957284 0.0003668340328638737
-5 -4 93 94 1.00616916026517 0.0003487187306367981
-5 -4 94 95 0.9396015140744495 0.000325936153855328
-5 -4 95 96 0.8766461130413797 0.0003048243448232794
-5 -4 96 97 0.8173558007076481 0.0002817465606853832
-5 -4 97 98 0.7614726897403505 0.0002728410983836526
-5 -4 98 99 0.7087262506223115 0.0002697303644325833
-5 -4 99 100 0.6592171154029849 0.0001988941277982744
-4 -3.75 50 51 11.60419088990029 0.001181301175424103
-4 -3.75 51 52 11.08726815303588 0.00115186473453378
-4 -3.75 52 53 10.59422630730231 0.001099039791656923
-4 -3.75 53 54 10.1239204123487 0.001107198392040106
-4 -3.75 54 55 9.675319750092051 0.001043134691728958
-4 -3.75 55 56 9.247433278992922 0.0009971422265397593
-4 -3.75 56 57 8.839417555758157 0.02045716894776161
-4 -3.75 57 58 8.449954691981116 0.02339303720611382
-4 -3.75 58 59 8.078425488738958 0.02164777922534298
-4 -3.75 59 60 7.723963498206885 0.02035397091182636
-4 -3.75 60 61 7.385727066283003 0.01914716853667664
-4 -3.75 61 62 7.062877201089918 0.01759407872615511
-4 -3.75 62 63 6.754707815025103 0.01575300323935453
-4 -3.75 63 64 6.460473899192486 0.01403434725156345
-4 -3.75 64 65 6.179466533615361 0.01269374798226793
-4 -3.75 65 66 5.910983360515599 0.01130762907056181
-4 -3.75 66 67 5.654304140571641 0.01002736399617188
-4 -3.75 67 68 5.408627330201652 0.008825477107963716
-4 -3.75 68 69 5.172831825408064 0.007716682931643257
-4 -3.75 69 70 4.940061121505281 0.005849861734475654
-4 -3.75 70 71 4.723976675523339 0.005046242222610076
-4 -3.75 71 72 4.51040466840249 0.005997234871249263
-4 -3.75 72 73 4.306515777927693 0.003998211820411868
-4 -3.75 73 74 4.105227772587673 0.005449500650218484
-4 -3.75 74 75 3.908521051976626 0.002776001692467746
-4 -3.75 75 76 3.720302773893253 0.002192158487984965
-4 -3.75 76 77 3.538366468081062 0.001760087612621718
-4 -3.75 77 78 3.362676025968077 0.001432019538427404
-4 -3.75 78 79 3.193168210013748 0.001117763752820579
-4 -3.75 79 80 3.01279105820891 0.003028461583434552
-4 -3.75 80 81 2.882712261440383 0.0006982056911355195
-4 -3.75 81 82 2.721170433541297 0.0004581763778055136
-4 -3.75 82 83 2.575761998701467 0.0004215491837803862
-4 -3.75 83 84 2.436162942987178 0.0004255695053990585
-4 -3.75 84 85 2.302275939816102 0.0004463152432335879
-4 -3.75 85 86 2.173995838476988 0.0004732335402969091
-4 -3.75 86 87 2.051210281605888 0.0005259369005195922
-4 -3.75 87 88 1.933798721492743 0.0005522126115145975
-4 -3.75 88 89 1.821632665624127 0.0005667170277561493
-4 -3.75 89 90 1.71458278561998 0.000572760422971312
-4 -3.75 90 91 1.612515890182491 0.000571228061414773
-4 -3.75 91 92 1.515294816748304 0.0005610569553505548
-4 -3.75 92 93 1.422779661938562 0.0005434642204323322
-4 -3.75 93 94 1.334828162531311 0.0005201842776198077
-4 -3.75 94 95 1.251296173190202 0.000492731484359394
-4 -3.75 95 96 1.172038218808616 0.0004624118364422352
-4 -3.75 96 97 1.096908018163576 0.000430336906679881
-4 -3.75 97 98 1.025758978522861 0.000397439134900854
-4 -3.75 98 99 0.9584446602517112 0.0003743709530169903
-4 -3.75 99 100 0.8948192147583014 0.0003555120221591274
-3.75 -3.5 50 51 14.46483783753883 0.04802827686373596
-3.75 -3.5 51 52 13.85503248515028 0.04698517525820741
-3.75 -3.5 52 53 13.27077758741057 0.04477572623163094
-3.75 -3.5 53 54 12.71120232314932 0.04160619265638696
-3.75 -3.5 54 55 12.17542616733687 0.03766290101781289
-3.75 -3.5 55 56 11.66253132784972 0.03333386829746754
-3.75 -3.5 56 57 11.17148851842453 0.02967989777355369
-3.75 -3.5 57 58 10.70141872603205 0.02688280644000734
-3.75 -3.5 58 59 10.25150517632828 0.02482937327131687
-3.75 -3.5 59 60 9.820943195894436 0.02340604552122063
-3.75 -3.5 60 61 9.408884413520454 0.02209139750493551
-3.75 -3.5 61 62 9.014462937837468 0.02026007888984693
-3.75 -3.5 62 63 8.63695528494673 0.01799189291342131
-3.75 -3.5 63 64 8.275574965531106 0.01589552183745614
-3.75 -3.5 64 65 7.929566786943621 0.01435185583469241
-3.75 -3.5 65 66 7.598168022337131 0.01271026111892618
-3.75 -3.5 66 67 7.280579918957407 0.01120747052066753
-3.75 -3.5 67 68 6.968427297272477 0.01143829484051297
-3.75 -3.5 68 69 6.6818325412241 0.009822643653133399
-3.75 -3.5 69 70 6.398482730425187 0.006477383756047022
-3.75 -3.5 70 71 6.122736689495344 0.01535583344404098
-3.75 -3.5 71 72 5.858989188051254 0.01039413285881662
-3.75 -3.5 72 73 5.598057800292196 0.009773942806424808
-3.75 -3.5 73 74 5.342109583032698 0.007761290026411227
-3.75 -3.5 74 75 5.096487625339002 0.006558454668245884
-3.75 -3.5 75 76 4.858251424780711 0.005478908288255014
-3.75 -3.5 76 77 4.627418368306902 0.004527385386132038
-3.75 -3.5 77 78 4.403993946693083 0.003676102837836578
-3.75 -3.5 78 79 4.18794448428525 0.002886413520290775
-3.75 -3.5 79 80 3.956890213906243 0.00420359379880348
-3.75 -3.5 80 81 3.777878762008191 0.00155503991559044
-3.75 -3.5 81 82 3.598425853795618 0.001859881645220676
-3.75 -3.5 82 83 3.396873201198403 0.0006533031762351574
-3.75 -3.5 83 84 3.217075448094382 0.0005938773203255871
-3.75 -3.5 84 85 3.083271008556835 0.001511657317563202
-3.75 -3.5 85 86 2.878442765258098 0.001132303366503179
-3.75 -3.5 86 87 2.719395629856233 0.001410146230011541
-3.75 -3.5 87 88 2.567032620719965 0.00165830317188775
-3.75 -3.5 88 89 2.421216092903436 0.001882523992087348
-3.75 -3.5 89 90 2.28180652590938 0.002080819132456184
-3.75 -3.5 90 91 2.148657666657372 0.002252171532682633
-3.75 -3.5 91 92 2.021616270864784 0.002396021179456748
-3.75 -3.5 92 93 1.900702098592542 0.00066077784723006
-3.75 -3.5 93 94 1.785385971230114 0.0006373340163252276
-3.75 -3.5 94 95 1.675689172476432 0.0006149303325326048
-3.75 -3.5 95 96 1.571441379400718 0.0005911640379156009
-3.75 -3.5 96 97 1.472469776482287 0.0005666486809304273
-3.75 -3.5 97 98 1.378599761479703 0.0005418775747417633
-3.75 -3.5 98 99 1.288854302365029 0.001278468105611547
-3.75 -3.5 99 100 1.207867469433723 0.0006795083337524467
-3.5 -3.25 50 51 16.20059707116009 0.05455859565658559
-3.5 -3.25 51 52 15.55691141753913 0.05329077288647155
-3.5 -3.25 52 53 14.93720267848289 0.05066767014341993
-3.5 -3.25 53 54 14.34097321566387 0.04692617336435475
-3.5 -3.25 54 55 13.76766338719414 0.04228070271817085
-3.5 -3.25 55 56 13.2166300620924 0.03719234253340364
-3.5 -3.25 56 57 12.68707569610599 0.03294347048750859
-3.5 -3.25 57 58 12.17832204523469 0.02975378849778047
-3.5 -3.25 58 59 11.68972482356974 0.02748493932064008
-3.5 -3.25 59 60 11.22062555559635 0.02599737083203165
-3.5 -3.25 60 61 10.77029654979142 0.02463248699643817
-3.5 -3.25 61 62 10.33796666311796 0.02259592203420086
-3.5 -3.25 62 63 9.923002122754163 0.01998592888438219
-3.5 -3.25 63 64 9.524680835458206 0.01758975827024251
-3.5 -3.25 64 65 9.142300569090921 0.01590162697570436
-3.5 -3.25 65 66 8.775133424673605 0.01406295540672908
-3.5 -3.25 66 67 8.413204737875283 0.01703323792375063
-3.5 -3.25 67 68 8.082459174243834 0.01584057952361675
-3.5 -3.25 68 69 7.755440140715645 0.007804271452877029
-3.5 -3.25 69 70 7.43830655470104 0.01028044003568519
-3.5 -3.25 70 71 7.129398696727414 0.01627274122698003
-3.5 -3.25 71 72 6.832319915329066 0.01033688229233464
-3.5 -3.25 72 73 6.537924679999463 0.01342793833029504
-3.5 -3.25 73 74 6.248350617009258 0.004016162270341698
-3.5 -3.25 74 75 5.969808770737568 0.003046967625215229
-3.5 -3.25 75 76 5.698980483386539 0.00228781361215295
-3.5 -3.25 76 77 5.435944961520523 0.001846131651310325
-3.5 -3.25 77 78 5.180765076434081 0.0015996602426814
-3.5 -3.25 78 79 4.933454395725793 0.001305159814238969
-3.5 -3.25 79 80 4.694041887490126 0.0009377501364877288
-3.5 -3.25 80 81 4.462540963263594 0.0007172401795720703
-3.5 -3.25 81 82 4.238940574019242 0.0006225138899870194
-3.5 -3.25 82 83 4.001716490436106 0.003235859875708768
-3.5 -3.25 83 84 3.795016320902873 0.002053057289422035
-3.5 -3.25 84 85 3.596129961367511 0.0050016365092472
-3.5 -3.25 85 86 3.404945409275427 0.006025160499043608
-3.5 -3.25 86 87 3.22134136723361 0.005459413897734585
-3.5 -3.25 87 88 3.045199313149368 0.003609050990820483
-3.5 -3.25 88 89 2.876404551228443 0.0008095042454920134
-3.5 -3.25 89 90 2.714809470840049 0.002990937550605466
-3.5 -3.25 90 91 2.570773286996262 0.0007829195230649918
-3.5 -3.25 91 92 2.421726984711552 0.0007690451644558168
-3.5 -3.25 92 93 2.27942795685863 0.0007514277879119303
-3.5 -3.25 93 94 2.143710528318231 0.0007311960655676591
-3.5 -3.25 94 95 2.014402664044784 0.0007093031387468966
-3.5 -3.25 95 96 1.891326936245905 0.0006865247469233912
-3.5 -3.25 96 97 1.774301450337244 0.000663465873345854
-3.5 -3.25 97 98 1.663140728561604 0.0006405735784285956
-3.5 -3.25 98 99 1.557803345624333 0.00302012917035688
-3.5 -3.25 99 100 1.457689800402326 0.003193040227155884
-3.25 -3 50 51 16.89581493095584 0.05939850103107479
-3.25 -3 51 52 16.26496141232485 0.05799401790835219
-3.25 -3 52 53 15.65431021191421 0.05508655705286507
-3.25 -3 53 54 15.06384039595366 0.05093588351548178
-3.25 -3 54 55 14.49341282974191 0.045777525231967
-3.25 -3 55 56 13.94275626241718 0.04012965034029663
-3.25 -3 56 57 13.41140321296049 0.03545038077358555
-3.25 -3 57 58 12.89896448624653 0.03198989029575958
-3.25 -3 58 59 12.40505059735067 0.02959021834424775
-3.25 -3 59 60 11.92922805075867 0.02809136768861011
-3.25 -3 60 61 11.47096850362585 0.0267220113287265
-3.25 -3 61 62 11.02967265427822 0.02454794611737098
-3.25 -3 62 63 10.60486360387276 0.02168242766897355
-3.25 -3 63 64 10.19595269495355 0.01906333731141282
-3.25 -3 64 65 9.802356162899571 0.01728100888459833
-3.25 -3 65 66 9.41225593385785 0.03035507284162552
-3.25 -3 66 67 9.048669493462363 0.01821148524526377
-3.25 -3 67 68 8.706249273651437 0.01711705219554853
-3.25 -3 68 69 8.366240786577016 0.008318144603624721
-3.25 -3 69 70 8.035661396039451 0.01037240530663246
-3.25 -3 70 71 7.712796279618047 0.01647745989137801
-3.25 -3 71 72 7.397124996564031 0.02254353902505787
-3.25 -3 72 73 7.092347747287114 0.01412986654772776
-3.25 -3 73 74 6.790352756562026 0.01614894075566474
-3.25 -3 74 75 6.493050469026564 0.003453228875845898
-3.25 -3 75 76 6.206481640939082 0.002624288271681918
-3.25 -3 76 77 5.927537200365983 0.00218474770207413
-3.25 -3 77 78 5.656340302409518 0.001979712331517245
-3.25 -3 78 79 5.392957337100654 0.001694821554007766
-3.25 -3 79 80 5.137470460626908 0.001296676892152816
-3.25 -3 80 81 4.889942952721825 0.000885624059123779
-3.25 -3 81 82 4.650409334327868 0.0008258506585959282
-3.25 -3 82 83 4.418858202790304 0.0008433296328291161
-3.25 -3 83 84 4.195275042626529 0.0008588261630736849
-3.25 -3 84 85 3.979633822776302 0.0008715880040559726
-3.25 -3 85 86 3.77188898311382 0.0008814191255944641
-3.25 -3 86 87 3.571976277091592 0.0008879066943253639
-3.25 -3 87 88 3.379810616765344 0.0008891518862361135
-3.25 -3 88 89 3.195285484607338 0.0008899645874291078
-3.25 -3 89 90 3.018289544710333 0.000887839576276617
-3.25 -3 90 91 2.848699192996584 0.0008826608842779235
-3.25 -3 91 92 2.686378121599061 0.0008751034451948999
-3.25 -3 92 93 2.531179986579103 0.0008650757556844012
-3.25 -3 93 94 2.38294904768639 0.000852766999842801
-3.25 -3 94 95 2.241711176998149 0.005086588821870327
-3.25 -3 95 96 2.106794421591434 0.005327982376268143
-3.25 -3 96 97 1.97843112958026 0.004150341136361587
-3.25 -3 97 98 1.856339184489118 0.003097682980383244
-3.25 -3 98 99 1.740330968508068 0.002163493668247267
-3.25 -3 99 100 1.630215468074788 0.001341221116480997
-3 -2.75 50 51 16.82810832128362 0.06330451903378514
-3 -2.75 51 52 16.23882465224339 0.06181678542866491
-3 -2.75 52 53 15.66495662732355 0.05870315105196815
-3 -2.75 53 54 15.10697861075836 0.05424162801612443
-3 -2.75 54 55 14.56519341972226 0.0486846602674483
-3 -2.75 55 56 14.03972603049003 0.04259699155247567
-3 -2.75 56 57 13.53046743294371 0.03758117131608487
-3 -2.75 57 58 13.03734426174016 0.03391299574209457
-3 -2.75 58 59 12.56024838318646 0.03141898891948502
-3 -2.75 59 60 12.0989984296595 0.02992283971849187
-3 -2.75 60 61 11.65329508941338 0.02856001832992119
-3 -2.75 61 62 11.22274207426622 0.02628008785940474
-3 -2.75 62 63 10.8070458769988 0.02320849135088808
-3 -2.75 63 64 10.4057813752915 0.02040879913944109
-3 -2.75 64 65 10.01851270178782 0.01855207940502803
-3 -2.75 65 66 9.632818016472719 0.03414114992458202
-3 -2.75 66 67 9.283417121974118 0.03422919582120561
-3 -2.75 67 68 8.93483278720209 0.01947058852699205
-3 -2.75 68 69 8.596993807586571 0.008755681631085728
-3 -2.75 69 70 8.26771103691398 0.008648073023899781
-3 -2.75 70 71 7.945294932349135 0.01487556690088605
-3 -2.75 71 72 7.629279365626026 0.02133981799006118
-3 -2.75 72 73 7.31962907307409 0.02642045182217875
-3 -2.75 73 74 7.020040452607333 0.01635339195655908
-3 -2.75 74 75 6.722851532517456 0.01707873114790332
-3 -2.75 75 76 6.432773527644361 0.01735991136651405
-3 -2.75 76 77 6.148170760771922 0.002567435884270005
-3 -2.75 77 78 5.873134759151242 0.002394310373290515
-3 -2.75 78 79 5.605520861114581 0.002114526491102348
-3 -2.75 79 80 5.345459941694724 0.001687540852760177
-3 -2.75 80 81 5.093061421013964 0.001137138496575958
-3 -2.75 81 82 4.848402967689122 0.001067286112461408
-3 -2.75 82 83 4.611512059958674 0.001065907201878211
-3 -2.75 83 84 4.382411750690309 0.001065327818977532
-3 -2.75 84 85 4.161111390267589 0.00106442778554505
-3 -2.75 85 86 3.947598378008426 0.001062607281374805
-3 -2.75 86 87 3.741838988227119 0.001059189710985879
-3 -2.75 87 88 3.543776157936525 0.001051652016048086
-3 -2.75 88 89 3.353328609397687 0.001045073214969297
-3 -2.75 89 90 3.170408861879665 0.001036494658565108
-3 -2.75 90 91 2.994915157418587 0.001025576220305175
-3 -2.75 91 92 2.82694475173153 0.007652061554779147
-3 -2.75 92 93 2.665848855178524 0.008235255444160122
-3 -2.75 93 94 2.5118645271163 0.006553000420121795
-3 -2.75 94 95 2.364773164996231 0.00502206067749201
-3 -2.75 95 96 2.224416151951198 0.003639292859069593
-3 -2.75 96 97 2.090626960218374 0.002400222775498937
-3 -2.75 97 98 1.96323225350575 0.001301166489782862
-3 -2.75 98 99 1.842052916206178 0.0008778093979634734
-3 -2.75 99 100 1.726905168993563 0.0008463944353134703
-2.75 -2.5 50 51 16.32635597061977 0.08196486211750457
-2.75 -2.5 51 52 15.79049607360321 0.07871129284601538
-2.75 -2.5 52 53 15.26517282063645 0.07481848215012299
-2.75 -2.5 53 54 14.75132087969624 0.07041036571222355
-2.75 -2.5 54 55 14.24965616328252 0.06563755312088093
-2.75 -2.5 55 56 13.76067626635711 0.06081800058030643
-2.75 -2.5 56 57 13.28461161995291 0.05667270925364656
-2.75 -2.5 57 58 12.82168961035755 0.05325029553459553
-2.75 -2.5 58 59 12.37207164816786 0.05042169090706793
-2.75 -2.5 59 60 11.93581954713208 0.04808654002484455
-2.75 -2.5 60 61 11.51285732300136 0.04589647530504125
-2.75 -2.5 61 62 11.10298890715742 0.04342719378037682
-2.75 -2.5 62 63 10.70610114152851 0.04075342776492516
-2.75 -2.5 63 64 10.32193307852849 0.03829874485031038
-2.75 -2.5 64 65 9.950198512342944 0.03626949847157521
-2.75 -2.5 65 66 9.57781529284194 0.04903576355822562
-2.75 -2.5 66 67 9.241982532237579 0.03935596939680172
-2.75 -2.5 67 68 8.904999988822759 0.03118008513981531
-2.75 -2.5 68 69 8.577671847397873 0.02772760567905291
-2.75 -2.5 69 70 8.257899451802231 0.02706566903259944
-2.75 -2.5 70 71 7.944063863900787 0.02786884232673139
-2.75 -2.5 71 72 7.635762700005266 0.02951677340921056
-2.75 -2.5 72 73 7.333014877460698 0.03111708754426117
-2.75 -2.5 73 74 7.036053037521704 0.03167285590111123
-2.75 -2.5 74 75 6.745178755666693 0.03115112847298399
-2.75 -2.5 75 76 6.460540445142165 0.03026896622703173
-2.75 -2.5 76 77 6.182364084774676 0.0293347351346934
-2.75 -2.5 77 78 5.912745197967165 0.01787280736255896
-2.75 -2.5 78 79 5.647995835994237 0.01697892438598627
-2.75 -2.5 79 80 5.388699556345689 0.01604677574437814
-2.75 -2.5 80 81 5.138437372244081 0.01517365418077812
-2.75 -2.5 81 82 4.895700326255806 0.0008515085345620175
-2.75 -2.5 82 83 4.660149617665123 0.0007021645922285751
-2.75 -2.5 83 84 4.432042587495538 0.0007529292523824287
-2.75 -2.5 84 85 4.211419306038795 0.0008099822925197342
-2.75 -2.5 85 86 3.99829625015996 0.0008664764860265944
-2.75 -2.5 86 87 3.792667100308389 0.0008891411061539549
-2.75 -2.5 87 88 3.59450064543536 0.0008918200260054622
-2.75 -2.5 88 89 3.403739677771723 0.0009083494459851467
-2.75 -2.5 89 90 3.22054561583259 0.01013918110349075
-2.75 -2.5 90 91 3.044289227972151 0.01112821717810655
-2.75 -2.5 91 92 2.875271666253443 0.009043003192772512
-2.75 -2.5 92 93 2.713308669161737 0.007117735229762849
-2.75 -2.5 93 94 2.55827824219293 0.005354305426418884
-2.75 -2.5 94 95 2.410046901682311 0.003751714535941816
-2.75 -2.5 95 96 2.268470916251887 0.002306880942765486
-2.75 -2.5 96 97 2.133397504379412 0.001178912731973884
-2.75 -2.5 97 98 2.004665986448551 0.0008970102136719368
-2.75 -2.5 98 99 1.882108858306449 0.001165148615286956
-2.75 -2.5 99 100 1.76555297681386 0.002048411422690791
-2.5 -2.25 50 51 15.55409943415839 0.07018558237502155
-2.5 -2.25 51 52 15.07544630896635 0.06861163201913414
-2.5 -2.25 52 53 14.60277047956799 0.06519670223877216
-2.5 -2.25 53 54 14.13741068513932 0.06024943548714342
-2.5 -2.25 54 55 13.68044681459267 0.05405077147100457
-2.5 -2.25 55 56 13.2327058263963 0.04725692579120221
-2.5 -2.25 56 57 12.79471872644235 0.0432519072618267
-2.5 -2.25 57 58 12.36698097468937 0.0401698888756636
-2.5 -2.25 58 59 11.94989545735511 0.03785372482059172
-2.5 -2.25 59 60 11.5437427363492 0.03617244208589548
-2.5 -2.25 60 61 11.14864863530768 0.03461213987504042
-2.5 -2.25 61 62 10.76459888116754 0.03253960664077961
-2.5 -2.25 62 63 10.39164473359341 0.03005872772360621
-2.5 -2.25 63 64 10.02967639399272 0.02781402806143025
-2.5 -2.25 64 65 9.678546255217228 0.02614502123977953
-2.5 -2.25 65 66 9.324465903345512 0.04518097395312192
-2.5 -2.25 66 67 9.007236269078248 0.04283571889516206
-2.5 -2.25 67 68 8.68679834042306 0.02598237237242374
-2.5 -2.25 68 69 8.374894772929082 0.01785874516795853
-2.5 -2.25 69 70 8.069556415503754 0.0178168598655275
-2.5 -2.25 70 71 7.769266841577213 0.02016906615201496
-2.5 -2.25 71 72 7.473691980815033 0.02350527865943156
-2.5 -2.25 72 73 7.182898727099349 0.02646992169499041
-2.5 -2.25 73 74 6.897163421820274 0.02858190554219164
-2.5 -2.25 74 75 6.616824303172947 0.02934167418165835
-2.5 -2.25 75 76 6.342066407003585 0.02931813727283583
-2.5 -2.25 76 77 6.073149999514733 0.02912165736341011
-2.5 -2.25 77 78 5.81034846615173 0.02883162954607407
-2.5 -2.25 78 79 5.555825471171875 0.0168857190899898
-2.5 -2.25 79 80 5.305586235237286 0.01684490575599279
-2.5 -2.25 80 81 5.061947595496484 0.0168234230684553
-2.5 -2.25 81 82 4.824321645660962 0.009325336310363141
-2.5 -2.25 82 83 4.594921749104117 0.008836699648172623
-2.5 -2.25 83 84 4.372538869276667 0.00836846470713597
-2.5 -2.25 84 85 4.157236524109624 0.007920099797467288
-2.5 -2.25 85 86 3.949053725928195 0.007491106950961566
-2.5 -2.25 86 87 3.748005736768349 0.007080927645398587
-2.5 -2.25 87 88 3.554081946926193 0.006688532571610172
-2.5 -2.25 88 89 3.367230526967052 0.01003774372115932
-2.5 -2.25 89 90 3.187637098063973 0.01427282716635832
-2.5 -2.25 90 91 3.014795920483706 0.01192544514021694
-2.5 -2.25 91 92 2.848854811154771 0.009711511883792911
-2.5 -2.25 92 93 2.689720003424293 0.008011658992426441
-2.5 -2.25 93 94 2.537285306601179 0.006710701770596423
-2.5 -2.25 94 95 2.391432297232726 0.005595184877987072
-2.5 -2.25 95 96 2.25203158101106 0.004683010503770017
-2.5 -2.25 96 97 2.118944010827471 0.003994805310628453
-2.5 -2.25 97 98 1.992021859176134 0.003651383819558811
-2.5 -2.25 98 99 1.871109907398573 0.003426075149401337
-2.5 -2.25 99 100 1.756046671127659 0.003308992486516327
-2.25 -2 50 51 15.41897231998527 0.07394352762580911
-2.25 -2 51 52 14.9634109714614 0.07233760733109477
-2.25 -2 52 53 14.51130970076406 0.06878914330418891
-2.25 -2 53 54 14.06427175966387 0.06362093021940601
-2.25 -2 54 55 13.623612435071 0.05712707679518263
-2.25 -2 55 56 13.19036950573515 0.04998509130845283
-2.25 -2 56 57 12.76526532023325 0.0441455228402161
-2.25 -2 57 58 12.34896238359813 0.03994834908503458
-2.25 -2 58 59 11.94201153032392 0.03718557242690097
-2.25 -2 59 60 11.54482546023202 0.03564404687187852
-2.25 -2 60 61 11.15765124843146 0.03424263888691707
-2.25 -2 61 62 10.78058175434924 0.03165866276028607
-2.25 -2 62 63 10.41376336355626 0.02804563109578036
-2.25 -2 63 64 10.05717124891821 0.02475913897103563
-2.25 -2 64 65 9.71073446353995 0.02265979333921445
-2.25 -2 65 66 9.374282180666697 0.02022080581596394
-2.25 -2 66 67 9.045804429036082 0.05329751296850085
-2.25 -2 67 68 8.728417935207695 0.03478370827497013
-2.25 -2 68 69 8.41908666347166 0.01918633777135012
-2.25 -2 69 70 8.115859314188981 0.008898908408854699
-2.25 -2 70 71 7.817240097402035 0.007492091380331062
-2.25 -2 71 72 7.522931262151431 0.0125161189171877
-2.25 -2 72 73 7.233035801438909 0.01934343516003967
-2.25 -2 73 74 6.947866642602527 0.02303344844070658
-2.25 -2 74 75 6.667794151234894 0.02418317337432123
-2.25 -2 75 76 6.393038104394577 0.02447372358140703
-2.25 -2 76 77 6.123888587985704 0.02456948667611149
-2.25 -2 77 78 5.860644037419398 0.02455606155977624
-2.25 -2 78 79 5.603567978110533 0.02450456282250034
-2.25 -2 79 80 5.352888101090862 0.02447508576868074
-2.25 -2 80 81 5.108797925499388 0.02451719661096925
-2.25 -2 81 82 4.870765397586034 0.01739782425539202
-2.25 -2 82 83 4.640706131507478 0.01708954981554212
-2.25 -2 83 84 4.417411786455453 0.01639798336758986
-2.25 -2 84 85 4.200977728138088 0.01539596957762284
-2.25 -2 85 86 3.991473346745384 0.01414930913710001
-2.25 -2 86 87 3.788942492476153 0.01271570906666495
-2.25 -2 87 88 3.593434538360775 0.01114555082714222
-2.25 -2 88 89 3.404897384638041 0.01411093787326261
-2.25 -2 89 90 3.22358850320774 0.01178678407427259
-2.25 -2 90 91 3.049257190540803 0.009456682189831095
-2.25 -2 91 92 2.881828535480091 0.007275707171382129
-2.25 -2 92 93 2.72121552343212 0.005297890375077198
-2.25 -2 93 94 2.567317989088339 0.003566471702841756
-2.25 -2 94 95 2.420022843107686 0.002443339880008566
-2.25 -2 95 96 2.279205377134515 0.001921313670063536
-2.25 -2 96 97 2.144730523753283 0.002621221589219186
-2.25 -2 97 98 2.016454069544841 0.003367137974790231
-2.25 -2 98 99 1.894223779279102 0.004116080645006254
-2.25 -2 99 100 1.777880677945738 0.004973025825897766
-2 -1.75 50 51 14.48913120594656 0.07456280028791265
-2 -1.75 51 52 14.10090348212765 0.07304378413582047
-2 -1.75 52 53 13.71096942516954 0.06947385604281352
-2 -1.75 53 54 13.32137266138864 0.06419060988613184
-2 -1.75 54 55 12.93382671820314 0.05750199899747251
-2 -1.75 55 56 12.54972978472323 0.05012112925972718
-2 -1.75 56 57 12.1701301337218 0.04410564619244215
-2 -1.75 57 58 11.79598693570306 0.03981550066450407
-2 -1.75 58 59 11.42812093395419 0.03703248629495726
-2 -1.75 59 60 11.06719030898427 0.03553299733862478
-2 -1.75 60 61 10.71367178638329 0.03417569333539795
-2 -1.75 61 62 10.36786791334973 0.0315638398583454
-2 -1.75 62 63 10.03011138604164 0.02785859989145321
-2 -1.75 63 64 9.700555101543742 0.02473699293456642
-2 -1.75 64 65 9.379291701144979 0.02300650735143187
-2 -1.75 65 66 9.052063255242118 0.04938683168161572
-2 -1.75 66 67 8.761174653789098 0.04965176395029094
-2 -1.75 67 68 8.464198911922153 0.03089536250811957
-2 -1.75 68 69 8.174006255248472 0.01568645161847607
-2 -1.75 69 70 7.888800671612316 0.01320852033208893
-2 -1.75 70 71 7.607188776682442 0.01644583199055686
-2 -1.75 71 72 7.328929261927101 0.02098572146290585
-2 -1.75 72 73 7.05416238311453 0.02610959638527027
-2 -1.75 73 74 6.783239331357223 0.0295447125330199
-2 -1.75 74 75 6.516566640166701 0.03036393730113552
-2 -1.75 75 76 6.254393689700954 0.03031979428404747
-2 -1.75 76 77 5.997044280295881 0.03010881051908757
-2 -1.75 77 78 5.744851548805826 0.02981720241048492
-2 -1.75 78 79 5.498112981370745 0.02951664328095318
-2 -1.75 79 80 5.257089328678966 0.02926790355719664
-2 -1.75 80 81 5.023069111703435 0.01764538732665945
-2 -1.75 81 82 4.793485771136073 0.01774076005823644
-2 -1.75 82 83 4.570244864703429 0.01755064358292844
-2 -1.75 83 84 4.353613759383922 0.005248313495747171
-2 -1.75 84 85 4.14371007560317 0.004906044079361479
-2 -1.75 85 86 3.940364666443994 0.004584075427299402
-2 -1.75 86 87 3.743342675767718 0.01362892835139397
-2 -1.75 87 88 3.55335965654389 0.01216397911674489
-2 -1.75 88 89 3.370291269777965 0.01697465432793605
-2 -1.75 89 90 3.193432252979079 0.01438319917466041
-2 -1.75 90 91 3.023174266134617 0.01177812006573527
-2 -1.75 91 92 2.859465472504951 0.009318061299842952
-2 -1.75 92 93 2.702240886412783 0.007044994424551566
-2 -1.75 93 94 2.551421452633956 0.004962314809602368
-2 -1.75 94 95 2.406914335513452 0.003374366932520932
-2 -1.75 95 96 2.268614230326216 0.002374142153415369
-2 -1.75 96 97 2.13640463097369 0.002145731225127033
-2 -1.75 97 98 2.010159052159715 0.002004204895356734
-2 -1.75 98 99 1.889742159872778 0.002766370140573191
-2 -1.75 99 100 1.775011083511576 0.003811290626567295
-1.75 -1.5 50 51 14.22582924473423 0.07463363707670902
-1.75 -1.5 51 52 13.84634689503403 0.0731961350460115
-1.75 -1.5 52 53 13.46449080676575 0.06962398418341541
-1.75 -1.5 53 54 13.08238561122164 0.06426607204159458
-1.75 -1.5 54 55 12.70181512922841 0.05744153682537164
-1.75 -1.5 55 56 12.3242384360509 0.04989444798993405
-1.75 -1.5 56 57 11.95075575969931 0.04377494130372122
-1.75 -1.5 57 58 11.58237145189243 0.03945792505697473
-1.75 -1.5 58 59 11.21994571618154 0.03671431806683628
-1.75 -1.5 59 60 10.86417078634548 0.03531048813021175
-1.75 -1.5 60 61 10.51555037056526 0.03404762335388304
-1.75 -1.5 61 62 10.17440672178554 0.03145788349567514
-1.75 -1.5 62 63 9.841096121685297 0.02770969583518153
-1.75 -1.5 63 64 9.51578761137975 0.02430971753241568
-1.75 -1.5 64 65 9.198588486862477 0.02221469559915099
-1.75 -1.5 65 66 8.889491948124331 0.01972898953411236
-1.75 -1.5 66 67 8.590029889783182 0.05291256488240866
-1.75 -1.5 67 68 8.296493703666698 0.03300903234728309
-1.75 -1.5 68 69 8.009622491881316 0.0165859133514604
-1.75 -1.5 69 70 7.727668893354583 0.005899664898916826
-1.75 -1.5 70 71 7.449292349303754 0.01069005384016605
-1.75 -1.5 71 72 7.174284337421568 0.01947273476096253
-1.75 -1.5 72 73 6.902801314426874 0.02658102031036865
-1.75 -1.5 73 74 6.635202905869022 0.03033743978797032
-1.75 -1.5 74 75 6.371895291405352 0.03131325742300276
-1.75 -1.5 75 76 6.113134788348525 0.03136874550196445
-1.75 -1.5 76 77 5.85924508170514 0.03124162579876823
-1.75 -1.5 77 78 5.610553872130765 0.03102366080365532
-1.75 -1.5 78 79 5.367352883886895 0.03079106989808679
-1.75 -1.5 79 80 5.129896755469069 0.03060843761547006
-1.75 -1.5 80 81 4.898404794263648 0.03052907008722679
-1.75 -1.5 81 82 4.673115819847396 0.01892151685584716
-1.75 -1.5 82 83 4.453509851506155 0.01872766368250281
-1.75 -1.5 83 84 4.240449655813936 0.000938995455979878
-1.75 -1.5 84 85 4.034214745130242 0.001037614572753048
-1.75 -1.5 85 86 3.83452708601979 0.001031279585762251
-1.75 -1.5 86 87 3.641193259358207 0.01460679877712252
-1.75 -1.5 87 88 3.454828846708875 0.01306131177983152
-1.75 -1.5 88 89 3.275562330996031 0.01814408827819796
-1.75 -1.5 89 90 3.102231553930888 0.01544005488800291
-1.75 -1.5 90 91 2.935462430986309 0.01271669802554768
-1.75 -1.5 91 92 2.775197569479619 0.01014201919966358
-1.75 -1.5 92 93 2.621366627318128 0.007760796504619333
-1.75 -1.5 93 94 2.473885504000307 0.005577090987142568
-1.75 -1.5 94 95 2.332656684869448 0.003592486787376044
-1.75 -1.5 95 96 2.197570562184708 0.001812650011988843
-1.75 -1.5 96 97 2.068506709206492 0.001123994671090187
-1.75 -1.5 97 98 1.945335105704249 0.001559070076584891
-1.75 -1.5 98 99 1.82791726477817 0.002571974825583136
-1.75 -1.5 99 100 1.716107559318102 0.003673244794730567
-1.5 -1.25 50 51 13.35413817409247 0.07902258510243255
-1.5 -1.25 51 52 13.02607762216741 0.07751447034716535
-1.5 -1.25 52 53 12.69201372100258 0.07378049928794304
-1.5 -1.25 53 54 12.35437324686728 0.06818249515838923
-1.5 -1.25 54 55 12.01521335470431 0.06105107286238017
-1.5 -1.25 55 56 11.67624170502128 0.05545761923069228
-1.5 -1.25 56 57 11.33878728747689 0.05119433849680079
-1.5 -1.25 57 58 11.0040592560062 0.04795946195365926
-1.5 -1.25 58 59 10.67310280469557 0.04556091176857476
-1.5 -1.25 59 60 10.34677841589132 0.04384622700700039
-1.5 -1.25 60 61 10.02574886724176 0.04224558669937926
-1.5 -1.25 61 62 9.710482032907038 0.04005911325220678
-1.5 -1.25 62 63 9.401461691082517 0.03741284585838669
-1.5 -1.25 63 64 9.098977704185216 0.03502524383401488
-1.5 -1.25 64 65 8.803248593597274 0.03325655500364738
-1.5 -1.25 65 66 8.514369843529323 0.03139192601364932
-1.5 -1.25 66 67 8.2324477762605 0.05917183510532822
-1.5 -1.25 67 68 7.957031484473802 0.03798235779874429
-1.5 -1.25 68 69 7.687330561325524 0.02743227910868344
-1.5 -1.25 69 70 7.421736626258536 0.02370882422077891
-1.5 -1.25 70 71 7.159015895536086 0.02384059603472609
-1.5 -1.25 71 72 6.899015700942968 0.02626848439733967
-1.5 -1.25 72 73 6.641923306182662 0.02921127727443072
-1.5 -1.25 73 74 6.388122750984301 0.03084941085258417
-1.5 -1.25 74 75 6.138037908798786 0.03097873249404816
-1.5 -1.25 75 76 5.891943467480232 0.03067328859687244
-1.5 -1.25 76 77 5.650180247841448 0.03076960087373981
-1.5 -1.25 77 78 5.413091400906929 0.03075966893547264
-1.5 -1.25 78 79 5.180983959755423 0.03072363765430082
-1.5 -1.25 79 80 4.954127631873831 0.03072943929624672
-1.5 -1.25 80 81 4.732756576904329 0.03083321659033628
-1.5 -1.25 81 82 4.517440394867748 0.01947781666528067
-1.5 -1.25 82 83 4.306975424508515 0.01931427563365481
-1.5 -1.25 83 84 4.102626647939854 0.01872174124343562
-1.5 -1.25 84 85 3.904760617392526 0.01226327560242607
-1.5 -1.25 85 86 3.712634120305157 0.0165653214025943
-1.5 -1.25 86 87 3.527105341242734 0.01513512842328433
-1.5 -1.25 87 88 3.347886639920738 0.01354423380793896
-1.5 -1.25 88 89 3.175336583349534 0.01891766352176395
-1.5 -1.25 89 90 3.008448134322819 0.01616520111743
-1.5 -1.25 90 91 2.847780571750839 0.01384131573008513
-1.5 -1.25 91 92 2.693289462292263 0.0120334504667427
-1.5 -1.25 92 93 2.544917249926726 0.01042917506077394
-1.5 -1.25 93 94 2.40259242084311 0.009045559998860088
-1.5 -1.25 94 95 2.266229829282489 0.007898475617954108
-1.5 -1.25 95 96 2.135732007995644 0.007000101918732341
-1.5 -1.25 96 97 2.01099043188324 0.00640968086170248
-1.5 -1.25 97 98 1.891886733331299 0.006042552868581374
-1.5 -1.25 98 99 1.778293815731399 0.005745463216430009
-1.5 -1.25 99 100 1.670077186239428 0.005704878543129556
-1.25 -1 50 51 13.30982246295997 0.08218724514022804
-1.25 -1 51 52 12.99326853147056 0.08064320572930053
-1.25 -1 52 53 12.66930747457602 0.0767966702297108
-1.25 -1 53 54 12.34052275943952 0.07102009374981608
-1.25 -1 54 55 12.0091103109088 0.06365391156858172
-1.25 -1 55 56 11.67690180623907 0.05616947767829052
-1.25 -1 56 57 11.34533935549098 0.05145783833354243
-1.25 -1 57 58 11.01572914298649 0.0478554174730265
-1.25 -1 58 59 10.68920137779843 0.04517512124197237
-1.25 -1 59 60 10.36669197533014 0.04326484236455687
-1.25 -1 60 61 10.0489318348482 0.04149107930065152
-1.25 -1 61 62 9.736447865212753 0.0390552059724164
-1.25 -1 62 63 9.42977734653816 0.03607979657718739
-1.25 -1 63 64 9.12925649851276 0.03338201920464239
-1.25 -1 64 65 8.835145592878206 0.03139917706556206
-1.25 -1 65 66 8.547576496255246 0.02929010513171079
-1.25 -1 66 67 8.265757412492093 0.06368473267912368
-1.25 -1 67 68 7.991170009738624 0.04165873229805634
-1.25 -1 68 69 7.72207192576677 0.02680793414766989
-1.25 -1 69 70 7.456871025114268 0.02077086782851018
-1.25 -1 70 71 7.194345732165687 0.01948726049767352
-1.25 -1 71 72 6.934360510741101 0.02152406909870783
-1.25 -1 72 73 6.677118258018936 0.02465787000909993
-1.25 -1 73 74 6.423020954607786 0.02780171444591216
-1.25 -1 74 75 6.172508935332814 0.02920476695174831
-1.25 -1 75 76 5.925871629733329 0.02958733699994789
-1.25 -1 76 77 5.683464646738074 0.02976304457041756
-1.25 -1 77 78 5.44564466785129 0.02983168166294755
-1.25 -1 78 79 5.21273136118198 0.02987608154868825
-1.25 -1 79 80 4.985006106051664 0.02996636201946204
-1.25 -1 80 81 4.762713816974241 0.03016039672009223
-1.25 -1 81 82 4.546058907678407 0.03041029656844154
-1.25 -1 82 83 4.335168408686734 0.03013579514922992
-1.25 -1 83 84 4.13017825468598 0.02919936890047821
-1.25 -1 84 85 3.9312108080874 0.02772464829454295
-1.25 -1 85 86 3.738361855239454 0.02582125990287686
-1.25 -1 86 87 3.551700985019391 0.02358434028496313
-1.25 -1 87 88 3.371273237418816 0.0210958194628497
-1.25 -1 88 89 3.197100721341528 0.01842567144811061
-1.25 -1 89 90 3.029184199371073 0.01563312042713707
-1.25 -1 90 91 2.867503684228453 0.01280559488098551
-1.25 -1 91 92 2.712018206020339 0.01012713096692735
-1.25 -1 92 93 2.562673118009084 0.007817356724553789
-1.25 -1 93 94 2.419399367470088 0.006413436118520696
-1.25 -1 94 95 2.282113886353923 0.005293395310560166
-1.25 -1 95 96 2.150720930899785 0.004547284686132236
-1.25 -1 96 97 2.025113373294566 0.004258968993487136
-1.25 -1 97 98 1.905173943784147 0.004034608508876032
-1.25 -1 98 99 1.790776366396358 0.004229829584005268
-1.25 -1 99 100 1.681786730574901 0.004568838513962234
-1 -0.75 50 51 12.99670037124707 0.08564352643360376
-1 -0.75 51 52 12.69352556978592 0.08401083920353496
-1 -0.75 52 53 12.38201569883302 0.08001135741483636
-1 -0.75 53 54 12.06484342219539 0.07402688655576757
-1 -0.75 54 55 11.74428397478502 0.06640654666309517
-1 -0.75 55 56 11.42223907201901 0.05797237099826129
-1 -0.75 56 57 11.10021123371766 0.05111542307321484
-1 -0.75 57 58 10.77956252789562 0.04625844694924697
-1 -0.75 58 59 10.46147383610671 0.04315177104816593
-1 -0.75 59 60 10.14692627069985 0.04153808669611062
-1 -0.75 60 61 9.836691930857441 0.04007676025808267
-1 -0.75 61 62 9.531333567338464 0.03711988311588425
-1 -0.75 62 63 9.23142172906077 0.03285400614108831
-1 -0.75 63 64 8.93732332960434 0.02897462254062413
-1 -0.75 64 65 8.649326902307905 0.02656368040615611
-1 -0.75 65 66 8.367590119126035 0.02370466261445552
-1 -0.75 66 67 8.090586309336686 0.0637395013232346
-1 -0.75 67 68 7.821398329346465 0.04114308072638388
-1 -0.75 68 69 7.557499962040637 0.02206411246563008
-1 -0.75 69 70 7.297351174008384 0.01187327427862551
-1 -0.75 70 71 7.039774037875119 0.01223838107803601
-1 -0.75 71 72 6.784655200170135 0.017140224221189
-1 -0.75 72 73 6.532206922352643 0.02559773085512836
-1 -0.75 73 74 6.282836207120887 0.03016750665928102
-1 -0.75 74 75 6.036983315032934 0.03156249914972204
-1 -0.75 75 76 5.794940720344762 0.03190859731720731
-1 -0.75 76 77 5.557064149200109 0.03204435159601415
-1 -0.75 77 78 5.323707939153955 0.03207229392821374
-1 -0.75 78 79 5.09518934755274 0.0320775627604401
-1 -0.75 79 80 4.871787244583629 0.03213229833953867
-1 -0.75 80 81 4.653743984329409 0.03229610352673223
-1 -0.75 81 82 4.441261686278693 0.03251940733444858
-1 -0.75 82 83 4.234791424601234 0.02115799516534381
-1 -0.75 83 84 4.033525056623731 0.005743188632842577
-1 -0.75 84 85 3.838461529016314 0.005460371781667965
-1 -0.75 85 86 3.649448166766298 0.005190864349415123
-1 -0.75 86 87 3.466558826055856 0.02530634943172693
-1 -0.75 87 88 3.289804139538816 0.02270356525008284
-1 -0.75 88 89 3.119213791053166 0.01991290297612702
-1 -0.75 89 90 2.954786840939416 0.01699552190996807
-1 -0.75 90 91 2.796501845768734 0.01404176424068758
-1 -0.75 91 92 2.644316675394595 0.01124185445556237
-1 -0.75 92 93 2.49817567708298 0.008646983193278456
-1 -0.75 93 94 2.358009004870677 0.006261976525185045
-1 -0.75 94 95 2.223733035728902 0.00439256835759963
-1 -0.75 95 96 2.095251707474059 0.003326538892283379
-1 -0.75 96 97 1.972457806837939 0.002956456419244176
-1 -0.75 97 98 1.855234206516707 0.002804587670129991
-1 -0.75 98 99 1.743454991515716 0.003025201097218877
-1 -0.75 99 100 1.636986834284436 0.003841500512658777
-0.75 -0.5 50 51 12.52187232795345 0.08660205889649142
-0.75 -0.5 51 52 12.2445823381334 0.08500201559524005
-0.75 -0.5 52 53 11.95719628085976 0.08098455322482498
-0.75 -0.5 53 54 11.66253278721189 0.07493842082054883
-0.75 -0.5 54 55 11.36299892881505 0.06850840769185673
-0.75 -0.5 55 56 11.06061612834779 0.06267527093818483
-0.75 -0.5 56 57 10.75699684019347 0.05783628101318031
-0.75 -0.5 57 58 10.45360143763128 0.05411668232286793
-0.75 -0.5 58 59 10.15169951445928 0.05131974708536507
-0.75 -0.5 59 60 9.852352757667248 0.04928760049175359
-0.75 -0.5 60 61 9.556408934343082 0.0473900802875206
-0.75 -0.5 61 62 9.26449960368997 0.04484063794274899
-0.75 -0.5 62 63 8.977256428343225 0.0417683761793476
-0.75 -0.5 63 64 8.695104071689897 0.0389791243078285
-0.75 -0.5 64 65 8.418384385085758 0.03689366511220236
-0.75 -0.5 65 66 8.147304597637756 0.03469299928134391
-0.75 -0.5 66 67 7.880572317469458 0.06746818596518722
-0.75 -0.5 67 68 7.620927420498319 0.04421578066909198
-0.75 -0.5 68 69 7.366110301403211 0.03170811632795293
-0.75 -0.5 69 70 7.114655868171241 0.02585812895245288
-0.75 -0.5 70 71 6.865442812890223 0.02446749551021909
-0.75 -0.5 71 72 6.618385617810674 0.02612555844376026
-0.75 -0.5 72 73 6.373710693179724 0.0289332004588921
-0.75 -0.5 73 74 6.131835648270439 0.03065482777376158
-0.75 -0.5 74 75 5.893207672727954 0.03093378476370908
-0.75 -0.5 75 76 5.658127849447723 0.03139081002354033
-0.75 -0.5 76 77 5.426958907185806 0.03162798431464759
-0.75 -0.5 77 78 5.20006071559407 0.03175035461377717
-0.75 -0.5 78 79 4.977756054375362 0.03184520736995706
-0.75 -0.5 79 80 4.760329259091854 0.03198654307844575
-0.75 -0.5 80 81 4.548028108826436 0.03223555034642124
-0.75 -0.5 81 82 4.341060236823125 0.03254151587084331
-0.75 -0.5 82 83 4.139557357148675 0.03228955010575697
-0.75 -0.5 83 84 3.943531951700621 0.02070130983022976
-0.75 -0.5 84 85 3.753103152612084 0.01968785248119634
-0.75 -0.5 85 86 3.568672444941534 0.01836810875614743
-0.75 -0.5 86 87 3.390710057103291 0.02546893994562328
-0.75 -0.5 87 88 3.218219294856326 0.02285202754306921
-0.75 -0.5 88 89 3.051703067031017 0.02003826439057998
-0.75 -0.5 89 90 2.891165776278839 0.01709047222013484
-0.75 -0.5 90 91 2.736591336026859 0.01410144875615854
-0.75 -0.5 91 92 2.587942994705017 0.01191675999908245
-0.75 -0.5 92 93 2.445170450907955 0.01022169970855112
-0.75 -0.5 93 94 2.308209193473651 0.008770719364131319
-0.75 -0.5 94 95 2.17698091833276 0.00758774344236105
-0.75 -0.5 95 96 2.051394859188623 0.006693304452108621
-0.75 -0.5 96 97 1.931349068244002 0.006210708974053561
-0.75 -0.5 97 98 1.816731645682708 0.005839559829348921
-0.75 -0.5 98 99 1.707421856348727 0.005689760207417838
-0.75 -0.5 99 100 1.603291506354509 0.005771076227682099
-0.5 -0.25 50 51 12.38709542555387 0.09121029339595488
-0.5 -0.25 51 52 12.12066815515084 0.08835091152937657
-0.5 -0.25 52 53 11.84320002731272 0.08432922399038199
-0.5 -0.25 53 54 11.55759955675617 0.0793431800280056
-0.5 -0.25 54 55 11.26635430156395 0.07362507056324166
-0.5 -0.25 55 56 10.97155820775814 0.06768161631799759
-0.5 -0.25 56 57 10.67488992786986 0.06271275392993053
-0.5 -0.25 57 58 10.37786809564366 0.05882643753137889
-0.5 -0.25 58 59 10.08181429255897 0.05582954511447358
-0.5 -0.25 59 60 9.787836987162464 0.05357039926091826
-0.5 -0.25 60 61 9.496827357610755 0.05145561212866655
-0.5 -0.25 61 62 9.209455838875542 0.04874373958827737
-0.5 -0.25 62 63 8.926388567005915 0.04555822409664512
-0.5 -0.25 63 64 8.648081983890407 0.04265701621268361
-0.5 -0.25 64 65 8.374906932217328 0.04042930089669476
-0.5 -0.25 65 66 8.107096689557437 0.03810912389355285
-0.5 -0.25 66 67 7.843640504492768 0.06782912914895232
-0.5 -0.25 67 68 7.58677865067736 0.04442846668551885
-0.5 -0.25 68 69 7.334538258944704 0.03426529485678426
-0.5 -0.25 69 70 7.085477159660186 0.02877500186383658
-0.5 -0.25 70 71 6.838491714684238 0.02744976386059618
-0.5 -0.25 71 72 6.593509571097584 0.02892367257487363
-0.5 -0.25 72 73 6.350766869691256 0.03147854633387261
-0.5 -0.25 73 74 6.110690695638553 0.03300189667890131
-0.5 -0.25 74 75 5.873736265461183 0.03305900017733802
-0.5 -0.25 75 76 5.640212389895339 0.03260007654093679
-0.5 -0.25 76 77 5.410489226432489 0.03249794382333937
-0.5 -0.25 77 78 5.184933379370761 0.03260688193303198
-0.5 -0.25 78 79 4.963874054739144 0.03269034140241055
-0.5 -0.25 79 80 4.74760167235091 0.03282325371785836
-0.5 -0.25 80 81 4.536369769421036 0.03306758044889405
-0.5 -0.25 81 82 4.330391456054507 0.03337150902768176
-0.5 -0.25 82 83 4.129803571718767 0.03310926445834099
-0.5 -0.25 83 84 3.934512616389839 0.0211035137302368
-0.5 -0.25 84 85 3.744863651405325 0.02007330307311235
-0.5 -0.25 85 86 3.561154776480006 0.01873142740355402
-0.5 -0.25 86 87 3.383964614997765 0.02615401110115159
-0.5 -0.25 87 88 3.212084123196362 0.02348811772563846
-0.5 -0.25 88 89 3.046129065471618 0.02062183099469527
-0.5 -0.25 89 90 2.886107276905321 0.01761898813231459
-0.5 -0.25 90 91 2.732005908116808 0.01475919205350771
-0.5 -0.25 91 92 2.583791270517732 0.01280017846188655
-0.5 -0.25 92 93 2.441415922546426 0.01106258488225786
-0.5 -0.25 93 94 2.304818032313335 0.009566994387040272
-0.5 -0.25 94 95 2.173921809320138 0.00833314333813992
-0.5 -0.25 95 96 2.048638843280127 0.007376838013240262
-0.5 -0.25 96 97 1.928869392670352 0.006796623181561933
-0.5 -0.25 97 98 1.814503621757201 0.006382877769866143
-0.5 -0.25 98 99 1.705422723083222 0.006121036405541436
-0.5 -0.25 99 100 1.601500307380174 0.006118925443147001
-0.25 0 50 51 12.41291405288985 0.08960702907616325
-0.25 0 51 52 12.14668220778935 0.08689618695664075
-0.25 0 52 53 11.8692495256152 0.08297548743650583
-0.25 0 53 54 11.58354854668679 0.07805072010199833
-0.25 0 54 55 11.2920877656592 0.07236060918859234
-0.25 0 55 56 10.99697934352781 0.06642536382046027
-0.25 0 56 57 10.69991763640644 0.06148232718929091
-0.25 0 57 58 10.40243501166566 0.05764573534419026
-0.25 0 58 59 10.10586505023365 0.0547179893358101
-0.25 0 59 60 9.811326621204444 0.05254296116310787
-0.25 0 60 61 9.519719837944294 0.05050783583880843
-0.25 0 61 62 9.231722401439356 0.04784792573210443
-0.25 0 62 63 8.948007413404056 0.04469108408283504
-0.25 0 63 64 8.669036827033153 0.04182034388269899
-0.25 0 64 65 8.395186334999309 0.03963885936393502
-0.25 0 65 66 8.126693123902641 0.03735557779029795
-0.25 0 66 67 7.862358363630591 0.06817673805815369
-0.25 0 67 68 7.60481521186172 0.04446896189591511
-0.25 0 68 69 7.351892019604833 0.03380040595435099
-0.25 0 69 70 7.102146133240396 0.02819363542069138
-0.25 0 70 71 6.854473921495185 0.0268793141910867
-0.25 0 71 72 6.608805309816788 0.02845351990630114
-0.25 0 72 73 6.365378602859508 0.03112807785838217
-0.25 0 73 74 6.124623673149692 0.03273629268313085
-0.25 0 74 75 5.886998227715303 0.03284384749176982
-0.25 0 75 76 5.652813088321764 0.03256695981924244
-0.25 0 76 77 5.422440486655631 0.03278905877529319
-0.25 0 77 78 5.19624883008899 0.03289824641749896
-0.25 0 78 79 4.974568909972994 0.03298334675586424
-0.25 0 79 80 4.757692502203533 0.03311966599049047
-0.25 0 80 81 4.545874286104805 0.03336946691700083
-0.25 0 81 82 4.339328354627384 0.03368027004123786
-0.25 0 82 83 4.138192458190161 0.03342061691857198
-0.25 0 83 84 3.942357819923934 0.02145565095192561
-0.25 0 84 85 3.752200055265973 0.02041522353064526
-0.25 0 85 86 3.568004699231793 0.0190602727597723
-0.25 0 86 87 3.390367716806026 0.026426180164888
-0.25 0 87 88 3.218043387482428 0.02374206908916998
-0.25 0 88 89 3.051665532626327 0.0208554350024148
-0.25 0 89 90 2.891241805523336 0.01783057219981135
-0.25 0 90 91 2.736759093346279 0.01481150407622682
-0.25 0 91 92 2.588183380137462 0.0128514279660878
-0.25 0 92 93 2.445466815990166 0.0111147980161964
-0.25 0 93 94 2.308547098139652 0.009622433418473776
-0.25 0 94 95 2.17734791544887 0.00839406395633103
-0.25 0 95 96 2.051780294904148 0.007445040926476903
-0.25 0 96 97 1.93174389739937 0.006874370881161256
-0.25 0 97 98 1.817128261470899 0.006465203322693266
-0.25 0 98 99 1.707813931183434 0.00621032915400356
-0.25 0 99 100 1.603673854962931 0.006211595941738541
0 0.25 50 51 12.37795614574478 0.08959909697673511
0 0.25 51 52 12.11419482814529 0.08688843116145528
0 0.25 52 53 11.83906320229065 0.08296826590282273
0 0.25 53 54 11.55550626666312 0.07804431094907496
0 0.25 54 55 11.26604393904191 0.07235521459415073
0 0.25 55 56 10.97279893554114 0.06642104912425434
0 0.25 56 57 10.67747552348777 0.06147884640347321
0 0.25 57 58 10.38161494010168 0.05764281712554296
0 0.25 58 59 10.08655885712777 0.05471541961142617
0 0.25 59 60 9.793433616349247 0.05254057483225522
0 0.25 60 61 9.503146351387997 0.05050561399899454
0 0.25 61 62 9.216381289892837 0.04784600970698491
0 0.25 62 63 8.93381740008148 0.04468957519348882
0 0.25 63 64 8.655922192930134 0.04181917864644104
0 0.25 64 65 8.383076503894117 0.03963789919027792
0 0.25 65 66 8.115522321051756 0.03735483880525256
0 0.25 66 67 7.852066573462537 0.06816953168276255
0 0.25 67 68 7.595344065811616 0.04446403069425858
0 0.25 68 69 7.343189308549753 0.03379819006775022
0 0.25 69 70 7.094164626876648 0.02819321793188398
0 0.25 70 71 6.847170335916559 0.02687941723607406
0 0.25 71 72 6.602138831374361 0.02845322849714783
0 0.25 72 73 6.359310300340027 0.03112706030007181
0 0.25 73 74 6.119116248554029 0.0327347181950795
0 0.25 74 75 5.882015882403714 0.03284196516434976
0 0.25 75 76 5.648321585784679 0.03256489439196495
0 0.25 76 77 5.418407048062058 0.03278690485641859
0 0.25 77 78 5.192642076429898 0.03289604520060486
0 0.25 78 79 4.971358848250638 0.03298113049867801
0 0.25 79 80 4.754850509341956 0.03311745977798033
0 0.25 80 81 4.54337309020962 0.03336729022247071
0 0.25 81 82 4.33714201729709 0.03367814063482332
0 0.25 82 83 4.136296368599197 0.03341856501745075
0 0.25 83 84 3.94072923143947 0.02145563056201927
0 0.25 84 85 3.750816287008654 0.02041520054790509
0 0.25 85 86 3.566844864215632 0.01906024694046419
0 0.25 86 87 3.389411567159243 0.02642461999820882
0 0.25 87 88 3.217272943868757 0.02374064078918329
0 0.25 88 89 3.051063366750917 0.02085413223285446
0 0.25 89 90 2.890791571472416 0.01782938544855086
0 0.25 90 91 2.736445491845917 0.01481042471370962
0 0.25 91 92 2.587992121928846 0.01285051178299549
0 0.25 92 93 2.445384583490871 0.01111404166411773
0 0.25 93 94 2.308561507316792 0.009621838464982798
0 0.25 94 95 2.177447477372539 0.008393636401891667
0 0.25 95 96 2.051954377126386 0.007444788351294848
0 0.25 96 97 1.931982685215845 0.006874317012516923
0 0.25 97 98 1.817422719227888 0.00646515011706659
0 0.25 98 99 1.708155763871638 0.006210579270005425
0 0.25 99 100 1.604055470099068 0.006211972000971433
0.25 0.5 50 51 12.2828856350994 0.09118666283100921
0.25 0.5 51 52 12.02383340919693 0.08832781184501888
0.25 0.5 52 53 11.75323392393582 0.08430770606568498
0.25 0.5 53 54 11.47403295998348 0.07932405907646484
0.25 0.5 54 55 11.18875224155136 0.07360893767729326
0.25 0.5 55 56 10.89951727822276 0.06766865934021588
0.25 0.5 56 57 10.60803634742189 0.06270224348484028
0.25 0.5 57 58 10.31585460307602 0.0588175705852273
0.25 0.5 58 59 10.02431781935339 0.05582168726583139
0.25 0.5 59 60 9.734556807078377 0.05356305948820389
0.25 0.5 60 61 9.447483728157835 0.05144873366900939
0.25 0.5 61 62 9.163788522616954 0.0487377457268408
0.25 0.5 62 63 8.884154862945252 0.04555342308215429
0.25 0.5 63 64 8.609055801845415 0.04265322249665249
0.25 0.5 64 65 8.338877551552287 0.04042609777716148
0.25 0.5 65 66 8.07386774051875 0.03810656896363002
0.25 0.5 66 67 7.813033727988596 0.06780858449131301
0.25 0.5 67 68 7.558618952585931 0.0444140899713376
0.25 0.5 68 69 7.308669800731806 0.03425857826015252
0.25 0.5 69 70 7.061758948830544 0.02877358280291641
0.25 0.5 70 71 6.816794515869404 0.02745037927811058
0.25 0.5 71 72 6.573711515124216 0.02892394262674798
0.25 0.5 72 73 6.332751708531418 0.03147743367106603
0.25 0.5 73 74 6.09434706258066 0.03299968806470868
0.25 0.5 74 75 5.858957278139457 0.03305626837009476
0.25 0.5 75 76 5.626895837657031 0.03259708823157764
0.25 0.5 76 77 5.398537257469378 0.03249485917680592
0.25 0.5 77 78 5.174252327200065 0.03260381601936397
0.25 0.5 78 79 4.954374396535499 0.0326873558831972
0.25 0.5 79 80 4.739197980430077 0.03282039214041488
0.25 0.5 80 81 4.528980654856113 0.03306487277933336
0.25 0.5 81 82 4.323939515395907 0.03336898333694269
0.25 0.5 82 83 4.124215367990161 0.03310698895615146
0.25 0.5 83 84 3.92971902269111 0.0211034519922104
0.25 0.5 84 85 3.740798266776622 0.02007323351427166
0.25 0.5 85 86 3.557755294812736 0.01873134926878537
0.25 0.5 86 87 3.381171863629483 0.02615310993651193
0.25 0.5 87 88 3.209843240507425 0.02348755558960891
0.25 0.5 88 89 3.044388075370907 0.02062158066632576
0.25 0.5 89 90 2.884817436658068 0.01761901511108851
0.25 0.5 90 91 2.73112160154967 0.01475945272070775
0.25 0.5 91 92 2.583269898386181 0.01280059468184828
0.25 0.5 92 93 2.441217787875821 0.01106307778908043
0.25 0.5 93 94 2.304906226174115 0.009567485448377979
0.25 0.5 94 95 2.174262095916379 0.008333557161876793
0.25 0.5 95 96 2.049199544381572 0.007377109370192841
0.25 0.5 96 97 1.929621271762063 0.006796461727528464
0.25 0.5 97 98 1.815419768445132 0.006382718113060449
0.25 0.5 98 99 1.706478438130064 0.00612076117699576
0.25 0.5 99 100 1.602672988802395 0.006118535927312458
0.5 0.75 50 51 12.351806111927 0.08655980816431467
0.5 0.75 51 52 12.08663097221532 0.08496132346182352
0.5 0.75 52 53 11.8105250283281 0.08094655142557224
0.5 0.75 53 54 11.52636849063882 0.07490397483117642
0.5 0.75 54 55 11.23662487966126 0.06847871970266606
0.5 0.75 55 56 10.94336774588044 0.06265107054214544
0.5 0.75 56 57 10.64825841825575 0.05781635807120361
0.5 0.75 57 58 10.35280105886989 0.05409967728302963
0.5 0.75 58 59 10.05830521727722 0.0513045683103867
0.5 0.75 59 60 9.76586947358939 0.04927339507568924
0.5 0.75 60 61 9.47637621901832 0.04737674895883303
0.5 0.75 61 62 9.19048918270002 0.044828915694794
0.5 0.75 62 63 8.908868972715553 0.04175880881499518
0.5 0.75 63 64 8.631967645784016 0.03897139750015573
0.5 0.75 64 65 8.360152394171465 0.0368870394467426
0.5 0.75 65 66 8.093654097725064 0.03468758644616753
0.5 0.75 66 67 7.831211738663228 0.06742744544386127
0.5 0.75 67 68 7.575567233565266 0.04418497341632088
0.5 0.75 68 69 7.324494171871194 0.03169055519721842
0.5 0.75 69 70 7.076551721187528 0.02585317058561994
0.5 0.75 70 71 6.830637818720646 0.02446996551459652
0.5 0.75 71 72 6.586679084070141 0.02613051723216143
0.5 0.75 72 73 6.344911231883572 0.02893745688810482
0.5 0.75 73 74 6.105759968079887 0.03065786489221104
0.5 0.75 74 75 5.869679929081663 0.03093607378890932
0.5 0.75 75 76 5.636979942052413 0.0313926069362404
0.5 0.75 76 77 5.408029965782099 0.03162945524389835
0.5 0.75 77 78 5.183196813278549 0.03175162058670285
0.5 0.75 78 79 4.962810134952456 0.0318463548964471
0.5 0.75 79 80 4.747161053150272 0.03198763255409223
0.5 0.75 80 81 4.536504037106063 0.03223662334725249
0.5 0.75 81 82 4.331053318290486 0.03254261417093187
0.5 0.75 82 83 4.130947171563328 0.03229078337356428
0.5 0.75 83 84 3.936204353982667 0.02070120622134388
0.5 0.75 84 85 3.746950253360531 0.01968773598684173
0.5 0.75 85 86 3.563592228819527 0.01836797811423675
0.5 0.75 86 87 3.386606412082369 0.02547134218122405
0.5 0.75 87 88 3.215001733410023 0.02285472681066494
0.5 0.75 88 89 3.049286633087245 0.02004122386741871
0.5 0.75 89 90 2.88947084899149 0.01709364439277661
0.5 0.75 90 91 2.735543451287224 0.0141047778550265
0.5 0.75 91 92 2.587472662069995 0.01191999686377403
0.5 0.75 92 93 2.44521296270759 0.01022462512512301
0.5 0.75 93 94 2.308704434590055 0.008773170056625477
0.5 0.75 94 95 2.17787317500898 0.007589556761948156
0.5 0.75 95 96 2.05263262682135 0.006694345967590126
0.5 0.75 96 97 1.932884858905252 0.006210423040819218
0.5 0.75 97 98 1.818521796131764 0.005839277716788933
0.5 0.75 98 99 1.709426337237328 0.005688598634190436
0.5 0.75 99 100 1.605473733310472 0.005769532849958491
0.75 1 50 51 12.76870392115376 0.08558658482634807
0.75 1 51 52 12.48205346901068 0.08395594609468249
0.75 1 52 53 12.18592037243695 0.07996003717030377
0.75 1 53 54 11.88306233397876 0.07398029940014213
0.75 1 54 55 11.5758325261838 0.0663655348908096
0.75 1 55 56 11.26620460393985 0.05793721402621779
0.75 1 56 57 10.95574846639235 0.05108501386400133
0.75 1 57 58 10.64588658658816 0.04623151579936147
0.75 1 58 59 10.33785497013498 0.04312726952113679
0.75 1 59 60 10.03268561453247 0.04151518036533666
0.75 1 60 61 9.731198325303964 0.04005531385910297
0.75 1 61 62 9.434000148843637 0.0371005517392829
0.75 1 62 63 9.141701528646877 0.03283728718935408
0.75 1 63 64 8.854707076987651 0.02896021797521369
0.75 1 64 65 8.573340187885208 0.02655085353052278
0.75 1 65 66 8.297791038811326 0.02369352009250064
0.75 1 66 67 8.026576577737316 0.06367442552957918
0.75 1 67 68 7.762781285819131 0.04109261804500419
0.75 1 68 69 7.503924631430579 0.02202619421485705
0.75 1 69 70 7.24849913956848 0.01186111604411107
0.75 1 70 71 6.995352754937713 0.01225361493867353
0.75 1 71 72 6.744388719225441 0.01715999832862978
0.75 1 72 73 6.495832187020582 0.02561207744060812
0.75 1 73 74 6.250101467735561 0.03017859053992278
0.75 1 74 75 6.007647273976303 0.03157173183306711
0.75 1 75 76 5.768772884738297 0.03191656921104034
0.75 1 76 77 5.533844148651426 0.03205134614677402
0.75 1 77 78 5.303225140579229 0.03207852706062741
0.75 1 78 79 5.077242742486305 0.032083198753776
0.75 1 79 80 4.856185320795383 0.03213746237287785
0.75 1 80 81 4.640304580140906 0.03230089240454982
0.75 1 81 82 4.429811849191871 0.0325239146067732
0.75 1 82 83 4.225166470267922 0.02115786698728674
0.75 1 83 84 4.02557096481619 0.005742671855024699
0.75 1 84 85 3.832031749439707 0.005459792806467318
0.75 1 85 86 3.644404496421718 0.005190229293371281
0.75 1 86 87 3.462771836788498 0.02531135212392092
0.75 1 87 88 3.287151015287765 0.02270876265340588
0.75 1 88 89 3.117579992086458 0.01991825821942651
0.75 1 89 90 2.954065213092878 0.01700098276022984
0.75 1 90 91 2.796592365066559 0.0140472668088517
0.75 1 91 92 2.645126186348612 0.01124732674275673
0.75 1 92 93 2.499617622120152 0.008652359823181908
0.75 1 93 94 2.360003154623218 0.006267204793326339
0.75 1 94 95 2.22620521823448 0.004397266437047478
0.75 1 95 96 2.09813353641349 0.003329664049064298
0.75 1 96 97 1.975686409883332 0.002955654404038015
0.75 1 97 98 1.858751954813165 0.002803805463535383
0.75 1 98 99 1.747209231311144 0.003022232970664591
0.75 1 99 100 1.640929621537522 0.003838373065909419
1 1.25 50 51 13.03025892418839 0.08211296676867563
1 1.25 51 52 12.73438327334023 0.0805718114250847
1 1.25 52 53 12.42965160212069 0.0767300627223214
1 1.25 53 54 12.11875525954767 0.07095971386777046
1 1.25 54 55 11.80398902462252 0.06360079739233354
1 1.25 55 56 11.48727579303437 0.05612450471887144
1 1.25 56 57 11.17014306189841 0.05142048962134402
1 1.25 57 58 10.8539735717589 0.04782334212383142
1 1.25 58 59 10.53996738799106 0.04514641385233639
1 1.25 59 60 10.22912489309695 0.04323800990756411
1 1.25 60 61 9.92223737563188 0.04146594044447
1 1.25 61 62 9.619887783819138 0.03903301592384963
1 1.25 62 63 9.322663900511444 0.03606149148922816
1 1.25 63 64 9.03094960418106 0.03336706259379262
1 1.25 64 65 8.745049219586591 0.0313862775325137
1 1.25 65 66 8.465135650845752 0.02927945524296502
1 1.25 66 67 8.190472114077551 0.06362070035673423
1 1.25 67 68 7.922542033040955 0.04161109681676637
1 1.25 68 69 7.659660245870754 0.02677840340965154
1 1.25 69 70 7.400274570667591 0.02076244058934865
1 1.25 70 71 7.143195195168445 0.01949147495777331
1 1.25 71 72 6.888307351196175 0.02153163101659466
1 1.25 72 73 6.63583032249138 0.02466346773001291
1 1.25 73 74 6.386180598112198 0.02780483489263606
1 1.25 74 75 6.139812010599485 0.029206578145349
1 1.25 75 76 5.897027836701625 0.02958847409518583
1 1.25 76 77 5.658196722347846 0.02976381191071799
1 1.25 77 78 5.423687921962525 0.02983230476099052
1 1.25 78 79 5.193833516571289 0.02987672579931014
1 1.25 79 80 4.968927118292982 0.02996714758056285
1 1.25 80 81 4.749225672596666 0.03016141134584969
1 1.25 81 82 4.534945422678369 0.03041162216944595
1 1.25 82 83 4.326225083632451 0.03013758882019739
1 1.25 83 84 4.123211864680052 0.02920175932697411
1 1.25 84 85 3.926039065420365 0.02772769677922033
1 1.25 85 86 3.734813129012075 0.02582497386089474
1 1.25 86 87 3.549614006636055 0.02358868513050488
1 1.25 87 88 3.370496792844577 0.02110072869055741
1 1.25 88 89 3.197493331873638 0.01843105508228918
1 1.25 89 90 3.030613792459921 0.01563887193756321
1 1.25 90 91 2.869847256248505 0.01281159659273391
1 1.25 91 92 2.715161476443253 0.01013326281377823
1 1.25 92 93 2.566510176805753 0.00782337385408652
1 1.25 93 94 2.423832322791359 0.00641851898001543
1 1.25 94 95 2.287052510878517 0.005297067361430927
1 1.25 95 96 2.156082307621066 0.004546601619737299
1 1.25 96 97 2.030821542081952 0.004258291756979816
1 1.25 97 98 1.911159550096349 0.004032361173082057
1 1.25 98 99 1.796976313288019 0.004226368722471396
1 1.25 99 100 1.688143835213729 0.00456481231109983
1.25 1.5 50 51 13.02554577520939 0.07893167727628114
1.25 1.5 51 52 12.72213616581823 0.07742749948841698
1.25 1.5 52 53 12.41098431532387 0.07369961155764805
1.25 1.5 53 54 12.09464704266247 0.06810929418615369
1.25 1.5 54 55 11.77530063350576 0.06098669176634252
1.25 1.5 55 56 11.45476261666707 0.05540466446327501
1.25 1.5 56 57 11.13446469298232 0.05115069855557267
1.25 1.5 57 58 10.81570818511594 0.04792228231831341
1.25 1.5 58 59 10.49962240618908 0.04552789219314399
1.25 1.5 59 60 10.18714544504667 0.04381557785064544
1.25 1.5 60 61 9.879012712083494 0.04221706664946889
1.25 1.5 61 62 9.575759442619358 0.04003414970184767
1.25 1.5 62 63 9.277930162507786 0.03739247210151703
1.25 1.5 63 64 8.985871996510369 0.03500878166491529
1.25 1.5 64 65 8.69985637619601 0.03324248862047615
1.25 1.5 65 66 8.42002803691804 0.03138043546304887
1.25 1.5 66 67 8.146560370256651 0.05910583482794669
1.25 1.5 67 68 7.87900217568621 0.03793401718875061
1.25 1.5 68 69 7.61663235740609 0.02740813103311879
1.25 1.5 69 70 7.357889598614861 0.02370660440982154
1.25 1.5 70 71 7.101577570834337 0.0238494340403987
1.25 1.5 71 72 6.847568407621516 0.02628037202125516
1.25 1.5 72 73 6.596069125619671 0.02922213068569188
1.25 1.5 73 74 6.347481347302313 0.03085892059953557
1.25 1.5 74 75 6.1022453589487 0.03098773988086324
1.25 1.5 75 76 5.860652602932802 0.03068223315347789
1.25 1.5 76 77 5.623059720695785 0.0307785542414646
1.25 1.5 77 78 5.389825142969784 0.03076879527859278
1.25 1.5 78 79 5.161270975581068 0.03073303837554156
1.25 1.5 79 80 4.937681767779665 0.03073917177787285
1.25 1.5 80 81 4.719306264235477 0.0308433099974316
1.25 1.5 81 82 4.506725949646999 0.01947762636867191
1.25 1.5 82 83 4.298756418580169 0.01931406122310382
1.25 1.5 83 84 4.096673458207139 0.01872150175159502
1.25 1.5 84 85 3.900856876759878 0.01226288956816623
1.25 1.5 85 86 3.710576364957141 0.01656502567162581
1.25 1.5 86 87 3.526702641208249 0.01513479916311533
1.25 1.5 87 88 3.348960216381876 0.01354386653167321
1.25 1.5 88 89 3.177721231675914 0.01893153567601005
1.25 1.5 89 90 3.011986276090109 0.01617918551414262
1.25 1.5 90 91 2.85232739884469 0.01385481722095349
1.25 1.5 91 92 2.698710651530224 0.01204579985800648
1.25 1.5 92 93 2.551088533448755 0.01044001373569937
1.25 1.5 93 94 2.409399155546911 0.009054521977022077
1.25 1.5 94 95 2.273566564370649 0.007905213634777171
1.25 1.5 95 96 2.143502052317109 0.007004348503710201
1.25 1.5 96 97 2.019105422774082 0.006409163063138218
1.25 1.5 97 98 1.900266208484428 0.006042047467708499
1.25 1.5 98 99 1.786864789588288 0.005742732716630342
1.25 1.5 99 100 1.678773732243291 0.005700754748349014
1.5 1.75 50 51 13.86439498770713 0.07451459455607895
1.5 1.75 51 52 13.51274884294926 0.07308234347662636
1.5 1.75 52 53 13.15674361784053 0.06951784589346612
1.5 1.75 53 54 12.79865329678233 0.06416936684049944
1.5 1.75 54 55 12.44039848812633 0.05735551544015563
1.5 1.75 55 56 12.08356434170126 0.04981945498014895
1.5 1.75 56 57 11.7293687632111 0.04370907957624508
1.5 1.75 57 58 11.3789218124577 0.0393990289722097
1.5 1.75 58 59 11.03318019439334 0.03666058421303404
1.5 1.75 59 60 10.69292514233709 0.0352604822929232
1.5 1.75 60 61 10.35874352648618 0.0340010609069027
1.5 1.75 61 62 10.0310346496547 0.03141574732816366
1.5 1.75 62 63 9.710224399372834 0.02767270240726606
1.5 1.75 63 64 9.396547287872991 0.0242773132639981
1.5 1.75 64 65 9.090171075890282 0.0221856193606191
1.5 1.75 65 66 8.791145181571721 0.01970335969786981
1.5 1.75 66 67 8.501088526621345 0.05280917402833245
1.5 1.75 67 68 8.216269925599548 0.03293182015342394
1.5 1.75 68 69 7.937517949465004 0.01653919097570583
1.5 1.75 69 70 7.663137083687779 0.005941244011456739
1.5 1.75 70 71 7.391828159431846 0.01076111038778467
1.5 1.75 71 72 7.12341078281964 0.0195263086479507
1.5 1.75 72 73 6.858064232691255 0.02662417653096129
1.5 1.75 73 74 6.596168643819631 0.03037459840437472
1.5 1.75 74 75 6.338149453291784 0.03134692709009915
1.5 1.75 75 76 6.08428250991544 0.03139993099693258
1.5 1.75 76 77 5.834910005035489 0.03127080911378479
1.5 1.75 77 78 5.590377539232939 0.03105120248577709
1.5 1.75 78 79 5.350994469113907 0.03081724191945684
1.5 1.75 79 80 5.117032770392598 0.03063344914954768
1.5 1.75 80 81 4.889395642361791 0.01879438724173839
1.5 1.75 81 82 4.666331875906515 0.01892128743389609
1.5 1.75 82 83 4.449351213920874 0.01872740726857259
1.5 1.75 83 84 4.238658587500161 0.0009334858955106361
1.5 1.75 84 85 4.034548889864674 0.001041884488747002
1.5 1.75 85 86 3.836759037997989 0.001035413499299144
1.5 1.75 86 87 3.645110114432473 0.01460641299419267
1.5 1.75 87 88 3.46023173673435 0.01306088302321822
1.5 1.75 88 89 3.282269732130906 0.01816444175314931
1.5 1.75 89 90 3.110067168866692 0.01545982154365885
1.5 1.75 90 91 2.94426653567151 0.0127357732843451
1.5 1.75 91 92 2.784822479118031 0.01016031543154337
1.5 1.75 92 93 2.631676186770264 0.007778258576119603
1.5 1.75 93 94 2.484754576998721 0.005593715412042628
1.5 1.75 94 95 2.343970641502715 0.003608378179032804
1.5 1.75 95 96 2.209224767338812 0.00182827226800332
1.5 1.75 96 97 2.080406013800943 0.001120783333889425
1.5 1.75 97 98 1.957393342522389 0.001556950343794875
1.5 1.75 98 99 1.840056750602688 0.002563250818770506
1.5 1.75 99 100 1.728258604809024 0.003665112844358151
1.75 2 50 51 14.10346659640231 0.07446726763750558
1.75 2 51 52 13.74587405901451 0.07295261103622461
1.75 2 52 53 13.38436223256761 0.06938960426118933
1.75 2 53 54 13.02114238138353 0.06411515544752437
1.75 2 54 55 12.65808151918441 0.05743662476768833
1.75 2 55 56 12.29671922706279 0.05006613202643082
1.75 2 56 57 11.93823561574709 0.04405900981202185
1.75 2 57 58 11.58370832334664 0.03977498884856583
1.75 2 58 59 11.23406623455067 0.03699628167690391
1.75 2 59 60 10.89006722468169 0.03549967976483434
1.75 2 60 61 10.55228108752121 0.0341449956129839
1.75 2 61 62 10.22109653627852 0.03153673441264695
1.75 2 62 63 9.896924139480419 0.02783577098587878
1.75 2 63 64 9.579989930541515 0.02471807787166412
1.75 2 64 65 9.270454053293207 0.02299039493654371
1.75 2 65 66 8.954140752427023 0.04923993770576723
1.75 2 66 67 8.673371375260416 0.04957860442548153
1.75 2 67 68 8.385797425999144 0.03084508731806745
1.75 2 68 69 8.104344450895439 0.01566272202963404
1.75 2 69 70 7.827271861578183 0.01322772343020684
1.75 2 70 71 7.553230522500812 0.01647865547167582
1.75 2 71 72 7.2820100550516 0.02101825235220978
1.75 2 72 73 7.01377633381108 0.02613768846066641
1.75 2 73 74 6.748903857743741 0.02956961027513687
1.75 2 74 75 6.487821220603799 0.03038771406922155
1.75 2 75 76 6.230799956275369 0.03034320750821107
1.75 2 76 77 5.978184995121701 0.03013215678769841
1.75 2 77 78 5.73032998115108 0.02984066701369394
1.75 2 78 79 5.487552572858057 0.02954033421354823
1.75 2 79 80 5.250133327343676 0.02929187839192704
1.75 2 80 81 5.019378296769624 0.01764527435166684
1.75 2 81 82 4.792743768575356 0.01774048524736264
1.75 2 82 83 4.572151776266328 0.01755033869992731
1.75 2 83 84 4.357887655314446 0.005247225250337855
1.75 2 84 85 4.150086478813119 0.00490482965925513
1.75 2 85 86 3.948596039191109 0.004582744562718071
1.75 2 86 87 3.753197886631035 0.01362847735801805
1.75 2 87 88 3.564623424095181 0.01216347893962442
1.75 2 88 89 3.3827658741166 0.01700043355470575
1.75 2 89 90 3.206930082414221 0.01440847480487229
1.75 2 90 91 3.037524085830583 0.01180270540773191
1.75 2 91 92 2.874509561475087 0.009341810742503223
1.75 2 92 93 2.717834447378094 0.007067813107691914
1.75 2 93 94 2.567432019161927 0.0049841826992525
1.75 2 94 95 2.423221177348577 0.003393546180607744
1.75 2 95 96 2.285107761104808 0.002386411832437135
1.75 2 96 97 2.15298582039626 0.002143969023973825
1.75 2 97 98 2.026738844654274 0.002002483995275621
1.75 2 98 99 1.906240901566857 0.002753669475694209
1.75 2 99 100 1.791357959266174 0.00379950100240953
2 2.25 50 51 15.01670419540648 0.07383608237800153
2 2.25 51 52 14.59398555727452 0.07223556834649612
2 2.25 52 53 14.17232879106541 0.06869518159040786
2 2.25 53 54 13.75351983843015 0.06353696737959563
2 2.25 54 55 13.33904122269965 0.05705438866878754
2 2.25 55 56 12.93008469959869 0.04992391546958179
2 2.25 56 57 12.5275159896262 0.04409372778888904
2 2.25 57 58 12.13212654752941 0.03990359784013092
2 2.25 58 59 11.7445849453172 0.03714597516813933
2 2.25 59 60 11.36541238958856 0.03560813373263442
2 2.25 60 61 10.99495708416845 0.03421008687428111
2 2.25 61 62 10.63340542325575 0.0316303477812143
2 2.25 62 63 10.28098847997217 0.02802212476015395
2 2.25 63 64 9.937760778970912 0.02473981550630116
2 2.25 64 65 9.603724576785325 0.02264343953042727
2 2.25 65 66 9.27877693602251 0.02020742405282689
2 2.25 66 67 8.960985570382491 0.05324551732836955
2 2.25 67 68 8.653495173872606 0.0347487821563081
2 2.25 68 69 8.353346318404981 0.01916410415902585
2 2.25 69 70 8.058645694277907 0.00888949800109705
2 2.25 70 71 7.767944021122915 0.007495025215510604
2 2.25 71 72 7.480976924588887 0.01251853726756839
2 2.25 72 73 7.197875500458288 0.0193437723946941
2 2.25 73 74 6.918978436800607 0.02303363040098374
2 2.25 74 75 6.644680585445862 0.02418446554132904
2 2.25 75 76 6.37522618182858 0.02447653429955454
2 2.25 76 77 6.110928701726664 0.02457391030165919
2 2.25 77 78 5.852109304564024 0.02456211453547661
2 2.25 78 79 5.599053840551356 0.024512212283182
2 2.25 79 80 5.352011892700723 0.02448427239744504
2 2.25 80 81 5.111198405224421 0.02452785330795579
2 2.25 81 82 4.876102253999608 0.01741487686249951
2 2.25 82 83 4.648659434540715 0.01710854272148088
2 2.25 83 84 4.427681330275416 0.01641872035668958
2 2.25 84 85 4.213282441370776 0.01541816756390359
2 2.25 85 86 4.005550710547666 0.01417262216067233
2 2.25 86 87 3.804547937960372 0.01273974738706457
2 2.25 87 88 3.610340826147286 0.01116989409903756
2 2.25 88 89 3.422893969387712 0.01412721378918874
2 2.25 89 90 3.242480886070233 0.01180233576920505
2 2.25 90 91 3.068866258015198 0.009471056732120764
2 2.25 91 92 2.901989880162292 0.007288407960697595
2 2.25 92 93 2.741778786194359 0.005308196329770488
2 2.25 93 94 2.588146196270186 0.003572960469854053
2 2.25 94 95 2.440991741475038 0.002441465489188554
2 2.25 95 96 2.300202772674245 0.001910617048732664
2 2.25 96 97 2.165655626648935 0.002608474766710143
2 2.25 97 98 2.037216847415374 0.003354947720399553
2 2.25 98 99 1.914744320726491 0.004105338281873063
2 2.25 99 100 1.79808856821175 0.004964237118039245
2.25 2.5 50 51 15.14685608898552 0.07007032180867016
2.25 2.5 51 52 14.70262092336195 0.06850256678835133
2.25 2.5 52 53 14.26181582738371 0.06509652004219527
2.25 2.5 53 54 13.82597504686539 0.06016003104544571
2.25 2.5 54 55 13.39635736953825 0.0539733587112711
2.25 2.5 55 56 12.97395434994104 0.04719167172206004
2.25 2.5 56 57 12.55945001362474 0.04319857251636739
2.25 2.5 57 58 12.15347755118084 0.04012503114786051
2.25 2.5 58 59 11.75656561281262 0.03781462802107449
2.25 2.5 59 60 11.3691106110401 0.03613705107040086
2.25 2.5 60 61 10.99134618810314 0.03458010776255949
2.25 2.5 61 62 10.62335769571368 0.03251227881673168
2.25 2.5 62 63 10.26528669636853 0.03003694554529168
2.25 2.5 63 64 9.917107841112809 0.02779690069426825
2.25 2.5 64 65 9.57875138020691 0.02613090702903401
2.25 2.5 65 66 9.236520997134285 0.04506990530790824
2.25 2.5 66 67 8.93024112298766 0.04278061137406364
2.25 2.5 67 68 8.619939789857625 0.02594709066326939
2.25 2.5 68 69 8.317420765852582 0.01785064912802928
2.25 2.5 69 70 8.02077386393092 0.01783061971998952
2.25 2.5 70 71 7.728530004348094 0.02019028472798735
2.25 2.5 71 72 7.440390141479796 0.0235283729230917
2.25 2.5 72 73 7.156451248759829 0.02649358961012592
2.25 2.5 73 74 6.877017545607828 0.02860616922612472
2.25 2.5 74 75 6.602453949188153 0.02936712798695724
2.25 2.5 75 76 6.3329718994584 0.0293452367984889
2.25 2.5 76 77 6.068857065046068 0.02915049905577798
2.25 2.5 77 78 5.810407584655778 0.02886221238291591
2.25 2.5 78 79 5.559809927039154 0.01688555046195485
2.25 2.5 79 80 5.313096089621816 0.01684477092343145
2.25 2.5 80 81 5.072604552456713 0.01682332662358505
2.25 2.5 81 82 4.837770040223603 0.009324707288094944
2.25 2.5 82 83 4.610827898375533 0.008835988195055157
2.25 2.5 83 84 4.390590424624005 0.008367678033552926
2.25 2.5 84 85 4.17714183479351 0.007919246373991095
2.25 2.5 85 86 3.970541175946831 0.007490195614757254
2.25 2.5 86 87 3.770823061019694 0.007079967856762976
2.25 2.5 87 88 3.577995510466497 0.006687537314953622
2.25 2.5 88 89 3.392024572766054 0.01003709810808598
2.25 2.5 89 90 3.213116073982114 0.01431121516744555
2.25 2.5 90 91 3.040774686541125 0.01196266857804488
2.25 2.5 91 92 2.87516692919889 0.009747405707286402
2.25 2.5 92 93 2.716214014860194 0.008044668644348057
2.25 2.5 93 94 2.563824002188381 0.006739315601350173
2.25 2.5 94 95 2.417891984757766 0.00561862122256576
2.25 2.5 95 96 2.278301358616931 0.004700362643401227
2.25 2.5 96 97 2.144925048487583 0.004005206335765048
2.25 2.5 97 98 2.01762669053036 0.003650444287167114
2.25 2.5 98 99 1.896261734141998 0.00342517795591527
2.25 2.5 99 100 1.780678681798729 0.003300660183672211
2.5 2.75 50 51 15.92969368459194 0.08187140363442655
2.5 2.75 51 52 15.42880420186368 0.07862176734412837
2.5 2.75 52 53 14.93582355691611 0.0747367766727938
2.5 2.75 53 54 14.45188967668491 0.07033925007998962
2.5 2.75 54 55 13.97790440738251 0.06557874779316615
2.5 2.75 55 56 13.51453630078967 0.0607716426437149
2.5 2.75 56 57 13.0621744790953 0.056635891747618
2.5 2.75 57 58 12.62118927122211 0.05322008164947375
2.5 2.75 58 59 12.19187262439817 0.05039587834346425
2.5 2.75 59 60 11.77440654754476 0.04806352845534648
2.5 2.75 60 61 11.36882674395802 0.04587599245967771
2.5 2.75 61 62 10.9750402354361 0.04341021006108264
2.5 2.75 62 63 10.59302743594222 0.04074045273221811
2.5 2.75 63 64 10.2226147048038 0.03828902215005422
2.5 2.75 64 65 9.863596273711579 0.03626184507654667
2.5 2.75 65 66 9.502979641913321 0.04897944606874384
2.5 2.75 66 67 9.17799893131685 0.03932783502814036
2.5 2.75 67 68 8.851037523443679 0.03116908424595442
2.5 2.75 68 69 8.532960997461572 0.02772640601479859
2.5 2.75 69 70 8.22172836290904 0.02706784944355788
2.5 2.75 70 71 7.915767137649283 0.0278715561260116
2.5 2.75 71 72 7.614710655660453 0.02951989329681852
2.5 2.75 72 73 7.318609230915918 0.03112164155233627
2.5 2.75 73 74 7.027724942169975 0.0316800901351294
2.5 2.75 74 75 6.742387729315006 0.03116172456370799
2.5 2.75 75 76 6.462773840331621 0.03028311112691945
2.5 2.75 76 77 6.189136171776749 0.02935244972470087
2.5 2.75 77 78 5.923597155093706 0.0178728711452119
2.5 2.75 78 79 5.662493286001606 0.01697897650035793
2.5 2.75 79 80 5.406433922893328 0.01604680639006104
2.5 2.75 80 81 5.159024618115332 0.01517365931736686
2.5 2.75 81 82 4.918780305342697 0.0008442098285518676
2.5 2.75 82 83 4.685385318000815 0.0006927768236101889
2.5 2.75 83 84 4.459119443438063 0.0007438645964410423
2.5 2.75 84 85 4.240044511766058 0.0008014149288018565
2.5 2.75 85 86 4.02819802851733 0.0008584566062615629
2.5 2.75 86 87 3.823593951516298 0.0008814180612862992
2.5 2.75 87 88 3.626220551698651 0.0008843254220667491
2.5 2.75 88 89 3.436039275501429 0.0009012321728155601
2.5 2.75 89 90 3.253232091713437 0.01018554707033928
2.5 2.75 90 91 3.077181670063714 0.01116190496119532
2.5 2.75 91 92 2.908208030858079 0.009074837020164645
2.5 2.75 92 93 2.74614244305975 0.007147507654975512
2.5 2.75 93 94 2.590877657855129 0.0053818422176899
2.5 2.75 94 95 2.442294150246571 0.003776848200320113
2.5 2.75 95 96 2.300261368210776 0.002329361886219863
2.5 2.75 96 97 2.164638940636559 0.001175852731947913
2.5 2.75 97 98 2.035277841975839 0.0008934003237488329
2.5 2.75 98 99 1.912021480620714 0.001146799497022475
2.5 2.75 99 100 1.794706901217069 0.002032956834198155
2.75 3 50 51 16.4589742972974 0.06319119605569737
2.75 3 51 52 15.90403044357753 0.0617106822433044
2.75 3 52 53 15.36187412312235 0.05860680129852242
2.75 3 53 54 14.83318487910056 0.05415672028044078
2.75 3 54 55 14.31845314032381 0.04861216353884944
2.75 3 55 56 13.81797624712297 0.04253683278848359
2.75 3 56 57 13.33180490588347 0.03753112512304754
2.75 3 57 58 12.86000972650621 0.03387073604615247
2.75 3 58 59 12.40261406321216 0.03138267755864611
2.75 3 59 60 11.9595575562838 0.02989108626145169
2.75 3 60 61 11.53065313426288 0.02853241982785374
2.75 3 61 62 11.11560798082458 0.02625715415524863
2.75 3 62 63 10.714222650176 0.02319041194554763
2.75 3 63 64 10.32615955301402 0.02039486211957925
2.75 3 64 65 9.951063403496981 0.01854122771628159
2.75 3 65 66 9.57659776879165 0.03410365451222018
2.75 3 66 67 9.237525907620778 0.03421884288226471
2.75 3 67 68 8.898449142374638 0.01946839177168366
2.75 3 68 69 8.569355751887699 0.008755363349404677
2.75 3 69 70 8.248110580872009 0.008642397893770618
2.75 3 70 71 7.933067756429054 0.01487033009441192
2.75 3 71 72 7.623796374979939 0.02133729629729987
2.75 3 72 73 7.32029298575317 0.02642199242740249
2.75 3 73 74 7.02628655862695 0.01635389750799699
2.75 3 74 75 6.734139908758962 0.01707911654020683
2.75 3 75 76 6.448594756995895 0.01736018693457611
2.75 3 76 77 6.168043316906296 0.002568905734951079
2.75 3 77 78 5.896604373326003 0.002395690873321846
2.75 3 78 79 5.632159759866138 0.002115751244718495
2.75 3 79 80 5.37486624530143 0.001688504789369389
2.75 3 80 81 5.124858493915838 0.00113771956636694
2.75 3 81 82 4.882238700659236 0.001061334147345829
2.75 3 82 83 4.647058004897431 0.001059694699611558
2.75 3 83 84 4.419362414292753 0.001058967725457927
2.75 3 84 85 4.199183514694678 0.001058020346035219
2.75 3 85 86 3.986530154118306 0.00105623692650299
2.75 3 86 87 3.781389250195856 0.001052926956962682
2.75 3 87 88 3.583723526033729 0.001045557802206591
2.75 3 88 89 3.393470600570243 0.001039185130267348
2.75 3 89 90 3.210561121386224 0.001030848811796682
2.75 3 90 91 3.034910629145642 0.001020200208634407
2.75 3 91 92 2.866635779851492 0.007702122358239302
2.75 3 92 93 2.705097480788979 0.008270784384374862
2.75 3 93 94 2.550550506896888 0.00658579644187505
2.75 3 94 95 2.402790226695071 0.005051986535693047
2.75 3 95 96 2.261671180336924 0.003666211189433983
2.75 3 96 97 2.127039195562227 0.002423908007722618
2.75 3 97 98 1.998732505010151 0.001320897846515579
2.75 3 98 99 1.876582792487352 0.0008749105729370979
2.75 3 99 100 1.760416327558119 0.0008437689862746808
3 3.25 50 51 16.57483961068617 0.0592912090399534
3 3.25 51 52 15.97611952108755 0.05789425880612726
3 3.25 52 53 15.39508501379207 0.05499664120887463
3 3.25 53 54 14.83191390316661 0.05085728183749385
3 3.25 54 55 14.28664868745425 0.04571099748620949
3 3.25 55 56 13.75918482590738 0.04007498379893036
3 3.25 56 57 13.24920898837364 0.0354054787719208
3 3.25 57 58 12.75647105052205 0.0319526150430359
3 3.25 58 59 12.28070854113902 0.02955890257286228
3 3.25 59 60 11.82160478068422 0.02806476990276839
3 3.25 60 61 11.37873954294543 0.0266997124935848
3 3.25 61 62 10.95161304488234 0.02453021428217642
3 3.25 62 63 10.53983902059399 0.02166922853830211
3 3.25 63 64 10.14291288680364 0.01905396749511878
3 3.25 64 65 9.760328200709893 0.01727457678900279
3 3.25 65 66 9.380343332063539 0.03035699741212562
3 3.25 66 67 9.026027986563982 0.01822554198835263
3 3.25 67 68 8.692103511554834 0.01712444520226027
3 3.25 68 69 8.359870125889785 0.008307774171594279
3 3.25 69 70 8.036392568761485 0.01034806885688482
3 3.25 70 71 7.719994557865547 0.01645870631760632
3 3.25 71 72 7.410188805307534 0.0225320534291372
3 3.25 72 73 7.110711678379097 0.01413126602190719
3 3.25 73 74 6.813470941035728 0.01614997691374704
3 3.25 74 75 6.520411046139955 0.00345663649831616
3 3.25 75 76 6.237601086699311 0.0026273064456533
3 3.25 76 77 5.961959740955336 0.002187468322386719
3 3.25 77 78 5.693637260298491 0.001982244024177531
3 3.25 78 79 5.432726256334398 0.001697056971239857
3 3.25 79 80 5.17933456461888 0.001298449756521986
3 3.25 80 81 4.933550468862414 0.0008788557185944651
3 3.25 81 82 4.695432723796912 0.0008183620295984529
3 3.25 82 83 4.464993205382743 0.0008358166338219615
3 3.25 83 84 4.242239976955574 0.0008513889000537625
3 3.25 84 85 4.02716885732449 0.0008643064386728728
3 3.25 85 86 3.819755316670308 0.0008831792698859405
3 3.25 86 87 3.619955303113837 0.0008811073627031839
3 3.25 87 88 3.427703029647436 0.0008826521510835691
3 3.25 88 89 3.242910355564094 0.00088378852013706
3 3.25 89 90 3.065483553321375 0.0008820056860275736
3 3.25 90 91 2.895315780955599 0.0008771808775241885
3 3.25 91 92 2.732286627435474 0.0008699842263594476
3 3.25 92 93 2.576264803095437 0.0008603196454010552
3 3.25 93 94 2.427108781311856 0.0008483726398402872
3 3.25 94 95 2.284860852660985 0.005132930739550727
3 3.25 95 96 2.148855387751714 0.00536025583844123
3 3.25 96 97 2.019339645828614 0.004179290835461758
3 3.25 97 98 1.896042481069713 0.003123312102058744
3 3.25 98 99 1.778786476477617 0.002185778896672758
3 3.25 99 100 1.667390070311527 0.001359983006339712
3.25 3.5 50 51 15.94956597174935 0.05446302882182987
3.25 3.5 51 52 15.33391045333849 0.05320275849954087
3.25 3.5 52 53 14.739968003892 0.05058916685814637
3.25 3.5 53 54 14.16742241655054 0.04685833884291147
3.25 3.5 54 55 13.6158797374388 0.04222402049393519
3.25 3.5 55 56 13.08484871944594 0.03714644604027845
3.25 3.5 56 57 12.57367187266259 0.03290651102818967
3.25 3.5 57 58 12.08179743390772 0.02972394817790026
3.25 3.5 58 59 11.60869663901748 0.02746082817061707
3.25 3.5 59 60 11.15381717409081 0.02597797876581795
3.25 3.5 60 61 10.71652932846982 0.02461739415291115
3.25 3.5 61 62 10.29615196986203 0.02258509923327119
3.25 3.5 62 63 9.892133496520742 0.01997907940909436
3.25 3.5 63 64 9.503827728477482 0.01758621597840609
3.25 3.5 64 65 9.130602162938857 0.0159007269327284
3.25 3.5 65 66 8.77179294710109 0.01406426049965953
3.25 3.5 66 67 8.417479969615265 0.01707673082525521
3.25 3.5 67 68 8.093667570251657 0.01585610059054429
3.25 3.5 68 69 7.772944005642511 0.007783658474111075
3.25 3.5 69 70 7.461505821883289 0.0102411617562122
3.25 3.5 70 71 7.157724203635379 0.01624436884297356
3.25 3.5 71 72 6.865240466518234 0.01034041697819612
3.25 3.5 72 73 6.574919850462543 0.01343018328050524
3.25 3.5 73 74 6.288936592541368 0.004022123452873175
3.25 3.5 74 75 6.013529148241041 0.003052251454275908
3.25 3.5 75 76 5.745405503625147 0.002292369274406154
3.25 3.5 76 77 5.48467103965195 0.001850157109406924
3.25 3.5 77 78 5.231414157305768 0.001603335570116272
3.25 3.5 78 79 4.9856730008384 0.00130833789384934
3.25 3.5 79 80 4.747500661964905 0.0009401903819231689
3.25 3.5 80 81 4.516934004567805 0.0007096386999560711
3.25 3.5 81 82 4.293984642566965 0.0006136422011258536
3.25 3.5 82 83 4.057072477409807 0.003077201867670955
3.25 3.5 83 84 3.850518967376127 0.002251433630412894
3.25 3.5 84 85 3.651560069328607 0.005233727414122166
3.25 3.5 85 86 3.460103168583538 0.006281775317298304
3.25 3.5 86 87 3.276045520265006 0.005732187203997766
3.25 3.5 87 88 3.099286316247367 0.003889338347799165
3.25 3.5 88 89 2.929727735404619 0.001064713050767144
3.25 3.5 89 90 2.767238204198964 0.002716681642691519
3.25 3.5 90 91 2.622260983398092 0.0007780565866383028
3.25 3.5 91 92 2.472099164074994 0.0007645118610378021
3.25 3.5 92 93 2.328596595458527 0.0007472156794836119
3.25 3.5 93 94 2.191600435622109 0.0007273003484955566
3.25 3.5 94 95 2.060950681942114 0.000705721109319311
3.25 3.5 95 96 1.936481152880456 0.000683254505952251
3.25 3.5 96 97 1.818020430673571 0.0006605052489475178
3.25 3.5 97 98 1.70539276363474 0.0006379192615865001
3.25 3.5 98 99 1.598568402883478 0.003056448664019103
3.25 3.5 99 100 1.496950487979033 0.003217311025412587
3.5 3.75 50 51 14.30160844619265 0.04795226751740469
3.5 3.75 51 52 13.71377696218168 0.04691635227680184
3.5 3.75 52 53 13.14964131339544 0.04471555081757034
3.5 3.75 53 54 12.60848233382114 0.04155540647264673
3.5 3.75 54 55 12.08955785586603 0.03762164542469715
3.5 3.75 55 56 11.59207669489225 0.03330161551507288
3.5 3.75 56 57 11.11512585274532 0.02965517105070951
3.5 3.75 57 58 10.65793148977473 0.02686423918931911
3.5 3.75 58 59 10.21977290702624 0.02481595531801934
3.5 3.75 59 60 9.799933628116406 0.02339707428079203
3.5 3.75 60 61 9.397646367122896 0.02208647242162157
3.5 3.75 61 62 9.012119517362343 0.02025884368559756
3.5 3.75 62 63 8.642697644878119 0.01799377671910815
3.5 3.75 63 64 8.288656774507082 0.01589992687966446
3.5 3.75 64 65 7.94929903809102 0.0143583881375777
3.5 3.75 65 66 7.623914160619215 0.01271838546742186
3.5 3.75 66 67 7.311751105275125 0.0112167802031608
3.5 3.75 67 68 7.004464038856074 0.0115025424083549
3.5 3.75 68 69 6.722236539119404 0.00983161350582526
3.5 3.75 69 70 6.4427687519544 0.006433326042445606
3.5 3.75 70 71 6.170440636987372 0.0153296505041877
3.5 3.75 71 72 5.909683613530042 0.01039920000105952
3.5 3.75 72 73 5.651311754411253 0.009778222565768506
3.5 3.75 73 74 5.397530134012543 0.007765444098991501
3.5 3.75 74 75 5.153705673307114 0.006561755983759947
3.5 3.75 75 76 4.916921011584146 0.005481473478656129
3.5 3.75 76 77 4.687216350457687 0.004529533362622965
3.5 3.75 77 78 4.464619401425221 0.003678056143687955
3.5 3.75 78 79 4.249117745722792 0.002888057409318303
3.5 3.75 79 80 4.018271939641139 0.004302880531851409
3.5 3.75 80 81 3.83939167409109 0.001552293282054598
3.5 3.75 81 82 3.659770434071838 0.001857608716647567
3.5 3.75 82 83 3.457849078167136 0.0006469115246200955
3.5 3.75 83 84 3.277500223984232 0.0005942291995616355
3.5 3.75 84 85 3.142979622183792 0.001512293475623936
3.5 3.75 85 86 2.937286736117183 0.001133752408553252
3.5 3.75 86 87 2.777242294844299 0.001411627186594943
3.5 3.75 87 88 2.623764313723421 0.00165969244358517
3.5 3.75 88 89 2.47672930481733 0.001883821125197705
3.5 3.75 89 90 2.33601125369663 0.002082036682784468
3.5 3.75 90 91 2.201476670891359 0.002253315792584133
3.5 3.75 91 92 2.072984317016518 0.002397079642041295
3.5 3.75 92 93 1.950565227910604 0.0006644239944862253
3.5 3.75 93 94 1.833700776922312 0.0006345098885927457
3.5 3.75 94 95 1.722422086432032 0.0006123657480853144
3.5 3.75 95 96 1.601336084268048 0.002000836067301141
3.5 3.75 96 97 1.5159740871517 0.0005645832241390194
3.5 3.75 97 98 1.420473621706051 0.0005400528363117072
3.5 3.75 98 99 1.329054571348745 0.001277826666537884
3.5 3.75 99 100 1.246483949818503 0.0006785207204333525
3.75 4 50 51 11.53300294293801 0.001162612417364233
3.75 4 51 52 11.03058594698058 0.001133859212060403
3.75 4 52 53 10.55073740378822 0.001081859128869544
3.75 4 53 54 10.09242351955776 0.001091230401201269
3.75 4 54 55 9.654714113000949 0.001027300872484771
3.75 4 55 56 9.236709725556512 0.0009820425323080865
3.75 4 56 57 8.837650568755162 0.02044704007595782
3.75 4 57 58 8.456294798417773 0.02338963809592002
3.75 4 58 59 8.092092908611196 0.02164849733185567
3.75 4 59 60 7.744242153426743 0.02035846360023284
3.75 4 60 61 7.411959094469033 0.01915508650040824
3.75 4 61 62 7.094457848087615 0.0176047711827603
3.75 4 62 63 6.791081261015194 0.01576567158706279
3.75 4 63 64 6.501128894508184 0.0140484934511981
3.75 4 64 65 6.223932597977036 0.01270925506912754
3.75 4 65 66 5.958827110957486 0.01132391023497383
3.75 4 66 67 5.705125586835665 0.01004407837680185
3.75 4 67 68 5.462055514111805 0.008842249283986782
3.75 4 68 69 5.228517778389163 0.007733224522894152
3.75 4 69 70 4.997647686961157 0.005900172682110114
3.75 4 70 71 4.783158947173865 0.005033505022890272
3.75 4 71 72 4.570872620728176 0.005969785354103994
3.75 4 72 73 4.367994194576127 0.0040120480573855
3.75 4 73 74 4.167424397972642 0.00545731205368329
3.75 4 74 75 3.97118023616046 0.002786699524864547
3.75 4 75 76 3.783186640172765 0.002201384773702646
3.75 4 76 77 3.60125472328774 0.00176815703745241
3.75 4 77 78 3.425365467258799 0.001439155856940656
3.75 4 78 79 3.255471861478088 0.001123832793723548
3.75 4 79 80 3.074443938753075 0.002870608180946694
3.75 4 80 81 2.943746852990906 0.0006943934558413718
3.75 4 81 82 2.78135204023272 0.0004525407167461958
3.75 4 82 83 2.634963899111524 0.0004156674241394392
3.75 4 83 84 2.494271923053458 0.0004200378117310999
3.75 4 84 85 2.359191770262483 0.0004413575748181017
3.75 4 85 86 2.229630646413673 0.0004752656206333476
3.75 4 86 87 2.105487920088752 0.0005286036502071424
3.75 4 87 88 1.986654095908669 0.0005553346161034221
3.75 4 88 89 1.873011049548967 0.0005702179472519866
3.75 4 89 90 1.764439296371209 0.0005765829295420294
3.75 4 90 91 1.660814890050933 0.0005753144976383539
3.75 4 91 92 1.562009304155502 0.0005653289122479324
3.75 4 92 93 1.467890689189078 0.0005478437931037447
3.75 4 93 94 1.37832426068856 0.0005246012130973148
3.75 4 94 95 1.293172788237321 0.0004971232794856291
3.75 4 95 96 1.21229716299415 0.0004667237232817453
3.75 4 96 97 1.135556937725255 0.0004345217330841509
3.75 4 97 98 1.062810838851104 0.0004014571253447928
3.75 4 98 99 0.9939172493860704 0.000373527513344594
3.75 4 99 100 0.928734666038488 0.0003548360228283378
4 5 50 51 10.6896591289403 0.01184111138593123
4 5 51 52 10.17028393641155 0.01128789303711665
4 5 52 53 9.677522871626554 0.01092490773782931
4 5 53 54 9.210033211362592 0.01044463070397384
4 5 54 55 8.766357918028817 0.009939060239846262
4 5 55 56 8.345108882248734 0.009567325296735721
4 5 56 57 7.94515399978796 0.009154497694717793
4 5 57 58 7.565289629628488 0.008771293816734107
4 5 58 59 7.204430035278451 0.00842219557080107
4 5 59 60 6.861574158869102 0.008066917061390422
4 5 60 61 6.535738388106006 0.007740483158168227
4 5 61 62 6.226020727338065 0.007424663208024003
4 5 62 63 5.931554984015444 0.007120860766111116
4 5 63 64 5.651519421658689 0.006831628620846477
4 5 64 65 5.385131431204889 0.006554633493935448
4 5 65 66 5.131639078675155 0.006289312447443743
4 5 66 67 4.890302615179829 0.006032870274331148
4 5 67 68 4.660304279013764 0.005782134701765077
4 5 68 69 4.440568058973769 0.005536834422648238
4 5 69 70 4.229655343123221 0.005297151282787577
4 5 70 71 4.026462926685269 0.005063221131998433
4 5 71 72 3.828205900410074 0.002353438781306977
4 5 72 73 3.639353607218232 0.002247670803443982
4 5 73 74 3.457347717092549 0.002144685425102668
4 5 74 75 3.28206236406327 0.002044619112195793
4 5 75 76 3.113380979319418 0.001947528210471064
4 5 76 77 2.951188588905104 0.001853275551324591
4 5 77 78 2.795367590072312 0.001762016078500865
4 5 78 79 2.645797937934917 0.001673735473677796
4 5 79 80 2.503357201736528 0.001797607362246659
4 5 80 81 2.365720364417229 0.001503191390077263
4 5 81 82 2.233971025819067 0.00153647698231691
4 5 82 83 2.107433140576699 0.001426371846808676
4 5 83 84 1.987158171578454 0.001318546664081121
4 5 84 85 1.87232001210916 0.001224716546124393
4 5 85 86 1.762770453639706 0.001141743610800897
4 5 86 87 1.658359188020133 0.00107561096750428
4 5 87 88 1.55928008365116 0.001008279671368896
4 5 88 89 1.471405614292925 0.000372823012584739
4 5 89 90 1.374751634551247 0.0008776764068302209
4 5 90 91 1.289759587930142 0.0004106073797196281
4 5 91 92 1.208692755529467 0.0003852305190846664
4 5 92 93 1.131842721011693 0.0003611784948661778
4 5 93 94 1.059041288367124 0.0003435018040509846
4 5 94 95 0.9901610927354847 0.000321050319304905
4 5 95 96 0.9249369934610362 0.0003002606188313466
4 5 96 97 0.8634258400145391 0.0002774412319233675
4 5 97 98 0.8053732589678381 0.0002689750681686775
4 5 98 99 0.7506347580251549 0.0002783474006224399
4 5 99 100 0.6989463488073546 0.0002709740745599073
-5 5 50 100 10934.73258676212 1.284536991044101
