#labels: ptz__0p25__0p5_lower[1] ptz__0p25__0p5_center[2] ptz__0p25__0p5_upper[3] tot_scale01[4] tot_scale01_Err[5] tot_scale02[6] tot_scale02_Err[7] tot_scale03[8] tot_scale03_Err[9] tot_scale04[10] tot_scale04_Err[11] tot_scale05[12] tot_scale05_Err[13] tot_scale06[14] tot_scale06_Err[15] tot_scale07[16] tot_scale07_Err[17]
#neval: 21136000
#overflow:lower center upper 1.00761225028E+03 1.20174599185E+01 9.25243018733E+02 1.10588195724E+01 1.09614029765E+03 1.30385157122E+01 9.12269336674E+02 1.08803977374E+01 1.02194329640E+03 1.22145802106E+01 1.12589324817E+03 1.34280998075E+01 9.80987451693E+02 1.16688856142E+01 
0.00000000000E+00 5.00000000000E-01 1.00000000000E+00 0.00000000000E+00 0.00000000000E+00 0.00000000000E+00 0.00000000000E+00 0.00000000000E+00 0.00000000000E+00 0.00000000000E+00 0.00000000000E+00 0.00000000000E+00 0.00000000000E+00 0.00000000000E+00 0.00000000000E+00 0.00000000000E+00 0.00000000000E+00 
1.00000000000E+00 1.50000000000E+00 2.00000000000E+00 3.73506489825E+04 1.82409498703E+02 3.74912003908E+04 1.82753251238E+02 3.67196710438E+04 1.79947125636E+02 3.38127439828E+04 1.65146939036E+02 4.14142308639E+04 2.01858730881E+02 4.17408731920E+04 2.03826720925E+02 3.28578642344E+04 1.61042256191E+02 
2.00000000000E+00 2.50000000000E+00 3.00000000000E+00 1.91227613251E+04 1.04754525990E+02 1.91560077566E+04 1.04787693969E+02 1.88397676485E+04 1.03477165271E+02 1.73116387828E+04 9.48471519025E+01 2.11602197147E+04 1.15735124332E+02 2.13701434480E+04 1.17044589272E+02 1.68586580187E+04 9.26139172672E+01 
3.00000000000E+00 3.50000000000E+00 4.00000000000E+00 1.21637178253E+04 7.36384937204E+01 1.21658466656E+04 7.35704402806E+01 1.20032180171E+04 7.28094700374E+01 1.10115528109E+04 6.66665798208E+01 1.34388624237E+04 8.12653228179E+01 1.35934528627E+04 8.22893093627E+01 1.07408344807E+04 6.51564814215E+01 
4.00000000000E+00 4.50000000000E+00 5.00000000000E+00 8.71527298137E+03 5.77932587913E+01 8.70465522391E+03 5.76710870161E+01 8.61310004525E+03 5.72044666271E+01 7.88979048718E+03 5.23229504664E+01 9.61544872397E+03 6.37012321590E+01 9.73961159692E+03 6.45804314543E+01 7.70730796076E+03 5.11933883067E+01 
5.00000000000E+00 5.50000000000E+00 6.00000000000E+00 6.59804168470E+03 4.78528457207E+01 6.58292060719E+03 4.77032467704E+01 6.52829708399E+03 4.74096739680E+01 5.97324366768E+03 4.33255381884E+01 7.27153189085E+03 5.26887065910E+01 7.37330553920E+03 5.34693592921E+01 5.84193325641E+03 4.24305834425E+01 
6.00000000000E+00 6.50000000000E+00 7.00000000000E+00 5.36117534967E+03 4.16656971386E+01 5.34363777222E+03 4.15060954964E+01 5.30958848158E+03 4.12982980704E+01 4.85342027254E+03 3.77205090546E+01 5.90271145778E+03 4.58478277100E+01 5.99123538969E+03 4.65610643543E+01 4.75125496824E+03 3.69570440327E+01 
7.00000000000E+00 7.50000000000E+00 8.00000000000E+00 4.23969201427E+03 3.59489889713E+01 4.22025178790E+03 3.57596703444E+01 4.20494969025E+03 3.56876182665E+01 3.83809431189E+03 3.25441591851E+01 4.66186169409E+03 3.95013737127E+01 4.73804165721E+03 4.01741309402E+01 3.76270279502E+03 3.19349112662E+01 
8.00000000000E+00 8.50000000000E+00 9.00000000000E+00 3.63037526882E+03 3.25156798852E+01 3.61017972786E+03 3.23125950202E+01 3.60474563649E+03 3.23142450429E+01 3.28657092792E+03 2.94369955391E+01 3.98785663914E+03 3.56923634526E+01 4.05698421101E+03 3.63357954845E+01 3.22571711689E+03 2.89173632231E+01 
9.00000000000E+00 9.50000000000E+00 1.00000000000E+01 3.05714565411E+03 2.90542403536E+01 3.03817284278E+03 2.88642663869E+01 3.03722886718E+03 2.88720772071E+01 2.76765808729E+03 2.63040352712E+01 3.35597263028E+03 3.18825314922E+01 3.41634579792E+03 3.24665137847E+01 2.71791175663E+03 2.58380752272E+01 
1.00000000000E+01 1.05000000000E+01 1.10000000000E+01 2.66981279908E+03 2.68119702929E+01 2.65007989792E+03 2.66026806978E+01 2.65581478792E+03 2.66776988983E+01 2.41695394626E+03 2.42727186795E+01 2.92734272820E+03 2.93860244063E+01 2.98357871031E+03 2.99629167608E+01 2.37653697769E+03 2.38726911677E+01 
1.10000000000E+01 1.15000000000E+01 1.20000000000E+01 2.33819712385E+03 2.49177602005E+01 2.31858802392E+03 2.46996776459E+01 2.32846145038E+03 2.48182160292E+01 2.11672598188E+03 2.25575575093E+01 2.56119343582E+03 2.72843785278E+01 2.61302207331E+03 2.78466770556E+01 2.08358309202E+03 2.22083279319E+01 
1.20000000000E+01 1.25000000000E+01 1.30000000000E+01 2.01555357309E+03 2.27234829795E+01 1.99638403521E+03 2.24978081550E+01 2.00960693978E+03 2.26598732217E+01 1.82462130520E+03 2.05697325319E+01 2.20530206452E+03 2.48537877885E+01 2.25248907102E+03 2.53966226053E+01 1.79823562565E+03 2.02752566930E+01 
1.30000000000E+01 1.35000000000E+01 1.40000000000E+01 1.83633599424E+03 2.14835509508E+01 1.81701358168E+03 2.12486437805E+01 1.83301696283E+03 2.14476144039E+01 1.66241590069E+03 1.94490478265E+01 2.00711746154E+03 2.34716858713E+01 2.05214906861E+03 2.40081244802E+01 1.64026186797E+03 1.91926780500E+01 
1.40000000000E+01 1.45000000000E+01 1.50000000000E+01 1.63243009928E+03 2.00718183763E+01 1.61449850872E+03 1.98395912223E+01 1.63021712361E+03 2.00495710310E+01 1.47787165781E+03 1.81717238668E+01 1.78335394193E+03 2.19143273168E+01 1.82420198453E+03 2.24293721983E+01 1.45884917067E+03 1.79424875849E+01 
1.50000000000E+01 1.55000000000E+01 1.60000000000E+01 1.46160140969E+03 1.89071869144E+01 1.44433095579E+03 1.86761940390E+01 1.46094953792E+03 1.88977719176E+01 1.32315748589E+03 1.71156309141E+01 1.59546130779E+03 2.06313903504E+01 1.63339771046E+03 2.11306186775E+01 1.30730128001E+03 1.69096680127E+01 
1.60000000000E+01 1.65000000000E+01 1.70000000000E+01 1.35069083157E+03 1.80058846993E+01 1.33317708476E+03 1.77598612314E+01 1.35189014062E+03 1.80272178154E+01 1.22277516432E+03 1.63005624980E+01 1.47264848375E+03 1.96180224882E+01 1.50941513932E+03 2.01220236046E+01 1.20973913524E+03 1.61316107764E+01 
1.70000000000E+01 1.75000000000E+01 1.80000000000E+01 1.19975839982E+03 1.70643218746E+01 1.18323176387E+03 1.68241789551E+01 1.20186716318E+03 1.70897691916E+01 1.08611279300E+03 1.54465022991E+01 1.30704719806E+03 1.85866379048E+01 1.34078376230E+03 1.90724473905E+01 1.07546339722E+03 1.52908538254E+01 
1.80000000000E+01 1.85000000000E+01 1.90000000000E+01 1.10961380945E+03 1.62343481839E+01 1.09279426688E+03 1.59819676851E+01 1.11335694039E+03 1.62887201218E+01 1.00454853933E+03 1.46970503459E+01 1.20709615671E+03 1.76539721683E+01 1.23997898840E+03 1.81419433725E+01 9.96313546026E+02 1.45763907408E+01 
1.90000000000E+01 1.95000000000E+01 2.00000000000E+01 1.01433798853E+03 1.54512381899E+01 9.99041712825E+02 1.52134923531E+01 1.01750674821E+03 1.54952521605E+01 9.18274875664E+02 1.39873872149E+01 1.10355889222E+03 1.68058950826E+01 1.13353852145E+03 1.72678981749E+01 9.10514346375E+02 1.38653866832E+01 
2.00000000000E+01 2.05000000000E+01 2.10000000000E+01 9.37195360927E+02 1.48759459676E+01 9.21898779842E+02 1.46337271929E+01 9.41522080919E+02 1.49343067107E+01 8.48433022194E+02 1.34660017852E+01 1.01835203770E+03 1.61662154806E+01 1.04733847166E+03 1.66259018556E+01 8.42513837021E+02 1.33627661128E+01 
2.10000000000E+01 2.15000000000E+01 2.20000000000E+01 8.66785630028E+02 1.42138247958E+01 8.52412775491E+02 1.39740266007E+01 8.71047197725E+02 1.42789946004E+01 7.84722691113E+02 1.28679373583E+01 9.41558602403E+02 1.54358125070E+01 9.68605659805E+02 1.58838558772E+01 7.79488028846E+02 1.27779771066E+01 
2.20000000000E+01 2.25000000000E+01 2.30000000000E+01 8.05868282663E+02 1.37380068425E+01 7.91324333177E+02 1.34830471170E+01 8.11132349747E+02 1.38266234380E+01 7.29568090370E+02 1.24367473061E+01 8.74087070612E+02 1.48939763240E+01 9.00540258917E+02 1.53528387097E+01 7.25865015162E+02 1.23725946095E+01 
2.30000000000E+01 2.35000000000E+01 2.40000000000E+01 7.48037810657E+02 1.32163516571E+01 7.33893493408E+02 1.29670539325E+01 7.53692430192E+02 1.33066187767E+01 6.77206397048E+02 1.19642687152E+01 8.10657503640E+02 1.43242667806E+01 8.35925788172E+02 1.47701881576E+01 6.74455069902E+02 1.19069990652E+01 
2.40000000000E+01 2.45000000000E+01 2.50000000000E+01 6.99180559935E+02 1.26506446266E+01 6.85366430996E+02 1.24005562557E+01 7.05107555648E+02 1.27488644642E+01 6.32987694790E+02 1.14526673031E+01 7.57039537794E+02 1.36978487697E+01 7.81309178835E+02 1.41371748464E+01 6.30992971560E+02 1.14085361064E+01 
2.50000000000E+01 2.55000000000E+01 2.60000000000E+01 6.41249092813E+02 1.20367189926E+01 6.28105401043E+02 1.17885216652E+01 6.47272876688E+02 1.21428418493E+01 5.80528516186E+02 1.08970393151E+01 6.93804918738E+02 1.30215456334E+01 7.16591619084E+02 1.34508434163E+01 5.79222074022E+02 1.08663741065E+01 
2.60000000000E+01 2.65000000000E+01 2.70000000000E+01 5.88109550520E+02 1.14847033792E+01 5.75689337385E+02 1.12440500219E+01 5.94021995534E+02 1.15888669527E+01 5.32402733133E+02 1.03959181758E+01 6.35928311857E+02 1.24218427378E+01 6.57236638862E+02 1.28361239765E+01 5.31547752130E+02 1.03690049881E+01 
2.70000000000E+01 2.75000000000E+01 2.80000000000E+01 5.53446050503E+02 1.10749848537E+01 5.41739713738E+02 1.08408425193E+01 5.59024157194E+02 1.11781619639E+01 5.01046005515E+02 1.00261792357E+01 5.98397852720E+02 1.19749843428E+01 6.18462324778E+02 1.23764058539E+01 5.00259491706E+02 1.00028975576E+01 
2.80000000000E+01 2.85000000000E+01 2.90000000000E+01 5.41907258676E+02 1.11637265533E+01 5.29687443280E+02 1.09105500260E+01 5.48185997505E+02 1.12864649569E+01 4.90581296286E+02 1.01058189171E+01 5.85107127170E+02 1.20528246187E+01 6.05596849881E+02 1.24766802556E+01 4.90537374783E+02 1.00989267739E+01 
2.90000000000E+01 2.95000000000E+01 3.00000000000E+01 4.83556200822E+02 1.05042344674E+01 4.72015952208E+02 1.02563905687E+01 4.89921511855E+02 1.06314200814E+01 4.37765998938E+02 9.50909494806E+00 5.21390836998E+02 1.13298538307E+01 5.40373541128E+02 1.17391870239E+01 4.38411847330E+02 9.51316252620E+00 
3.00000000000E+01 3.05000000000E+01 3.10000000000E+01 4.74547023518E+02 1.03231030037E+01 4.63239873600E+02 1.00793029745E+01 4.80772047767E+02 1.04481120766E+01 4.29624799473E+02 9.34590186162E+00 5.11678599838E+02 1.11332747559E+01 5.30282762281E+02 1.15355503855E+01 4.30242457702E+02 9.35007681737E+00 
3.10000000000E+01 3.15000000000E+01 3.20000000000E+01 4.45806026793E+02 1.01567585475E+01 4.34833344404E+02 9.91360851561E+00 4.52074862536E+02 1.02834287942E+01 4.03587522515E+02 9.19430781176E+00 4.80322688087E+02 1.09515147525E+01 4.98192747898E+02 1.13512362652E+01 4.04540728034E+02 9.20153189316E+00 
3.20000000000E+01 3.25000000000E+01 3.30000000000E+01 4.11494836086E+02 9.61539645774E+00 4.00819007325E+02 9.37225600699E+00 4.17959375684E+02 9.75171871036E+00 3.72516846654E+02 8.70414106030E+00 4.42760278899E+02 1.03536166962E+01 4.59863576553E+02 1.07463905215E+01 3.74000849468E+02 8.72562108729E+00 
3.30000000000E+01 3.35000000000E+01 3.40000000000E+01 3.91443255175E+02 9.54028020546E+00 3.81132476340E+02 9.29855370797E+00 3.97763726323E+02 9.67469034028E+00 3.54383526103E+02 8.63655425621E+00 4.20991520448E+02 1.02717485165E+01 4.37425490220E+02 1.06618005491E+01 3.55953511262E+02 8.65726683762E+00 
3.40000000000E+01 3.45000000000E+01 3.50000000000E+01 3.76334057781E+02 9.12205673099E+00 3.66102859145E+02 8.87259783359E+00 3.82835882891E+02 9.27471278292E+00 3.40706540853E+02 8.25823528233E+00 4.04387053252E+02 9.80073769612E+00 4.20538332449E+02 1.01939191050E+01 3.42596064864E+02 8.29957668587E+00 
3.50000000000E+01 3.55000000000E+01 3.60000000000E+01 3.34149082821E+02 8.46006361049E+00 3.24869591939E+02 8.22865089394E+00 3.40090142646E+02 8.59967997243E+00 3.02510193886E+02 7.65879509653E+00 3.58848383267E+02 9.08962455713E+00 3.73406205339E+02 9.45435872665E+00 3.04337530789E+02 7.69538716569E+00 
3.60000000000E+01 3.65000000000E+01 3.70000000000E+01 3.35374781779E+02 8.75124085539E+00 3.25876584605E+02 8.50602644676E+00 3.41549287030E+02 8.90239916553E+00 3.03613012688E+02 7.92214250767E+00 3.59968868052E+02 9.39634217043E+00 3.74786710431E+02 9.78016112308E+00 3.05634587046E+02 7.96597158558E+00 
3.70000000000E+01 3.75000000000E+01 3.80000000000E+01 3.19143657403E+02 8.50590257340E+00 3.10161427069E+02 8.27385715677E+00 3.24917985571E+02 8.64287653451E+00 2.88908440913E+02 7.69889275744E+00 3.42622518336E+02 9.14131111737E+00 3.56664715411E+02 9.50780311869E+00 2.90739045219E+02 7.73236171574E+00 
3.80000000000E+01 3.85000000000E+01 3.90000000000E+01 3.06338016322E+02 8.41763951183E+00 2.97242548134E+02 8.17205270226E+00 3.12480010726E+02 8.57453615205E+00 2.77324089249E+02 7.61980977088E+00 3.28341660279E+02 9.02780614020E+00 3.42340941096E+02 9.40787029454E+00 2.79619285470E+02 7.67215441321E+00 
3.90000000000E+01 3.95000000000E+01 4.00000000000E+01 2.82253664257E+02 7.78521018709E+00 2.73873965197E+02 7.55704532969E+00 2.87886433107E+02 7.93020521521E+00 2.55525624256E+02 7.04728444775E+00 3.02522253519E+02 8.34844227180E+00 3.15418555078E+02 8.70110351239E+00 2.57617875730E+02 7.09558878775E+00 
4.00000000000E+01 4.05000000000E+01 4.10000000000E+01 2.62138934757E+02 7.64343232797E+00 2.53883080754E+02 7.40829602478E+00 2.67910475530E+02 7.79914026308E+00 2.37308549973E+02 6.91845861382E+00 2.80448941469E+02 8.18471885062E+00 2.92951252067E+02 8.54339826229E+00 2.39733630477E+02 6.97774046955E+00 
4.10000000000E+01 4.15000000000E+01 4.20000000000E+01 2.49928014949E+02 7.34895278480E+00 2.42123359511E+02 7.12153718771E+00 2.55393842710E+02 7.50130331322E+00 2.26271097475E+02 6.65347933958E+00 2.67438505678E+02 7.86599191664E+00 2.79278928165E+02 8.21179447230E+00 2.28554366389E+02 6.71319348202E+00 
4.20000000000E+01 4.25000000000E+01 4.30000000000E+01 2.49033282033E+02 7.36193887596E+00 2.41133996889E+02 7.12984568400E+00 2.54589315378E+02 7.51864915949E+00 2.25460514700E+02 6.66472523921E+00 2.66346243221E+02 7.87578213711E+00 2.78279858782E+02 8.22709932680E+00 2.27833653352E+02 6.72808304637E+00 
4.30000000000E+01 4.35000000000E+01 4.40000000000E+01 2.26299062730E+02 7.11020000495E+00 2.18731340780E+02 6.87557271321E+00 2.31850799589E+02 7.27593193930E+00 2.04878769575E+02 6.43732909976E+00 2.41600726440E+02 7.59431794726E+00 2.52875014078E+02 7.94499381558E+00 2.07485453366E+02 6.51152369097E+00 
4.40000000000E+01 4.45000000000E+01 4.50000000000E+01 2.25052666363E+02 6.99354709618E+00 2.17437730945E+02 6.76244182407E+00 2.30666567867E+02 7.15580618850E+00 2.03740980708E+02 6.33067833057E+00 2.40182807235E+02 7.47058723493E+00 2.51496843031E+02 7.81626863027E+00 2.06413639698E+02 6.40269538678E+00 
4.50000000000E+01 4.55000000000E+01 4.60000000000E+01 2.00856573675E+02 6.49483619639E+00 1.94047728205E+02 6.27840586593E+00 2.05907172119E+02 6.64876968928E+00 1.81832073003E+02 5.87931555218E+00 2.14351217672E+02 6.93579557963E+00 2.24464064897E+02 7.25876643244E+00 1.84252632160E+02 5.94915417709E+00 
4.60000000000E+01 4.65000000000E+01 4.70000000000E+01 1.99237109861E+02 6.43421470961E+00 1.92350221450E+02 6.21267014942E+00 2.04410275235E+02 6.59592790757E+00 1.80377808110E+02 5.82509453705E+00 2.12461981220E+02 6.86238475619E+00 2.22635827213E+02 7.18998627619E+00 1.82928001479E+02 5.90269169307E+00 
4.70000000000E+01 4.75000000000E+01 4.80000000000E+01 1.82376095420E+02 6.24645357868E+00 1.75905765767E+02 6.02826966836E+00 1.87319455809E+02 6.40624795337E+00 1.65105537600E+02 5.65467437715E+00 1.94306596456E+02 6.65917997082E+00 2.03805937784E+02 6.98084990391E+00 1.67623917133E+02 5.73235051464E+00 
4.80000000000E+01 4.85000000000E+01 4.90000000000E+01 1.76536499416E+02 6.31048357107E+00 1.70312590970E+02 6.09892687959E+00 1.81232831054E+02 6.45952978311E+00 1.59810029922E+02 5.71085887458E+00 1.88139345158E+02 6.73947475215E+00 1.97294187363E+02 7.05521380733E+00 1.62166475486E+02 5.77792022781E+00 
4.90000000000E+01 4.95000000000E+01 5.00000000000E+01 1.83708016621E+02 6.35291073312E+00 1.77072967522E+02 6.12451301976E+00 1.88808749666E+02 6.52404128625E+00 1.66315664535E+02 5.75135062593E+00 1.95590805598E+02 6.76518174785E+00 2.05287736985E+02 7.09937094867E+00 1.68962085841E+02 5.83818235766E+00 
5.00000000000E+01 5.05000000000E+01 5.10000000000E+01 1.75788954019E+02 6.16194600251E+00 1.69356945330E+02 5.94170369297E+00 1.80741759287E+02 6.32483612485E+00 1.59151715067E+02 5.57906390271E+00 1.87061473825E+02 6.56251773476E+00 1.96429998805E+02 6.88502313026E+00 1.61749918289E+02 5.66065216280E+00 
5.10000000000E+01 5.15000000000E+01 5.20000000000E+01 1.54549964647E+02 5.74379900505E+00 1.48591443005E+02 5.52127851357E+00 1.59274913095E+02 5.91733647298E+00 1.39929640333E+02 5.20063852086E+00 1.64117325698E+02 6.09797943863E+00 1.72686491767E+02 6.41753816904E+00 1.42547710846E+02 5.29618600354E+00 
5.20000000000E+01 5.25000000000E+01 5.30000000000E+01 1.68634478735E+02 6.06428645619E+00 1.62223381121E+02 5.83903348238E+00 1.73669389400E+02 6.23471497868E+00 1.52667130860E+02 5.48993758368E+00 1.79190666783E+02 6.44993612213E+00 1.88446591069E+02 6.77698828271E+00 1.55411521097E+02 5.57908735847E+00 
5.30000000000E+01 5.35000000000E+01 5.40000000000E+01 1.47026338320E+02 5.69961457703E+00 1.41257138525E+02 5.48126895965E+00 1.51650245831E+02 5.86791345664E+00 1.33111934796E+02 5.16045739639E+00 1.56023464560E+02 6.05398784948E+00 1.64289063679E+02 6.36844821780E+00 1.35716256270E+02 5.25170916454E+00 
5.40000000000E+01 5.45000000000E+01 5.50000000000E+01 1.31598354351E+02 5.22804480994E+00 1.26462079600E+02 5.02875726538E+00 1.35716748976E+02 5.38102078621E+00 1.19145103992E+02 4.73315075088E+00 1.39680558804E+02 5.55461683034E+00 1.47048020843E+02 5.84208424878E+00 1.21458263433E+02 4.81552303169E+00 
5.50000000000E+01 5.55000000000E+01 5.60000000000E+01 1.34968323274E+02 5.16521618563E+00 1.29466990319E+02 4.95872277737E+00 1.39500839987E+02 5.32987360404E+00 1.22190820901E+02 4.67612292439E+00 1.43005878152E+02 5.47743208091E+00 1.50822027483E+02 5.77211431996E+00 1.24837916265E+02 4.76955609584E+00 
5.60000000000E+01 5.65000000000E+01 5.70000000000E+01 1.29172383524E+02 5.12601038891E+00 1.23994132997E+02 4.92650599264E+00 1.33374732481E+02 5.28094002930E+00 1.16940434565E+02 4.64013956694E+00 1.36964305067E+02 5.44241301118E+00 1.44349939979E+02 5.72904177378E+00 1.19351720271E+02 4.72514495136E+00 
5.70000000000E+01 5.75000000000E+01 5.80000000000E+01 1.16062630139E+02 4.91176610872E+00 1.11021489587E+02 4.70313743492E+00 1.20344613037E+02 5.08400527648E+00 1.05073952802E+02 4.44678648058E+00 1.22632448430E+02 5.19493844829E+00 1.29696958903E+02 5.48868446179E+00 1.07693863578E+02 4.54964779384E+00 
5.80000000000E+01 5.85000000000E+01 5.90000000000E+01 1.15397571486E+02 4.85049201219E+00 1.10671999587E+02 4.65720059839E+00 1.19289833227E+02 5.00329094170E+00 1.04462651416E+02 4.39021161824E+00 1.22257342554E+02 5.14553854255E+00 1.28968164490E+02 5.42193545980E+00 1.06738322625E+02 4.47606536267E+00 
5.90000000000E+01 5.95000000000E+01 6.00000000000E+01 1.09228028540E+02 4.65522272636E+00 1.04677127857E+02 4.46304692101E+00 1.12990130562E+02 4.80981383831E+00 9.88837751540E+01 4.21431293934E+00 1.15627765499E+02 4.93002243586E+00 1.22063712631E+02 5.20235206876E+00 1.01109086640E+02 4.30402757514E+00 
6.00000000000E+01 6.05000000000E+01 6.10000000000E+01 1.17825463262E+02 5.23375862365E+00 1.12887709910E+02 5.02180657729E+00 1.21910125535E+02 5.40170332380E+00 1.06669093968E+02 4.73801935898E+00 1.24694729229E+02 5.54726377845E+00 1.31668091698E+02 5.84892439650E+00 1.09093773524E+02 4.83361158651E+00 
6.10000000000E+01 6.15000000000E+01 6.20000000000E+01 1.04140981546E+02 4.67371325066E+00 9.94998348551E+01 4.47037172363E+00 1.08120353640E+02 4.84289904958E+00 9.42909707978E+01 4.23218665645E+00 1.09894098460E+02 4.93676356943E+00 1.16359399097E+02 5.22125503736E+00 9.67672655277E+01 4.33505847499E+00 
6.20000000000E+01 6.25000000000E+01 6.30000000000E+01 1.01064486571E+02 4.51645317331E+00 9.66490956177E+01 4.32489816723E+00 1.04812038736E+02 4.67289021529E+00 9.14990201426E+01 4.08904073906E+00 1.06753201988E+02 4.77699214708E+00 1.12931978161E+02 5.04671407126E+00 9.37981890922E+01 4.18194696408E+00 
6.30000000000E+01 6.35000000000E+01 6.40000000000E+01 9.76401057572E+01 4.43575173118E+00 9.31894587356E+01 4.23751385334E+00 1.01498142595E+02 4.60316873070E+00 8.84042257756E+01 4.01635502622E+00 1.02925499269E+02 4.68002772291E+00 1.09097042983E+02 4.95595815558E+00 9.08395719791E+01 4.12002855251E+00 
6.40000000000E+01 6.45000000000E+01 6.50000000000E+01 8.42154362336E+01 4.00498099809E+00 8.03965037483E+01 3.82615715822E+00 8.75206238953E+01 4.15598197943E+00 7.62402212949E+01 3.62582314377E+00 8.88066864797E+01 4.22628313864E+00 9.41113438750E+01 4.47542278134E+00 7.83180301193E+01 3.71914593657E+00 
6.50000000000E+01 6.55000000000E+01 6.60000000000E+01 9.19772311633E+01 4.32576249042E+00 8.78462374094E+01 4.13448238579E+00 9.55248321487E+01 4.48546837872E+00 8.32748162380E+01 3.91658909140E+00 9.70266389105E+01 4.56645717307E+00 1.02773144530E+02 4.83334689438E+00 8.54907095222E+01 4.01447068294E+00 
6.60000000000E+01 6.65000000000E+01 6.70000000000E+01 8.66288119320E+01 4.03347029022E+00 8.25327755205E+01 3.84487918555E+00 9.02328150628E+01 4.19610204544E+00 7.84268784498E+01 3.65160912788E+00 9.11642634857E+01 4.24696155478E+00 9.68054379999E+01 4.50726023140E+00 8.07473671726E+01 3.75503475330E+00 
6.70000000000E+01 6.75000000000E+01 6.80000000000E+01 8.53553480315E+01 4.21196411715E+00 8.13407288275E+01 4.01697807221E+00 8.88672315163E+01 4.37854594997E+00 7.72775678931E+01 3.81341755079E+00 8.98434227762E+01 4.43682171377E+00 9.53769244582E+01 4.70640425756E+00 7.95299274722E+01 3.91858070822E+00 
6.80000000000E+01 6.85000000000E+01 6.90000000000E+01 7.23626193877E+01 3.57434003575E+00 6.88484453077E+01 3.40069765132E+00 7.54992531778E+01 3.72689968651E+00 6.55115057673E+01 3.23598951479E+00 7.60486953433E+01 3.75628691680E+00 8.08631714266E+01 3.99413483617E+00 6.75628087138E+01 3.33521616494E+00 
6.90000000000E+01 6.95000000000E+01 7.00000000000E+01 7.85409535416E+01 3.90407395136E+00 7.47696003400E+01 3.71805083010E+00 8.18794583305E+01 4.06521775760E+00 7.11089424035E+01 3.53467574254E+00 8.25843974170E+01 4.10663186617E+00 8.77610326769E+01 4.36234314146E+00 7.32775638005E+01 3.63818930676E+00 
7.00000000000E+01 7.05000000000E+01 7.10000000000E+01 7.65464407102E+01 3.85274883200E+00 7.27602299983E+01 3.66284174231E+00 7.99414922035E+01 4.02030996036E+00 6.93012111348E+01 3.48828226380E+00 8.03671474894E+01 4.04555685883E+00 8.55353636182E+01 4.30487437853E+00 7.15405275658E+01 3.59808631714E+00 
7.10000000000E+01 7.15000000000E+01 7.20000000000E+01 6.96052506089E+01 3.61757662449E+00 6.61105175076E+01 3.43727109905E+00 7.27695287376E+01 3.77816185712E+00 6.30210969224E+01 3.27565019145E+00 7.30176122034E+01 3.79609297758E+00 7.77728301730E+01 4.04165458409E+00 6.51276384835E+01 3.38176603107E+00 
7.20000000000E+01 7.25000000000E+01 7.30000000000E+01 6.68215998603E+01 3.66368751809E+00 6.34765609085E+01 3.48329209218E+00 6.98207433490E+01 3.82257387247E+00 6.04951381202E+01 3.31678213921E+00 7.01150967461E+01 3.84765990217E+00 7.46713439321E+01 4.09414811652E+00 6.24813383923E+01 3.42073512035E+00 
7.30000000000E+01 7.35000000000E+01 7.40000000000E+01 6.23830543494E+01 3.33666345072E+00 5.92325248323E+01 3.17123016072E+00 6.52346478349E+01 3.48303388381E+00 5.64763260418E+01 3.02067129615E+00 6.54277591815E+01 3.50301405672E+00 6.97121034866E+01 3.72877658313E+00 5.83766849104E+01 3.11682254452E+00 
7.40000000000E+01 7.45000000000E+01 7.50000000000E+01 7.05531926409E+01 3.74563574879E+00 6.70124683959E+01 3.56323346584E+00 7.37465066666E+01 3.90525498956E+00 6.38715045149E+01 3.39087276695E+00 7.40229825591E+01 3.93606616485E+00 7.88442300242E+01 4.18586873843E+00 6.59918932805E+01 3.49458588706E+00 
7.50000000000E+01 7.55000000000E+01 7.60000000000E+01 6.31408315384E+01 3.47944536589E+00 5.97567932827E+01 3.29623528810E+00 6.62801963941E+01 3.64660956274E+00 5.71667588784E+01 3.15028925038E+00 6.60017440738E+01 3.64066849115E+00 7.05520159264E+01 3.88777097087E+00 5.93180517762E+01 3.26365161728E+00 
7.60000000000E+01 7.65000000000E+01 7.70000000000E+01 6.22670122161E+01 3.55919207882E+00 5.89814351235E+01 3.37482611192E+00 6.52844518640E+01 3.72486738250E+00 5.63712209380E+01 3.22175188775E+00 6.51503947910E+01 3.72832787868E+00 6.95825044833E+01 3.97803997053E+00 5.84211105316E+01 3.33272404834E+00 
7.70000000000E+01 7.75000000000E+01 7.80000000000E+01 5.99313786818E+01 3.42531584593E+00 5.67039581540E+01 3.24399463840E+00 6.29161070821E+01 3.59029530399E+00 5.42554269774E+01 3.10073253430E+00 6.26362039473E+01 3.58359826981E+00 6.69744468113E+01 3.82814367867E+00 5.63000357714E+01 3.21253200802E+00 
7.80000000000E+01 7.85000000000E+01 7.90000000000E+01 5.76614623478E+01 3.27226533221E+00 5.45169710195E+01 3.09548968956E+00 6.05982943052E+01 3.43524497911E+00 5.22039704662E+01 2.96284138486E+00 6.02164073890E+01 3.41878269332E+00 6.44324208448E+01 3.65607702156E+00 5.42304555148E+01 3.07463912231E+00 
7.90000000000E+01 7.95000000000E+01 8.00000000000E+01 5.01787408632E+01 3.04145403873E+00 4.75391313079E+01 2.88404444893E+00 5.26104687661E+01 3.18346002349E+00 4.54320837664E+01 2.75375659693E+00 5.25060719348E+01 3.18537535470E+00 5.60669783954E+01 3.39834507159E+00 4.70854335805E+01 2.84916531893E+00 
8.00000000000E+01 8.05000000000E+01 8.10000000000E+01 5.60742341885E+01 3.38287408267E+00 5.29901912220E+01 3.20152902995E+00 5.89601020315E+01 3.54905138712E+00 5.07650779570E+01 3.06207495588E+00 5.85323148274E+01 3.53698511429E+00 6.26617571427E+01 3.78109032711E+00 5.27621206882E+01 3.17534464082E+00 
8.10000000000E+01 8.15000000000E+01 8.20000000000E+01 5.13211415450E+01 3.08227260048E+00 4.85389394431E+01 2.91629755357E+00 5.39001764370E+01 3.23421272190E+00 4.64657995502E+01 2.79058278935E+00 5.36110048073E+01 3.22114208673E+00 5.73442749146E+01 3.44414730526E+00 4.82389341248E+01 2.89441603955E+00 
8.20000000000E+01 8.25000000000E+01 8.30000000000E+01 4.23463312702E+01 2.71360555390E+00 3.99674808598E+01 2.56191860377E+00 4.45866195101E+01 2.85506900944E+00 3.83405310718E+01 2.45701358601E+00 4.41433606591E+01 2.82947541423E+00 4.73155320668E+01 3.03187961185E+00 3.99041531474E+01 2.55536966271E+00 
8.30000000000E+01 8.35000000000E+01 8.40000000000E+01 4.89827278932E+01 2.93732103202E+00 4.62449078269E+01 2.77752633096E+00 5.15544455327E+01 3.08435703566E+00 4.43486834918E+01 2.65937117498E+00 5.10771741153E+01 3.06784608552E+00 5.47314215827E+01 3.28215394413E+00 4.61395619685E+01 2.76033497806E+00 
8.40000000000E+01 8.45000000000E+01 8.50000000000E+01 3.77706634165E+01 2.48675916345E+00 3.56056300280E+01 2.34800137280E+00 3.98376186184E+01 2.61634228999E+00 3.41968295157E+01 2.25155439184E+00 3.93267883731E+01 2.59328744682E+00 4.22042688519E+01 2.77852263887E+00 3.56527642942E+01 2.34161719153E+00 
8.50000000000E+01 8.55000000000E+01 8.60000000000E+01 4.84900094121E+01 3.04229428264E+00 4.57926285009E+01 2.87434243722E+00 5.10152900084E+01 3.19738697234E+00 4.39013888818E+01 2.75451352644E+00 5.05789549936E+01 3.17464471458E+00 5.41826505932E+01 3.39928176631E+00 4.56554801777E+01 2.86160619617E+00 
8.60000000000E+01 8.65000000000E+01 8.70000000000E+01 4.11974572942E+01 2.73157834485E+00 3.88369840314E+01 2.57660119533E+00 4.34365333803E+01 2.87658587547E+00 3.72980286919E+01 2.47334381521E+00 4.28973559642E+01 2.84562096112E+00 4.60353898198E+01 3.05187734778E+00 3.88718029935E+01 2.57469222318E+00 
8.70000000000E+01 8.75000000000E+01 8.80000000000E+01 4.01623627300E+01 2.60756617044E+00 3.78872379601E+01 2.46144506705E+00 4.23124534952E+01 2.74331064963E+00 3.63594895729E+01 2.36074408854E+00 4.18499300528E+01 2.71879564002E+00 4.48809147655E+01 2.91379559199E+00 3.78639928079E+01 2.45499928777E+00 
8.80000000000E+01 8.85000000000E+01 8.90000000000E+01 3.77432756135E+01 2.52716841235E+00 3.55384217599E+01 2.38489379755E+00 3.98521845425E+01 2.65989010622E+00 3.41726009041E+01 2.28808384822E+00 3.92519102882E+01 2.63410722967E+00 4.21727441624E+01 2.82375910477E+00 3.56665972548E+01 2.38053099568E+00 
8.90000000000E+01 8.95000000000E+01 9.00000000000E+01 4.07842549940E+01 2.65935566968E+00 3.84138723414E+01 2.50690038611E+00 4.30562427934E+01 2.80336808464E+00 3.69213294028E+01 2.40774507420E+00 4.24330610443E+01 2.76889292828E+00 4.55778186965E+01 2.97152042649E+00 3.85280437250E+01 2.50889850156E+00 
9.00000000000E+01 9.05000000000E+01 9.10000000000E+01 3.75034876567E+01 2.52580956645E+00 3.52873313897E+01 2.38097802823E+00 3.96321068107E+01 2.66185140916E+00 3.39560549879E+01 2.28687012943E+00 3.89738860467E+01 2.62975658307E+00 4.19039469851E+01 2.82221281058E+00 3.54702875113E+01 2.38229996297E+00 
9.10000000000E+01 9.15000000000E+01 9.20000000000E+01 3.57365625824E+01 2.52943241179E+00 3.36670823198E+01 2.38684924534E+00 3.77027697629E+01 2.66187016845E+00 3.23492568688E+01 2.28945806640E+00 3.71924612404E+01 2.63704538501E+00 3.99406044158E+01 2.82734346675E+00 3.37344090257E+01 2.38141457756E+00 
9.20000000000E+01 9.25000000000E+01 9.30000000000E+01 3.58234692975E+01 2.50969779302E+00 3.36536821292E+01 2.35876876323E+00 3.79196942728E+01 2.65400793042E+00 3.24344008271E+01 2.27234819364E+00 3.71702255787E+01 2.60514971234E+00 4.00276772185E+01 2.80410980293E+00 3.39369992215E+01 2.37536249332E+00 
9.30000000000E+01 9.35000000000E+01 9.40000000000E+01 3.14771512240E+01 2.24468561793E+00 2.95340317767E+01 2.10795001140E+00 3.33733758743E+01 2.37631773094E+00 2.85007577997E+01 2.03255429365E+00 3.26183709515E+01 2.32795589307E+00 3.51689408523E+01 2.50776773253E+00 2.98701294992E+01 2.12703430352E+00 
9.40000000000E+01 9.45000000000E+01 9.50000000000E+01 3.34431977282E+01 2.36444839005E+00 3.14198411406E+01 2.22325031111E+00 3.54032877942E+01 2.49903888745E+00 3.02775844507E+01 2.14069574120E+00 3.47049322927E+01 2.45563898701E+00 3.73707373920E+01 2.64204037912E+00 3.16826010269E+01 2.23648236853E+00 
9.50000000000E+01 9.55000000000E+01 9.60000000000E+01 2.95994428357E+01 2.24693744193E+00 2.78097527444E+01 2.11285118993E+00 3.13282357042E+01 2.37486292757E+00 2.67993309692E+01 2.03453374147E+00 3.07155197644E+01 2.33344359827E+00 3.30730020208E+01 2.51037880159E+00 2.80380451955E+01 2.12566094934E+00 
9.60000000000E+01 9.65000000000E+01 9.70000000000E+01 2.71099100360E+01 2.06360868762E+00 2.54277176297E+01 1.93665531821E+00 2.87489812555E+01 2.18592771133E+00 2.45431682602E+01 1.86827493106E+00 2.80870330870E+01 2.13914984339E+00 3.02946281429E+01 2.30595830859E+00 2.57268458230E+01 1.95620972091E+00 
9.70000000000E+01 9.75000000000E+01 9.80000000000E+01 3.02255773224E+01 2.32252391177E+00 2.83303459135E+01 2.17874313442E+00 3.20822498229E+01 2.46113118285E+00 2.73625707670E+01 2.10212016882E+00 3.12947239645E+01 2.40721843978E+00 3.37783505494E+01 2.59617202849E+00 2.87080438268E+01 2.20177405766E+00 
9.80000000000E+01 9.85000000000E+01 9.90000000000E+01 2.93961055817E+01 2.17882042547E+00 2.75350628919E+01 2.04261308032E+00 3.12290979388E+01 2.31156752204E+00 2.66167389492E+01 1.97288853644E+00 3.04104023015E+01 2.25584553715E+00 3.28434986073E+01 2.43423309835E+00 2.79512637446E+01 2.06905297794E+00 
9.90000000000E+01 9.95000000000E+01 1.00000000000E+02 2.79226304520E+01 2.18274836092E+00 2.61314627744E+01 2.04530845983E+00 2.96955268836E+01 2.31660473713E+00 2.52786978374E+01 1.97630018965E+00 2.88646539386E+01 2.25897387994E+00 3.12032267625E+01 2.43884738844E+00 2.65735473706E+01 2.07335579729E+00 
#nx: 3
