#labels: ptz__2p5__2p75_lower[1] ptz__2p5__2p75_center[2] ptz__2p5__2p75_upper[3] tot_scale01[4] tot_scale01_Err[5] tot_scale02[6] tot_scale02_Err[7] tot_scale03[8] tot_scale03_Err[9] tot_scale04[10] tot_scale04_Err[11] tot_scale05[12] tot_scale05_Err[13] tot_scale06[14] tot_scale06_Err[15] tot_scale07[16] tot_scale07_Err[17]
#neval: 21136000
#overflow:lower center upper 4.89874365837E+02 8.85606657014E+00 4.44033986362E+02 8.05147343838E+00 5.40287808290E+02 9.73363054539E+00 4.43522787171E+02 8.01873431419E+00 4.90439385763E+02 8.89223535308E+00 5.47377095263E+02 9.89467112656E+00 4.83530476392E+02 8.71194978495E+00 
0.00000000000E+00 5.00000000000E-01 1.00000000000E+00 0.00000000000E+00 0.00000000000E+00 0.00000000000E+00 0.00000000000E+00 0.00000000000E+00 0.00000000000E+00 0.00000000000E+00 0.00000000000E+00 0.00000000000E+00 0.00000000000E+00 0.00000000000E+00 0.00000000000E+00 0.00000000000E+00 0.00000000000E+00 
1.00000000000E+00 1.50000000000E+00 2.00000000000E+00 2.81328642656E+04 1.48557623767E+02 2.77827441468E+04 1.46179474055E+02 2.82042042150E+04 1.49659274477E+02 2.54677900324E+04 1.34499148598E+02 3.06902573675E+04 1.61461123941E+02 3.14400796957E+04 1.65999588004E+02 2.52376153206E+04 1.33937164529E+02 
2.00000000000E+00 2.50000000000E+00 3.00000000000E+00 1.42146388547E+04 8.46286807969E+01 1.40168801057E+04 8.32532650976E+01 1.42720183747E+04 8.52337967021E+01 1.28682024608E+04 7.66212522732E+01 1.54836061300E+04 9.19552902389E+01 1.58854521617E+04 9.45628774316E+01 1.27710309910E+04 7.62815900343E+01 
3.00000000000E+00 3.50000000000E+00 4.00000000000E+00 9.03785246225E+03 6.01739988137E+01 8.90411109318E+03 5.91973762866E+01 9.08204955108E+03 6.05638198050E+01 8.18170010183E+03 5.44787449007E+01 9.83592012373E+03 6.53870231967E+01 1.01002881547E+04 6.72402327160E+01 8.12680002765E+03 5.42006426777E+01 
4.00000000000E+00 4.50000000000E+00 5.00000000000E+00 6.39200665285E+03 4.75443988456E+01 6.29059883348E+03 4.67383636747E+01 6.43001814386E+03 4.78789402102E+01 5.78654260253E+03 4.30436557973E+01 6.94884865362E+03 5.16263618499E+01 7.14333753990E+03 5.31288389309E+01 5.75377104630E+03 4.28475268119E+01 
5.00000000000E+00 5.50000000000E+00 6.00000000000E+00 4.91602330921E+03 3.97208397511E+01 4.83300742709E+03 3.90339477631E+01 4.95060110043E+03 4.00005569353E+01 4.45035474518E+03 3.59604392729E+01 5.33874885602E+03 4.31164198033E+01 5.49388306087E+03 4.43867085465E+01 4.42992801705E+03 3.57966398318E+01 
6.00000000000E+00 6.50000000000E+00 7.00000000000E+00 3.83357091167E+03 3.38951192998E+01 3.76612071277E+03 3.32961037503E+01 3.86346531853E+03 3.41417111758E+01 3.47045135781E+03 3.06862356901E+01 4.16020138923E+03 3.67784533286E+01 4.28416978915E+03 3.78766703276E+01 3.45714693138E+03 3.05535029060E+01 
7.00000000000E+00 7.50000000000E+00 8.00000000000E+00 3.09325229499E+03 2.96730556487E+01 3.03594177405E+03 2.91313004511E+01 3.12030700010E+03 2.99008033306E+01 2.80022941464E+03 2.68615740921E+01 3.35365257773E+03 3.21809642191E+01 3.45687657728E+03 3.31622544324E+01 2.79211495409E+03 2.67555763579E+01 
8.00000000000E+00 8.50000000000E+00 9.00000000000E+00 2.61572912824E+03 2.69626609250E+01 2.56494099549E+03 2.64457083182E+01 2.64101482550E+03 2.71934398118E+01 2.36795854720E+03 2.44084946898E+01 2.83333945630E+03 2.92134947613E+01 2.92319305772E+03 3.01323642237E+01 2.36325266284E+03 2.43334828751E+01 
9.00000000000E+00 9.50000000000E+00 1.00000000000E+01 2.26496196136E+03 2.46963112645E+01 2.21897752444E+03 2.42037513127E+01 2.28900301325E+03 2.49276439034E+01 2.05047038919E+03 2.23584273076E+01 2.45110978433E+03 2.67349959297E+01 2.53111220612E+03 2.75970969005E+01 2.04832887445E+03 2.23079910536E+01 
1.00000000000E+01 1.05000000000E+01 1.10000000000E+01 1.93116066118E+03 2.26297147561E+01 1.89033950580E+03 2.21681626040E+01 1.95324103948E+03 2.28457946543E+01 1.74824498935E+03 2.04859519904E+01 2.08813449792E+03 2.44884145541E+01 2.15814135635E+03 2.52901314966E+01 1.74782661325E+03 2.04431046780E+01 
1.10000000000E+01 1.15000000000E+01 1.20000000000E+01 1.64472334502E+03 2.06170299439E+01 1.60884260844E+03 2.01897884256E+01 1.66483166496E+03 2.08203778574E+01 1.48890967409E+03 1.86634508390E+01 1.77721893151E+03 2.23036475263E+01 1.83808252484E+03 2.30415996508E+01 1.48971314748E+03 1.86302016869E+01 
1.20000000000E+01 1.25000000000E+01 1.30000000000E+01 1.44102954130E+03 1.89418579948E+01 1.40855714273E+03 1.85255457141E+01 1.45981438499E+03 1.91553253015E+01 1.30454542801E+03 1.71475942540E+01 1.55593142772E+03 2.04643041467E+01 1.61039033956E+03 2.11684803651E+01 1.30630012221E+03 1.71408694319E+01 
1.30000000000E+01 1.35000000000E+01 1.40000000000E+01 1.29897670498E+03 1.79678778657E+01 1.26850912738E+03 1.75569919835E+01 1.31710418478E+03 1.81845504311E+01 1.17593945497E+03 1.62656595290E+01 1.40123995783E+03 1.93946930486E+01 1.45165434041E+03 2.00803514917E+01 1.17858839515E+03 1.62719653394E+01 
1.40000000000E+01 1.45000000000E+01 1.50000000000E+01 1.18263211778E+03 1.71680383238E+01 1.15411421226E+03 1.67689026107E+01 1.19998170642E+03 1.73813158043E+01 1.07063268396E+03 1.55424638247E+01 1.27485391159E+03 1.85230548214E+01 1.32160741983E+03 1.91851281333E+01 1.07380563342E+03 1.55542771760E+01 
1.50000000000E+01 1.55000000000E+01 1.60000000000E+01 1.06141007890E+03 1.61921383121E+01 1.03456819656E+03 1.57975293563E+01 1.07837315419E+03 1.64145637807E+01 9.60879633612E+02 1.46582268688E+01 1.14281486766E+03 1.74510132473E+01 1.18615716545E+03 1.80957140943E+01 9.64970298660E+02 1.46882861132E+01 
1.60000000000E+01 1.65000000000E+01 1.70000000000E+01 9.35940849694E+02 1.50703905046E+01 9.12486205686E+02 1.47159359169E+01 9.50640975237E+02 1.52616705216E+01 8.47296310182E+02 1.36429399953E+01 1.00795673874E+03 1.62559369702E+01 1.04593796193E+03 1.68417693043E+01 8.50673495002E+02 1.36568528790E+01 
1.70000000000E+01 1.75000000000E+01 1.80000000000E+01 8.56741013713E+02 1.44406966057E+01 8.33977776980E+02 1.40728896914E+01 8.71646623067E+02 1.46542967751E+01 7.75598220967E+02 1.30726063825E+01 9.21233270587E+02 1.55459351934E+01 9.57429489885E+02 1.61385284833E+01 7.79986298771E+02 1.31129800472E+01 
1.80000000000E+01 1.85000000000E+01 1.90000000000E+01 7.56778504548E+02 1.33190557270E+01 7.36112326740E+02 1.29628139772E+01 7.70683293415E+02 1.35381086940E+01 6.85115844053E+02 1.20578351760E+01 8.13113397470E+02 1.43188942436E+01 8.45699190604E+02 1.48840427969E+01 6.89655739185E+02 1.21149136458E+01 
1.90000000000E+01 1.95000000000E+01 2.00000000000E+01 7.06068687463E+02 1.32022783977E+01 6.86266666283E+02 1.28591414779E+01 7.19504105233E+02 1.34044676565E+01 6.39179020491E+02 1.19499831780E+01 7.58089372083E+02 1.42071169042E+01 7.89076178312E+02 1.47569016982E+01 6.43822416396E+02 1.19928458128E+01 
2.00000000000E+01 2.05000000000E+01 2.10000000000E+01 6.62876878689E+02 1.24684331081E+01 6.44173594050E+02 1.21304773268E+01 6.75638542177E+02 1.26754045354E+01 6.00109245151E+02 1.12879510665E+01 7.11553563511E+02 1.33992325835E+01 7.40759294513E+02 1.39331713136E+01 6.04607479853E+02 1.13431064036E+01 
2.10000000000E+01 2.15000000000E+01 2.20000000000E+01 6.21190364148E+02 1.22973912983E+01 6.02870663953E+02 1.19593003140E+01 6.33970805499E+02 1.25045226928E+01 5.62347739274E+02 1.11313594174E+01 6.65956686557E+02 1.32123202949E+01 6.94209771271E+02 1.37447851110E+01 5.67291806020E+02 1.11880720699E+01 
2.20000000000E+01 2.25000000000E+01 2.30000000000E+01 5.46361282273E+02 1.15411786844E+01 5.29610780672E+02 1.12017415609E+01 5.58450611171E+02 1.17655553756E+01 4.94611781319E+02 1.04471735021E+01 5.85025396549E+02 1.23750663778E+01 6.10577273582E+02 1.28990771520E+01 4.99721277974E+02 1.05273706065E+01 
2.30000000000E+01 2.35000000000E+01 2.40000000000E+01 5.28570148534E+02 1.14202835426E+01 5.12368601966E+02 1.10900850721E+01 5.40147384543E+02 1.16316466996E+01 4.78501735769E+02 1.03381187664E+01 5.65983770763E+02 1.22511881984E+01 5.90701219613E+02 1.27633409416E+01 4.83337779014E+02 1.04079683585E+01 
2.40000000000E+01 2.45000000000E+01 2.50000000000E+01 4.87530675321E+02 1.08703841551E+01 4.71970465142E+02 1.05453996512E+01 4.98998840163E+02 1.10857053558E+01 4.41343249640E+02 9.83910177109E+00 5.21366077793E+02 1.16510143480E+01 5.44847891738E+02 1.21507043884E+01 4.46509008578E+02 9.91799848971E+00 
2.50000000000E+01 2.55000000000E+01 2.60000000000E+01 4.42346123718E+02 1.03244446508E+01 4.27979226831E+02 1.00048707624E+01 4.53008534935E+02 1.05419673680E+01 4.00440682022E+02 9.34596928423E+00 4.72769031194E+02 1.10524851168E+01 4.94348892621E+02 1.15388465618E+01 4.05357996335E+02 9.43269042602E+00 
2.60000000000E+01 2.65000000000E+01 2.70000000000E+01 4.10259762002E+02 9.89596937287E+00 3.96650686479E+02 9.58430588805E+00 4.20469372577E+02 1.01088329337E+01 3.71389886335E+02 8.95761149104E+00 4.38166730005E+02 1.05884837961E+01 4.58497067168E+02 1.10607559846E+01 3.76236160779E+02 9.04452466259E+00 
2.70000000000E+01 2.75000000000E+01 2.80000000000E+01 3.86241727590E+02 9.67243488214E+00 3.72986589557E+02 9.35213073919E+00 3.96349169343E+02 9.89883725858E+00 3.49656547291E+02 8.75561533024E+00 4.12015384352E+02 1.03316039589E+01 4.31640795717E+02 1.08103728408E+01 3.54665448053E+02 8.85710669947E+00 
2.80000000000E+01 2.85000000000E+01 2.90000000000E+01 3.64918629460E+02 9.43190742919E+00 3.52396384191E+02 9.12278135417E+00 3.74450646235E+02 9.64912629459E+00 3.30364737574E+02 8.53912513912E+00 3.89256526987E+02 1.00766989366E+01 4.07793297690E+02 1.05395973389E+01 3.35084129763E+02 8.63517376520E+00 
2.90000000000E+01 2.95000000000E+01 3.00000000000E+01 3.33960575016E+02 9.04989994191E+00 3.22220860031E+02 8.73762475548E+00 3.43061096605E+02 9.28268740340E+00 3.02333356859E+02 8.19273014090E+00 3.55930424541E+02 9.65202883393E+00 3.73205368889E+02 1.01135980943E+01 3.06988757956E+02 8.30669896836E+00 
3.00000000000E+01 3.05000000000E+01 3.10000000000E+01 3.20003608796E+02 8.84542229382E+00 3.08535267893E+02 8.54847496450E+00 3.28969462521E+02 9.05724538998E+00 2.89707557318E+02 8.00826290767E+00 3.40801646113E+02 9.44219560568E+00 3.57593532606E+02 9.88406703484E+00 2.94390429235E+02 8.10560660075E+00 
3.10000000000E+01 3.15000000000E+01 3.20000000000E+01 2.95030518175E+02 8.46613540051E+00 2.84311928438E+02 8.17411777913E+00 3.03440661208E+02 8.67786285295E+00 2.67096719482E+02 7.66457110305E+00 3.14047217245E+02 9.02904510946E+00 3.29690037403E+02 9.46070745574E+00 2.71542157910E+02 7.76568850119E+00 
3.20000000000E+01 3.25000000000E+01 3.30000000000E+01 2.80510609630E+02 8.10586333153E+00 2.70181775998E+02 7.82814046302E+00 2.88701876918E+02 8.30655610286E+00 2.53956380163E+02 7.33908288720E+00 2.98433938590E+02 8.64612898802E+00 3.13457177646E+02 9.05708997735E+00 2.58359148739E+02 7.43430583941E+00 
3.30000000000E+01 3.35000000000E+01 3.40000000000E+01 2.77234675551E+02 8.18943805715E+00 2.66700292932E+02 7.89228723578E+00 2.85644747523E+02 8.41193524303E+00 2.50974438806E+02 7.41336405669E+00 2.94607059471E+02 8.71857808435E+00 3.09821112721E+02 9.15259489594E+00 2.55602615912E+02 7.52682477535E+00 
3.40000000000E+01 3.45000000000E+01 3.50000000000E+01 2.56431918855E+02 7.92729681228E+00 2.46399190845E+02 7.63087410336E+00 2.64603697089E+02 8.15459512482E+00 2.32151003806E+02 7.17662823915E+00 2.72171418759E+02 8.42912061244E+00 2.86559573532E+02 8.85875461815E+00 2.36785916774E+02 7.29726709688E+00 
3.50000000000E+01 3.55000000000E+01 3.60000000000E+01 2.26604317783E+02 7.31535201075E+00 2.17656538600E+02 7.04259092642E+00 2.33978245384E+02 7.52434909668E+00 2.05161325499E+02 6.62331011277E+00 2.40406321303E+02 7.77851692604E+00 2.53206467840E+02 8.17385652040E+00 2.09397341651E+02 6.73416043018E+00 
3.60000000000E+01 3.65000000000E+01 3.70000000000E+01 2.25088266003E+02 7.49166644548E+00 2.15972012431E+02 7.20163298946E+00 2.32656507537E+02 7.71934852633E+00 2.03777594695E+02 6.78202128686E+00 2.38559002846E+02 7.95528337882E+00 2.51529760266E+02 8.37230459895E+00 2.08200464746E+02 6.90752729289E+00 
3.70000000000E+01 3.75000000000E+01 3.80000000000E+01 2.16705275173E+02 7.49581408171E+00 2.07780680790E+02 7.20507701069E+00 2.24125749374E+02 7.72301004770E+00 1.96172183438E+02 6.78499918231E+00 2.29530200959E+02 7.96004479807E+00 2.42187266956E+02 8.37817039371E+00 2.00546057898E+02 6.90985025112E+00 
3.80000000000E+01 3.85000000000E+01 3.90000000000E+01 1.92623472272E+02 6.79569926670E+00 1.84788963276E+02 6.53280415461E+00 1.99122707151E+02 7.00037010817E+00 1.74385152039E+02 6.15241980414E+00 2.04116289511E+02 7.21594090696E+00 2.15253280090E+02 7.59383227543E+00 1.78189959003E+02 6.26472774974E+00 
3.90000000000E+01 3.95000000000E+01 4.00000000000E+01 1.70802985903E+02 6.43596844608E+00 1.63835835148E+02 6.19457783590E+00 1.76608077869E+02 6.61953224643E+00 1.54624359566E+02 5.82579699622E+00 1.80979211181E+02 6.84354787740E+00 1.90879206984E+02 7.19335912670E+00 1.58034133977E+02 5.92279011058E+00 
4.00000000000E+01 4.05000000000E+01 4.10000000000E+01 1.72386467837E+02 6.60034270832E+00 1.65252559274E+02 6.34544533708E+00 1.78316093319E+02 6.79603017419E+00 1.56063044447E+02 5.97520100364E+00 1.82537798296E+02 7.00937587962E+00 1.92640587132E+02 7.37607524884E+00 1.59568937925E+02 6.08137228876E+00 
4.10000000000E+01 4.15000000000E+01 4.20000000000E+01 1.62565579678E+02 6.26384657803E+00 1.55464753048E+02 6.00351760428E+00 1.68642189086E+02 6.47429659762E+00 1.47183395469E+02 5.67132259294E+00 1.71712702546E+02 6.63076624655E+00 1.81648361490E+02 6.99887763747E+00 1.50926146139E+02 5.79438408207E+00 
4.20000000000E+01 4.25000000000E+01 4.30000000000E+01 1.69973879928E+02 6.52728553838E+00 1.62687392025E+02 6.26598754021E+00 1.76115776740E+02 6.73194476322E+00 1.53874776535E+02 5.90858537942E+00 1.79709460075E+02 6.92219502465E+00 1.89951235843E+02 7.29520251671E+00 1.57594886826E+02 6.02343919933E+00 
4.30000000000E+01 4.35000000000E+01 4.40000000000E+01 1.53404008027E+02 6.13288975579E+00 1.46743587520E+02 5.88479276299E+00 1.59061483426E+02 6.32923602155E+00 1.38878666337E+02 5.55228063033E+00 1.62092467164E+02 6.50027750749E+00 1.71427117827E+02 6.85330709275E+00 1.42339749669E+02 5.66404918167E+00 
4.40000000000E+01 4.45000000000E+01 4.50000000000E+01 1.35464831896E+02 5.73214669529E+00 1.29458058428E+02 5.49272145771E+00 1.40608612215E+02 5.92434407569E+00 1.22637559285E+02 5.18893325318E+00 1.42999771605E+02 6.06789001126E+00 1.51381303214E+02 6.40635732521E+00 1.25826249792E+02 5.30106654018E+00 
4.50000000000E+01 4.55000000000E+01 4.60000000000E+01 1.29607546883E+02 5.71295653294E+00 1.23802049335E+02 5.47295369880E+00 1.34592509138E+02 5.90599444348E+00 1.17339260008E+02 5.17231969351E+00 1.36746434837E+02 6.04506006967E+00 1.44828728851E+02 6.38369117013E+00 1.20447680013E+02 5.28551473076E+00 
4.60000000000E+01 4.65000000000E+01 4.70000000000E+01 1.30947815572E+02 5.74418862972E+00 1.24977797564E+02 5.49391900868E+00 1.36118219067E+02 5.95056617635E+00 1.18559910471E+02 5.20139682628E+00 1.38036728235E+02 6.06730621429E+00 1.46315280984E+02 6.41736191650E+00 1.21822364045E+02 5.32645887815E+00 
4.70000000000E+01 4.75000000000E+01 4.80000000000E+01 1.35026426057E+02 5.74148435616E+00 1.28819858382E+02 5.49623011102E+00 1.40404549890E+02 5.94044894869E+00 1.22236544581E+02 5.19710750041E+00 1.42299345425E+02 6.07203926234E+00 1.50897562457E+02 6.41719600108E+00 1.25638154508E+02 5.31507431355E+00 
4.80000000000E+01 4.85000000000E+01 4.90000000000E+01 1.28214134232E+02 5.64688864907E+00 1.22223235904E+02 5.39585604454E+00 1.33457205382E+02 5.85605654234E+00 1.16083761726E+02 5.11311130366E+00 1.34995812293E+02 5.95922442264E+00 1.43262457845E+02 6.30893522032E+00 1.19439711501E+02 5.24163577927E+00 
4.90000000000E+01 4.95000000000E+01 5.00000000000E+01 1.04038796144E+02 4.98988725093E+00 9.90815432562E+01 4.76861097414E+00 1.08437956383E+02 5.17370117972E+00 9.41893022249E+01 4.51656724504E+00 1.09443082573E+02 5.26842629855E+00 1.16259732335E+02 5.57749779378E+00 9.70399031055E+01 4.62875296257E+00 
5.00000000000E+01 5.05000000000E+01 5.10000000000E+01 1.05489292761E+02 5.06893706401E+00 1.00162075683E+02 4.82351845493E+00 1.10298543295E+02 5.28124990722E+00 9.55036980124E+01 4.58910386237E+00 1.10635047136E+02 5.32788980033E+00 1.17878475679E+02 5.66428262636E+00 9.87064680316E+01 4.72620364386E+00 
5.10000000000E+01 5.15000000000E+01 5.20000000000E+01 1.04284393429E+02 4.97473286340E+00 9.92713609726E+01 4.75029322912E+00 1.08701329077E+02 5.16112642968E+00 9.44012596966E+01 4.50323212866E+00 1.09664849055E+02 5.24770660759E+00 1.16550086654E+02 5.55992555118E+00 9.72623593351E+01 4.61797478879E+00 
5.20000000000E+01 5.25000000000E+01 5.30000000000E+01 1.00698869309E+02 4.99396993755E+00 9.56611015413E+01 4.75744050897E+00 1.05212878389E+02 5.19564744665E+00 9.11583899112E+01 4.52049533948E+00 1.05673278082E+02 5.25578378521E+00 1.12538471987E+02 5.58166681581E+00 9.41446527913E+01 4.64867436179E+00 
5.30000000000E+01 5.35000000000E+01 5.40000000000E+01 8.84448132853E+01 4.37796920765E+00 8.39970242840E+01 4.17315630349E+00 9.24502857166E+01 4.55156593383E+00 8.00656577962E+01 3.96305766592E+00 9.27878839543E+01 4.61009733351E+00 9.88430040917E+01 4.89291279714E+00 8.27250170900E+01 4.07259451485E+00 
5.40000000000E+01 5.45000000000E+01 5.50000000000E+01 9.61138458068E+01 4.76518743398E+00 9.12196213527E+01 4.53552331478E+00 1.00527580033E+02 4.96322691477E+00 8.70150612160E+01 4.31398692428E+00 1.00758332925E+02 5.00992767012E+00 1.07402922766E+02 5.32503972806E+00 8.99615621665E+01 4.44146094543E+00 
5.50000000000E+01 5.55000000000E+01 5.60000000000E+01 8.58108399696E+01 4.61794756986E+00 8.14643708289E+01 4.39882778246E+00 8.97165829797E+01 4.80475833098E+00 7.76808099529E+01 4.18007046340E+00 8.99908077068E+01 4.85968158898E+00 9.59001059988E+01 5.16147536243E+00 8.02784671767E+01 4.29888398043E+00 
5.60000000000E+01 5.65000000000E+01 5.70000000000E+01 7.88478917012E+01 4.37161149045E+00 7.48130901320E+01 4.15826761955E+00 8.24980318851E+01 4.55576968266E+00 7.13808209253E+01 3.95745773305E+00 8.26394458296E+01 4.59346728427E+00 8.81133198821E+01 4.88556260046E+00 7.38234276157E+01 4.07655645042E+00 
5.70000000000E+01 5.75000000000E+01 5.80000000000E+01 8.07641041499E+01 4.46851841143E+00 7.65464153672E+01 4.25216165405E+00 8.46117932540E+01 4.65493295764E+00 7.31168546359E+01 4.04563978856E+00 8.45526949201E+01 4.69666454898E+00 9.02528136672E+01 4.99316699338E+00 7.57166143092E+01 4.16587657341E+00 
5.80000000000E+01 5.85000000000E+01 5.90000000000E+01 6.48690254028E+01 3.84043752300E+00 6.14202768239E+01 3.64835339089E+00 6.80533912728E+01 4.00923376440E+00 5.87300638950E+01 3.47729229416E+00 6.78407240839E+01 4.02939460161E+00 7.24852671591E+01 4.29088767427E+00 6.09032300121E+01 3.58839536742E+00 
5.90000000000E+01 5.95000000000E+01 6.00000000000E+01 7.97705457588E+01 4.52521018799E+00 7.56083002324E+01 4.30460967438E+00 8.35556759016E+01 4.71548291498E+00 7.22143695161E+01 4.09596631551E+00 8.35198879841E+01 4.75577513469E+00 8.91470440999E+01 5.05805924610E+00 7.47676861703E+01 4.21880165362E+00 
6.00000000000E+01 6.05000000000E+01 6.10000000000E+01 6.39743958132E+01 3.89296294252E+00 6.05286756895E+01 3.69413709167E+00 6.71601178667E+01 4.06858301953E+00 5.79155762010E+01 3.52429132923E+00 6.68612164081E+01 4.08062557395E+00 7.14926464662E+01 4.35044536376E+00 6.00979732011E+01 3.64080899389E+00 
6.10000000000E+01 6.15000000000E+01 6.20000000000E+01 6.23609759607E+01 3.77451121649E+00 5.90114537223E+01 3.58683047185E+00 6.54545850181E+01 3.93848635267E+00 5.64592998722E+01 3.41747365285E+00 6.51800160226E+01 3.96158463696E+00 6.96828109251E+01 4.21742165813E+00 5.85771976580E+01 3.52490259683E+00 
6.20000000000E+01 6.25000000000E+01 6.30000000000E+01 5.77190738609E+01 3.61937518645E+00 5.44074860609E+01 3.41880085032E+00 6.08576149304E+01 3.80362660231E+00 5.22580617684E+01 3.27705267154E+00 6.00932598690E+01 3.77594730776E+00 6.44937626932E+01 4.04401503406E+00 5.44650848232E+01 3.40425222855E+00 
6.30000000000E+01 6.35000000000E+01 6.40000000000E+01 5.48000279352E+01 3.59801642410E+00 5.17465731667E+01 3.40410182726E+00 5.76560393353E+01 3.77456624621E+00 4.96067257106E+01 3.25648296831E+00 5.71641871797E+01 3.76118409709E+00 6.12452618201E+01 4.02207000916E+00 5.15889725827E+01 3.37670635234E+00 
6.40000000000E+01 6.45000000000E+01 6.50000000000E+01 6.16293094138E+01 3.94697753891E+00 5.81245560812E+01 3.73395654505E+00 6.49154898360E+01 4.13903478103E+00 5.57927026164E+01 3.57309483837E+00 6.42053529922E+01 4.12471019107E+00 6.88717567558E+01 4.41095279408E+00 5.80894315827E+01 3.70371441455E+00 
6.50000000000E+01 6.55000000000E+01 6.60000000000E+01 5.60331503586E+01 3.56112971051E+00 5.27646642603E+01 3.36247952380E+00 5.91369359847E+01 3.74396845206E+00 5.07316768438E+01 3.22436082663E+00 5.82787509233E+01 3.71369564252E+00 6.26098938416E+01 3.97886204609E+00 5.29252333048E+01 3.35092615663E+00 
6.60000000000E+01 6.65000000000E+01 6.70000000000E+01 5.34182464671E+01 3.48936149933E+00 5.03871093039E+01 3.30083728765E+00 5.62625268944E+01 3.65923706271E+00 4.83623412174E+01 3.15924184783E+00 5.56548439167E+01 3.64577433781E+00 5.96909143443E+01 3.89889451621E+00 5.03503595174E+01 3.27490888240E+00 
6.70000000000E+01 6.75000000000E+01 6.80000000000E+01 5.15986799923E+01 3.40507328430E+00 4.85433041006E+01 3.20867783133E+00 5.45202120687E+01 3.58783402344E+00 4.67133927858E+01 3.08223455696E+00 5.36201285931E+01 3.54478010509E+00 5.76603618707E+01 3.80583264715E+00 4.87889460254E+01 3.21007972147E+00 
6.80000000000E+01 6.85000000000E+01 6.90000000000E+01 4.63360232471E+01 3.27732758295E+00 4.36343085895E+01 3.09434126888E+00 4.88990833609E+01 3.44468573721E+00 4.19501014671E+01 2.96746091210E+00 4.81964082551E+01 3.41746951940E+00 5.17775963080E+01 3.66167230724E+00 4.37601550802E+01 3.08313414067E+00 
6.90000000000E+01 6.95000000000E+01 7.00000000000E+01 4.67925606485E+01 3.14236175105E+00 4.40499716790E+01 2.96613686898E+00 4.94062948979E+01 3.30444024215E+00 4.23625894248E+01 2.84466768502E+00 4.86565396662E+01 3.27657027651E+00 5.22890040335E+01 3.51179011356E+00 4.42130799497E+01 2.95686385746E+00 
7.00000000000E+01 7.05000000000E+01 7.10000000000E+01 4.66854404450E+01 3.12825700050E+00 4.39402221759E+01 2.95197730425E+00 4.93000943906E+01 3.29085896141E+00 4.22664649942E+01 2.83231584414E+00 4.85343244394E+01 3.26044173371E+00 5.21679687548E+01 3.49537856421E+00 4.41191439999E+01 2.94524570623E+00 
7.10000000000E+01 7.15000000000E+01 7.20000000000E+01 4.38249243278E+01 3.00142704131E+00 4.11749718941E+01 2.82803633116E+00 4.63790546927E+01 3.16353327613E+00 3.96779957373E+01 2.71743172207E+00 4.54784206827E+01 3.12360762936E+00 4.89695309827E+01 3.35374529232E+00 4.15066904517E+01 2.83122117502E+00 
7.20000000000E+01 7.25000000000E+01 7.30000000000E+01 4.07163818640E+01 3.05410570624E+00 3.81390458529E+01 2.86396240854E+00 4.32404510353E+01 3.23761765009E+00 3.68627872537E+01 2.76520707423E+00 4.21261956476E+01 3.16319775730E+00 4.54973818334E+01 3.41248806749E+00 3.86968124565E+01 2.89762835661E+00 
7.30000000000E+01 7.35000000000E+01 7.40000000000E+01 3.69985464545E+01 2.86605378853E+00 3.46921259820E+01 2.69254317252E+00 3.92402819763E+01 3.03039532926E+00 3.34975092656E+01 2.59498923225E+00 3.83180887312E+01 2.97380704891E+00 4.13418758349E+01 3.20229210908E+00 3.51178436933E+01 2.71221849919E+00 
7.40000000000E+01 7.45000000000E+01 7.50000000000E+01 3.64941859215E+01 2.71292745789E+00 3.42111235188E+01 2.54779757825E+00 3.87204288405E+01 2.87032593849E+00 3.30376839439E+01 2.45603941999E+00 3.77905203607E+01 2.81430037048E+00 4.07832831480E+01 3.03167722270E+00 3.46484622637E+01 2.56856497619E+00 
7.50000000000E+01 7.55000000000E+01 7.60000000000E+01 3.68498914148E+01 2.89761906217E+00 3.44719525841E+01 2.71709132005E+00 3.91820791748E+01 3.07068050853E+00 3.33654215611E+01 2.62377871875E+00 3.80720193881E+01 3.00068438478E+00 4.11719460299E+01 3.23724202789E+00 3.50689655965E+01 2.74854964204E+00 
7.60000000000E+01 7.65000000000E+01 7.70000000000E+01 4.06222317093E+01 3.07671912519E+00 3.79878556778E+01 2.87857705202E+00 4.32154508499E+01 3.26962636491E+00 3.67734510257E+01 2.78534910855E+00 4.19638209405E+01 3.17970882744E+00 4.53986194889E+01 3.43829141682E+00 3.86688885630E+01 2.92580844562E+00 
7.70000000000E+01 7.75000000000E+01 7.80000000000E+01 3.34992523979E+01 2.55662661475E+00 3.13361197880E+01 2.39688265948E+00 3.56160025186E+01 2.70889299966E+00 3.03289111521E+01 2.31461845505E+00 3.46118128181E+01 2.64749831639E+00 3.74324506807E+01 2.85688371817E+00 3.18737648866E+01 2.42419959523E+00 
7.80000000000E+01 7.85000000000E+01 7.90000000000E+01 2.95868424754E+01 2.40772750617E+00 2.76309039199E+01 2.25461939053E+00 3.15302447750E+01 2.55582298674E+00 2.67870492013E+01 2.17987702841E+00 3.05189559411E+01 2.49029941469E+00 3.30602565815E+01 2.69040166947E+00 2.82176598592E+01 2.28731380879E+00 
7.90000000000E+01 7.95000000000E+01 8.00000000000E+01 3.19292862432E+01 2.68016798992E+00 2.98519437574E+01 2.51456152975E+00 3.39694523046E+01 2.83791457516E+00 2.89073529980E+01 2.42656017836E+00 3.29726514740E+01 2.77737128339E+00 3.56784218766E+01 2.99478864607E+00 3.03999434746E+01 2.53978186005E+00 
8.00000000000E+01 8.05000000000E+01 8.10000000000E+01 3.24788596452E+01 2.72299697760E+00 3.03750351256E+01 2.55529777617E+00 3.45422639905E+01 2.88216861711E+00 2.94074332171E+01 2.46561782534E+00 3.35475776479E+01 2.82204632561E+00 3.62886488179E+01 3.04221447194E+00 3.09159084798E+01 2.57975772191E+00 
8.10000000000E+01 8.15000000000E+01 8.20000000000E+01 3.12211344767E+01 2.56084359036E+00 2.92353071056E+01 2.40477810390E+00 3.31529953000E+01 2.70806368031E+00 2.82625404543E+01 2.31817910407E+00 3.22958263688E+01 2.65653069790E+00 3.48928943298E+01 2.86200524419E+00 2.96644668458E+01 2.42313412266E+00 
8.20000000000E+01 8.25000000000E+01 8.30000000000E+01 3.13776323124E+01 2.58126573344E+00 2.93005049362E+01 2.41381294176E+00 3.34239998394E+01 2.74341468432E+00 2.84084068795E+01 2.33703152631E+00 3.23629675718E+01 2.66606508079E+00 3.50611875693E+01 2.88424813067E+00 2.99124482524E+01 2.45521789217E+00 
8.30000000000E+01 8.35000000000E+01 8.40000000000E+01 3.03540094564E+01 2.52949427950E+00 2.82202777512E+01 2.35842591979E+00 3.25021188542E+01 2.69817196685E+00 2.74825102426E+01 2.29050698426E+00 3.11689428457E+01 2.60450724798E+00 3.39161256634E+01 2.82587235363E+00 2.90886390685E+01 2.41520146329E+00 
8.40000000000E+01 8.45000000000E+01 8.50000000000E+01 2.98136240647E+01 2.45635517233E+00 2.77227542413E+01 2.29144134656E+00 3.19203732907E+01 2.61853448032E+00 2.69927227367E+01 2.22413205938E+00 3.06199898900E+01 2.53069496329E+00 3.33131698613E+01 2.74438987972E+00 2.85672014662E+01 2.34371322640E+00 
8.50000000000E+01 8.55000000000E+01 8.60000000000E+01 2.64472988423E+01 2.31263343694E+00 2.45679523009E+01 2.15385319084E+00 2.83446901003E+01 2.46929731598E+00 2.39397049418E+01 2.09299990924E+00 2.71414072144E+01 2.37988255146E+00 2.95597821282E+01 2.58537455301E+00 2.53602555349E+01 2.20882422918E+00 
8.60000000000E+01 8.65000000000E+01 8.70000000000E+01 2.68426010404E+01 2.41806809874E+00 2.50264349289E+01 2.26003900011E+00 2.86478012393E+01 2.57077066085E+00 2.43031941022E+01 2.18937396317E+00 2.76414441447E+01 2.49612064227E+00 2.99927292744E+01 2.70174179596E+00 2.56389756451E+01 2.30085753353E+00 
8.70000000000E+01 8.75000000000E+01 8.80000000000E+01 2.35279322512E+01 2.02693787038E+00 2.18566223706E+01 1.88840022107E+00 2.52224391983E+01 2.16444413861E+00 2.13018374552E+01 1.83528803753E+00 2.41407964231E+01 2.08561083436E+00 2.62895742500E+01 2.26465803313E+00 2.25730531084E+01 1.93726520765E+00 
8.80000000000E+01 8.85000000000E+01 8.90000000000E+01 2.29948711248E+01 2.29107186724E+00 2.13095547847E+01 2.11644601510E+00 2.47177963899E+01 2.47285932298E+00 2.08174254933E+01 2.07427676208E+00 2.35385325962E+01 2.33765267588E+00 2.56966831781E+01 2.56003255295E+00 2.21189919762E+01 2.21306276464E+00 
8.90000000000E+01 8.95000000000E+01 9.00000000000E+01 2.58668449189E+01 2.39397175939E+00 2.40226329585E+01 2.22893863005E+00 2.77272632737E+01 2.55723327475E+00 2.34202115570E+01 2.16797140433E+00 2.65322992090E+01 2.46131619509E+00 2.89018435008E+01 2.67419817780E+00 2.48157624906E+01 2.28929718137E+00 
9.00000000000E+01 9.05000000000E+01 9.10000000000E+01 2.45633811799E+01 2.59666293705E+00 2.27809537658E+01 2.41426721137E+00 2.63741660181E+01 2.77879996765E+00 2.22464920124E+01 2.35320594451E+00 2.51535561462E+01 2.66406814496E+00 2.74354795117E+01 2.89804118156E+00 2.36132447202E+01 2.48985951949E+00 
9.10000000000E+01 9.15000000000E+01 9.20000000000E+01 1.98472321438E+01 1.99801845794E+00 1.83882137506E+01 1.85736789057E+00 2.13442262751E+01 2.13855936331E+00 1.79709975732E+01 1.80927504635E+00 2.03080662964E+01 2.05113800197E+00 2.21743315982E+01 2.23207611934E+00 1.91043336320E+01 1.91432355051E+00 
9.20000000000E+01 9.25000000000E+01 9.30000000000E+01 2.05902601190E+01 2.03524022473E+00 1.91082942171E+01 1.89233816402E+00 2.20919619853E+01 2.17762333345E+00 1.86421197416E+01 1.84273568643E+00 2.11051691603E+01 2.09002816273E+00 2.30070180489E+01 2.27403345146E+00 1.97713563350E+01 1.94896020598E+00 
9.30000000000E+01 9.35000000000E+01 9.40000000000E+01 1.68300468638E+01 1.76973249933E+00 1.55455910074E+01 1.63821068427E+00 1.81627378520E+01 1.90372246279E+00 1.52375948887E+01 1.60236424569E+00 1.71702578694E+01 1.80933180044E+00 1.88055857129E+01 1.97733953673E+00 1.62547684032E+01 1.70385753267E+00 
9.40000000000E+01 9.45000000000E+01 9.50000000000E+01 1.98319735143E+01 2.02350958120E+00 1.84186634712E+01 1.88196146972E+00 2.12564560260E+01 2.16489282126E+00 1.79529593368E+01 1.83185408033E+00 2.03465027697E+01 2.07887510392E+00 2.21638041327E+01 2.26133360342E+00 1.90202134359E+01 1.93723492640E+00 
9.50000000000E+01 9.55000000000E+01 9.60000000000E+01 1.77362540219E+01 1.89991805873E+00 1.64319474825E+01 1.76393550570E+00 1.90623229356E+01 2.03530180189E+00 1.60585605279E+01 1.72013003506E+00 1.81486790880E+01 1.94830535147E+00 1.98173628005E+01 2.12295924038E+00 1.70605492498E+01 1.82147566525E+00 
9.60000000000E+01 9.65000000000E+01 9.70000000000E+01 1.57227246168E+01 1.73917568126E+00 1.45559306000E+01 1.61304248322E+00 1.69177502531E+01 1.86611686114E+00 1.42355558956E+01 1.57501227685E+00 1.60765767838E+01 1.78117958073E+00 1.75675221045E+01 1.94271839146E+00 1.51412004605E+01 1.67061435889E+00 
9.70000000000E+01 9.75000000000E+01 9.80000000000E+01 1.83648548827E+01 1.94457125956E+00 1.70453333062E+01 1.81049031336E+00 1.96953556147E+01 2.07613274225E+00 1.66244567650E+01 1.76007248875E+00 1.88298950549E+01 2.00030675104E+00 2.05248113684E+01 2.17362188244E+00 1.76228431453E+01 1.85740166863E+00 
9.80000000000E+01 9.85000000000E+01 9.90000000000E+01 1.52793406483E+01 1.90423661701E+00 1.41126276291E+01 1.76500178902E+00 1.64891361646E+01 2.04579784780E+00 1.38377863186E+01 1.72599513940E+00 1.55828218062E+01 1.94726142522E+00 1.70664471857E+01 2.12480172421E+00 1.47625013600E+01 1.83342395997E+00 
9.90000000000E+01 9.95000000000E+01 1.00000000000E+02 1.45058169003E+01 1.71449694224E+00 1.34240316112E+01 1.59284166270E+00 1.56143269767E+01 1.83612670357E+00 1.31326538668E+01 1.55225330010E+00 1.48276942694E+01 1.75933520216E+00 1.62094971770E+01 1.91577633032E+00 1.39732510160E+01 1.64322692854E+00 
#nx: 3
