#labels: ptw_all_lower[1] ptw_all_center[2] ptw_all_upper[3] tot_scale01[4] tot_scale01_Err[5] tot_scale02[6] tot_scale02_Err[7] tot_scale03[8] tot_scale03_Err[9] tot_scale04[10] tot_scale04_Err[11] tot_scale05[12] tot_scale05_Err[13] tot_scale06[14] tot_scale06_Err[15] tot_scale07[16] tot_scale07_Err[17]
#neval: 39640904
#overflow:lower center upper 6.85419328038E+04 1.49150751250E+02 7.67619296508E+04 1.67009734802E+02 6.19464176419E+04 1.34817513184E+02 6.70028972211E+04 1.44911255785E+02 6.92140554764E+04 1.51442232633E+02 7.50377153665E+04 1.62257544467E+02 6.25535626764E+04 1.36886182423E+02 
0.00000000000E+00 5.00000000000E-01 1.00000000000E+00 0.00000000000E+00 0.00000000000E+00 0.00000000000E+00 0.00000000000E+00 0.00000000000E+00 0.00000000000E+00 0.00000000000E+00 0.00000000000E+00 0.00000000000E+00 0.00000000000E+00 0.00000000000E+00 0.00000000000E+00 0.00000000000E+00 0.00000000000E+00 
1.00000000000E+00 1.50000000000E+00 2.00000000000E+00 4.23570880114E+06 3.30959139249E+03 4.74567208104E+06 3.70571897031E+03 3.82688713860E+06 2.99167445392E+03 3.71877759587E+06 2.91911698080E+03 4.69943744919E+06 3.66451994227E+03 4.16629352105E+06 3.26814334868E+03 4.24571628843E+06 3.31227335854E+03 
2.00000000000E+00 2.50000000000E+00 3.00000000000E+00 2.12712932849E+06 1.86515523409E+03 2.38320333078E+06 2.08865804536E+03 1.92183661034E+06 1.68581302302E+03 1.87127293186E+06 1.64558405970E+03 2.35545193735E+06 2.06380188029E+03 2.09644738115E+06 1.84262969681E+03 2.12805833631E+06 1.86526304429E+03 
3.00000000000E+00 3.50000000000E+00 4.00000000000E+00 1.35644062558E+06 1.32469305052E+03 1.51971346183E+06 1.48313812579E+03 1.22554146244E+06 1.19751704553E+03 1.19526210644E+06 1.17105433604E+03 1.49966215028E+06 1.46320472743E+03 1.33907454729E+06 1.31096938659E+03 1.35490284288E+06 1.32263459455E+03 
4.00000000000E+00 4.50000000000E+00 5.00000000000E+00 9.61617671440E+05 1.02771929461E+03 1.07736111782E+06 1.15077406399E+03 8.68822332823E+05 9.28965591545E+02 8.48575088727E+05 9.08900816053E+02 1.06168950225E+06 1.13447023061E+03 9.50672812941E+05 1.01763454411E+03 9.59211676176E+05 1.02539956768E+03 
5.00000000000E+00 5.50000000000E+00 6.00000000000E+00 7.29003396714E+05 8.40271096789E+02 8.16739979274E+05 9.41050357252E+02 6.58660192642E+05 7.59415466426E+02 6.44205771177E+05 7.43281533261E+02 8.03803124347E+05 9.27122286387E+02 7.21708577330E+05 8.32378912112E+02 7.26224155452E+05 8.37878141162E+02 
6.00000000000E+00 6.50000000000E+00 7.00000000000E+00 5.74359439891E+05 7.12591026464E+02 6.43474722042E+05 7.98031933379E+02 5.18944017465E+05 6.44037790238E+02 5.08184501641E+05 6.30915888961E+02 6.32543600047E+05 7.85518065418E+02 5.69315813585E+05 7.06520478384E+02 5.71501154309E+05 7.09921636940E+02 
7.00000000000E+00 7.50000000000E+00 8.00000000000E+00 4.68148757187E+05 6.18850618894E+02 5.24481576779E+05 6.93100171032E+02 4.22981603982E+05 5.59282631278E+02 4.14734446559E+05 5.48313362879E+02 5.14962170494E+05 6.81635231673E+02 4.64623846154E+05 6.14072412487E+02 4.65268296380E+05 6.16006278867E+02 
8.00000000000E+00 8.50000000000E+00 9.00000000000E+00 3.89401739818E+05 5.50857957387E+02 4.36252684105E+05 6.16770611790E+02 3.51835919861E+05 4.97955930867E+02 3.45423521121E+05 4.89368109699E+02 4.27824026599E+05 6.05448371642E+02 3.86970333183E+05 5.47867697007E+02 3.86543468268E+05 5.47269997119E+02 
9.00000000000E+00 9.50000000000E+00 1.00000000000E+01 3.30073109820E+05 4.91678192549E+02 3.69783601803E+05 5.50586852433E+02 2.98232173207E+05 4.44407374002E+02 2.93114119091E+05 4.36824753847E+02 3.62271567851E+05 5.40242724388E+02 3.28367638140E+05 4.89126171660E+02 3.27317998417E+05 4.88281269925E+02 
1.00000000000E+01 1.05000000000E+01 1.10000000000E+01 2.84461053888E+05 4.45187686313E+02 3.18684222202E+05 4.98591831476E+02 2.57019860516E+05 4.02342438162E+02 2.52887589635E+05 3.95675414551E+02 3.11887902622E+05 4.88900491313E+02 2.83303889043E+05 4.43118011275E+02 2.81795753167E+05 4.41834664451E+02 
1.10000000000E+01 1.15000000000E+01 1.20000000000E+01 2.46142196260E+05 4.05134840035E+02 2.75752183999E+05 4.53726107187E+02 2.22399439124E+05 3.66149654308E+02 2.19086479655E+05 3.60460894075E+02 2.69575820271E+05 4.44467697796E+02 2.45434785039E+05 4.03673934427E+02 2.43568353597E+05 4.01685283930E+02 
1.20000000000E+01 1.25000000000E+01 1.30000000000E+01 2.17441120458E+05 3.75698458575E+02 2.43596935588E+05 4.20710729479E+02 1.96467782259E+05 3.39579078560E+02 1.93731859985E+05 3.34735018332E+02 2.37923503841E+05 4.11681789589E+02 2.17029786650E+05 3.74811764140E+02 2.14970889940E+05 3.72086309994E+02 
1.30000000000E+01 1.35000000000E+01 1.40000000000E+01 1.91460445590E+05 3.44656927671E+02 2.14489597031E+05 3.86017708532E+02 1.72993985848E+05 3.11476296179E+02 1.70776979425E+05 3.07174282056E+02 2.09277393585E+05 3.77493091530E+02 1.91313209007E+05 3.44021168379E+02 1.89089367444E+05 3.41141674711E+02 
1.40000000000E+01 1.45000000000E+01 1.50000000000E+01 1.71178224096E+05 3.20323231898E+02 1.91767583940E+05 3.58784907994E+02 1.54668098236E+05 2.89471119213E+02 1.52840105061E+05 2.85639909456E+02 1.86933738451E+05 3.50634035130E+02 1.71219316402E+05 3.19924999750E+02 1.68901287449E+05 3.16855042930E+02 
1.50000000000E+01 1.55000000000E+01 1.60000000000E+01 1.53224672872E+05 2.99585003438E+02 1.71652589347E+05 3.35491457486E+02 1.38447427105E+05 2.70774380832E+02 1.36958324346E+05 2.67727415926E+02 1.67162703680E+05 3.27351007205E+02 1.53426108811E+05 2.99793234166E+02 1.51038935872E+05 2.95856926283E+02 
1.60000000000E+01 1.65000000000E+01 1.70000000000E+01 1.38510276988E+05 2.80657987168E+02 1.55167625455E+05 3.14318857719E+02 1.25152663785E+05 2.53652120008E+02 1.23948451694E+05 2.50963382833E+02 1.50953602873E+05 3.06465340764E+02 1.38851280837E+05 2.81046177330E+02 1.36393994993E+05 2.76966356130E+02 
1.70000000000E+01 1.75000000000E+01 1.80000000000E+01 1.25680477560E+05 2.63385082938E+02 1.40794675102E+05 2.94983833968E+02 1.13560267833E+05 2.38035700261E+02 1.12578904810E+05 2.35755322599E+02 1.36848287666E+05 2.87342196295E+02 1.26114591179E+05 2.64021175348E+02 1.23649329305E+05 2.59676536371E+02 
1.80000000000E+01 1.85000000000E+01 1.90000000000E+01 1.14166933748E+05 2.47936858866E+02 1.27895159066E+05 2.77682031689E+02 1.03157891152E+05 2.24073699589E+02 1.02374972993E+05 2.22114023522E+02 1.24191415503E+05 2.70257310529E+02 1.14682760940E+05 2.48748425468E+02 1.12214230148E+05 2.44238283621E+02 
1.90000000000E+01 1.95000000000E+01 2.00000000000E+01 1.04295142088E+05 2.33731977618E+02 1.16836567985E+05 2.61805156078E+02 9.42378372748E+04 2.11214452144E+02 9.36034245353E+04 2.09451501516E+02 1.13362607177E+05 2.54665182660E+02 1.04857015763E+05 2.34600306761E+02 1.02429623792E+05 2.30126114881E+02 
2.00000000000E+01 2.05000000000E+01 2.10000000000E+01 9.56643258206E+04 2.20911552047E+02 1.07167527224E+05 2.47443079110E+02 8.64395367229E+04 1.99630373863E+02 8.59513557311E+04 1.98179032626E+02 1.03879112758E+05 2.40454248537E+02 9.62846394141E+04 2.21971951282E+02 9.38610068683E+04 2.17285433097E+02 
2.10000000000E+01 2.15000000000E+01 2.20000000000E+01 8.81380377570E+04 2.11709492688E+02 9.87348357394E+04 2.37049753321E+02 7.96399090480E+04 1.91373232587E+02 7.92657357526E+04 1.90427425080E+02 9.56245088942E+04 2.29964049094E+02 8.87939738060E+04 2.13198140153E+02 8.64034526249E+04 2.07861454316E+02 
2.20000000000E+01 2.25000000000E+01 2.30000000000E+01 8.08306457606E+04 1.98919227065E+02 9.05482971136E+04 2.22806685912E+02 7.30374229286E+04 1.79758512674E+02 7.27706159914E+04 1.78818930121E+02 8.76121803891E+04 2.16105829956E+02 8.15177212755E+04 2.00284808455E+02 7.91642052265E+04 1.95284994214E+02 
2.30000000000E+01 2.35000000000E+01 2.40000000000E+01 7.51638545393E+04 1.90364661471E+02 8.42000646179E+04 2.13213818060E+02 6.79170887684E+04 1.72035270038E+02 6.77289935577E+04 1.71291215303E+02 8.14043823840E+04 2.06633922087E+02 7.58699636583E+04 1.91842601499E+02 7.35551134300E+04 1.86733113760E+02 
2.40000000000E+01 2.45000000000E+01 2.50000000000E+01 6.96981014481E+04 1.81319249038E+02 7.80771195699E+04 2.03094623733E+02 6.29783512026E+04 1.63853015819E+02 6.28693635688E+04 1.63289706690E+02 7.54154585478E+04 1.96661160014E+02 7.04261935971E+04 1.82892454810E+02 6.81437534183E+04 1.77712692468E+02 
2.50000000000E+01 2.55000000000E+01 2.60000000000E+01 6.46043944103E+04 1.73801275209E+02 7.23705147812E+04 1.94643809373E+02 5.83761025354E+04 1.57079600615E+02 5.83247731366E+04 1.56743610074E+02 6.98502854049E+04 1.88281881895E+02 6.53348311721E+04 1.75528613629E+02 6.31155607310E+04 1.70160111334E+02 
2.60000000000E+01 2.65000000000E+01 2.70000000000E+01 6.03382925202E+04 1.66255299611E+02 6.75916678301E+04 1.86226076512E+02 5.45212045016E+04 1.50237231560E+02 5.45167221310E+04 1.49942516716E+02 6.51902941131E+04 1.80072072364E+02 6.10692304049E+04 1.67947082710E+02 5.89048237481E+04 1.62718864954E+02 
2.70000000000E+01 2.75000000000E+01 2.80000000000E+01 5.60080349006E+04 1.59512384504E+02 6.27403735815E+04 1.78673391334E+02 5.06087309124E+04 1.44143788830E+02 5.06634772047E+04 1.44039943507E+02 6.04493194008E+04 1.72571988569E+02 5.67524203145E+04 1.61336257119E+02 5.46213037824E+04 1.55941527977E+02 
2.80000000000E+01 2.85000000000E+01 2.90000000000E+01 5.21370932262E+04 1.53696438295E+02 5.84036831773E+04 1.72123350435E+02 4.71112469197E+04 1.38912294040E+02 4.72022863055E+04 1.38949016228E+02 5.62289948094E+04 1.66124306964E+02 5.28748623977E+04 1.55597015430E+02 5.08081932767E+04 1.50138509619E+02 
2.90000000000E+01 2.95000000000E+01 3.00000000000E+01 4.92200813774E+04 1.48279537097E+02 5.51362604221E+04 1.66096568278E+02 4.44752924950E+04 1.33989758729E+02 4.46002149550E+04 1.34079478867E+02 5.30408838409E+04 1.60206117978E+02 4.99602878871E+04 1.50184672622E+02 4.79273072167E+04 1.44763720847E+02 
3.00000000000E+01 3.05000000000E+01 3.10000000000E+01 4.59641323293E+04 1.42020331193E+02 5.14884545008E+04 1.59071139305E+02 4.15335301105E+04 1.28343189667E+02 4.17019521359E+04 1.28639655942E+02 4.94775857923E+04 1.53217803290E+02 4.67132772203E+04 1.44077222632E+02 4.47078906058E+04 1.38458393082E+02 
3.10000000000E+01 3.15000000000E+01 3.20000000000E+01 4.26757571621E+04 1.35941801168E+02 4.78054679036E+04 1.52274513349E+02 3.85617398266E+04 1.22842466911E+02 3.87434979527E+04 1.23179020927E+02 4.59114709842E+04 1.46601280148E+02 4.33998471536E+04 1.37972254786E+02 4.14851259235E+04 1.32471249626E+02 
3.20000000000E+01 3.25000000000E+01 3.30000000000E+01 4.06154181394E+04 1.33729346691E+02 4.54962599714E+04 1.49767030959E+02 3.67007961434E+04 1.20862844877E+02 3.69041736573E+04 1.21377766114E+02 4.36621089724E+04 1.44017128681E+02 4.13383858019E+04 1.35923694367E+02 3.94534718493E+04 1.30154898604E+02 
3.30000000000E+01 3.35000000000E+01 3.40000000000E+01 3.79238635096E+04 1.27129085782E+02 4.24818491732E+04 1.42407183910E+02 3.42682611072E+04 1.14875862094E+02 3.44886905999E+04 1.15356855327E+02 4.07370739843E+04 1.36905791187E+02 3.86332639759E+04 1.29216077099E+02 3.68099837834E+04 1.23707836775E+02 
3.40000000000E+01 3.45000000000E+01 3.50000000000E+01 3.57777918041E+04 1.23292575651E+02 4.00775319084E+04 1.38110675186E+02 3.23292500451E+04 1.11408404076E+02 3.25691419340E+04 1.11989960114E+02 3.83978485332E+04 1.32646793736E+02 3.64827942295E+04 1.25446367957E+02 3.46964946654E+04 1.19859083407E+02 
3.50000000000E+01 3.55000000000E+01 3.60000000000E+01 3.36600430831E+04 1.19609358013E+02 3.77046406609E+04 1.33970793795E+02 3.04160436444E+04 1.08089633149E+02 3.06695950581E+04 1.08781645982E+02 3.60965337235E+04 1.28555252722E+02 3.43543884775E+04 1.21837543864E+02 3.26174488921E+04 1.16170817563E+02 
3.60000000000E+01 3.65000000000E+01 3.70000000000E+01 3.17813567015E+04 1.15939125506E+02 3.56005909073E+04 1.29870131842E+02 2.87181676363E+04 1.04766021663E+02 2.89867678157E+04 1.05492121502E+02 3.40516055151E+04 1.24540022875E+02 3.24697265600E+04 1.18163681712E+02 3.07693502323E+04 1.12535661447E+02 
3.70000000000E+01 3.75000000000E+01 3.80000000000E+01 3.00304197490E+04 1.12817442593E+02 3.36392435243E+04 1.26372331072E+02 2.71359866003E+04 1.01945819766E+02 2.74098388705E+04 1.02745198296E+02 3.21547949540E+04 1.21088642899E+02 3.07033478185E+04 1.15086253073E+02 2.90553855045E+04 1.09417853679E+02 
3.80000000000E+01 3.85000000000E+01 3.90000000000E+01 2.84899591557E+04 1.10424593087E+02 3.19133466432E+04 1.23687970808E+02 2.57442010496E+04 9.97862723290E+01 2.60280892089E+04 1.00702772651E+02 3.04808460142E+04 1.18383940881E+02 2.91552860174E+04 1.12794282759E+02 2.75430045939E+04 1.06976454824E+02 
3.90000000000E+01 3.95000000000E+01 4.00000000000E+01 2.67454499677E+04 1.05374726892E+02 2.99589626954E+04 1.18022917946E+02 2.41679911178E+04 9.52287232831E+01 2.44583026190E+04 9.62029994758E+01 2.85903306350E+04 1.12867562217E+02 2.73966442152E+04 1.07745174927E+02 2.58348744618E+04 1.01997217640E+02 
4.00000000000E+01 4.05000000000E+01 4.10000000000E+01 2.54459886201E+04 1.02721707566E+02 2.85032054161E+04 1.15059211542E+02 2.29938523478E+04 9.28256345873E+01 2.32911775422E+04 9.38499995027E+01 2.71792726301E+04 1.09944059190E+02 2.60891785555E+04 1.05118895263E+02 2.45599232064E+04 9.93504281123E+01 
4.10000000000E+01 4.15000000000E+01 4.20000000000E+01 2.40070637886E+04 9.93623309363E+01 2.68910555592E+04 1.11284271660E+02 2.16938169950E+04 8.97982421874E+01 2.19941424607E+04 9.08606421156E+01 2.56218574893E+04 1.06269397394E+02 2.46360193998E+04 1.01757466141E+02 2.31528453432E+04 9.60376441336E+01 
4.20000000000E+01 4.25000000000E+01 4.30000000000E+01 2.28402949849E+04 9.73090294111E+01 2.55842336194E+04 1.08994788442E+02 2.06393956784E+04 8.79356088259E+01 2.09405453773E+04 8.90544381856E+01 2.43608791492E+04 1.03994295714E+02 2.34559795877E+04 9.97455309066E+01 2.20133015667E+04 9.39749954628E+01 
4.30000000000E+01 4.35000000000E+01 4.40000000000E+01 2.16569989760E+04 9.48696713156E+01 2.42588776140E+04 1.06249487318E+02 1.95700680192E+04 8.57401021847E+01 1.98708990234E+04 8.69090542280E+01 2.30832755560E+04 1.01302203966E+02 2.22579132552E+04 9.73285585973E+01 2.08587472613E+04 9.15505868525E+01 
4.40000000000E+01 4.45000000000E+01 4.50000000000E+01 2.03754945280E+04 9.09967430154E+01 2.28232436788E+04 1.01916859495E+02 1.84121611265E+04 8.22365225510E+01 1.87113904441E+04 8.33923970272E+01 2.17006901820E+04 9.71292499281E+01 2.09589577733E+04 9.33959543996E+01 1.96095139227E+04 8.77764153867E+01 
4.50000000000E+01 4.55000000000E+01 4.60000000000E+01 1.94321708486E+04 8.90962872294E+01 2.17667202723E+04 9.98028757518E+01 1.75596454503E+04 8.05092660965E+01 1.78545266701E+04 8.16401741973E+01 2.06860368277E+04 9.50983465225E+01 1.99993169246E+04 9.14482260561E+01 1.86925617319E+04 8.59313934516E+01 
4.60000000000E+01 4.65000000000E+01 4.70000000000E+01 1.85849249750E+04 8.74034464681E+01 2.08175107307E+04 9.78857626539E+01 1.67941617741E+04 7.89936298856E+01 1.70972980210E+04 8.02801110774E+01 1.97635008893E+04 9.31137382250E+01 1.91509370213E+04 8.99033208139E+01 1.78590417146E+04 8.41518212117E+01 
4.70000000000E+01 4.75000000000E+01 4.80000000000E+01 1.76186536289E+04 8.50582967463E+01 1.97350546391E+04 9.52608625427E+01 1.59210631967E+04 7.68729187397E+01 1.62209185347E+04 7.81645899708E+01 1.87229845813E+04 9.05712458342E+01 1.81692105006E+04 8.75366894164E+01 1.69188743447E+04 8.18533659112E+01 
4.80000000000E+01 4.85000000000E+01 4.90000000000E+01 1.67651370369E+04 8.30307349793E+01 1.87788441936E+04 9.29988783372E+01 1.51498847903E+04 7.50344255476E+01 1.54470525232E+04 7.63155878162E+01 1.78040228737E+04 8.83845303076E+01 1.73022645080E+04 8.54754386016E+01 1.60885817677E+04 7.98714339257E+01 
4.90000000000E+01 4.95000000000E+01 5.00000000000E+01 1.59447487549E+04 8.12812275473E+01 1.78601681965E+04 9.10427529793E+01 1.44083837368E+04 7.34512883913E+01 1.47038231281E+04 7.47717860222E+01 1.69198417139E+04 8.64574208971E+01 1.64699825754E+04 8.37493525370E+01 1.52894172992E+04 7.81276226961E+01 
5.00000000000E+01 5.05000000000E+01 5.10000000000E+01 1.51267302714E+04 7.92891507752E+01 1.69433462463E+04 8.87725063500E+01 1.36695384344E+04 7.16775526553E+01 1.39652589555E+04 7.31321520818E+01 1.60366330017E+04 8.41707012659E+01 1.56421946700E+04 8.18716830040E+01 1.44916807904E+04 7.60864365558E+01 
5.10000000000E+01 5.15000000000E+01 5.20000000000E+01 1.43682416164E+04 7.73202319137E+01 1.60938995185E+04 8.66006231958E+01 1.29840217419E+04 6.98754747651E+01 1.32745425686E+04 7.12758294185E+01 1.52226829234E+04 8.20993075266E+01 1.48686770683E+04 7.98278260286E+01 1.37560545886E+04 7.41927947986E+01 
5.20000000000E+01 5.25000000000E+01 5.30000000000E+01 1.36444203575E+04 7.47519219749E+01 1.52838348700E+04 8.37374911373E+01 1.23294880322E+04 6.75456120405E+01 1.26109915259E+04 6.88837481681E+01 1.44501969815E+04 7.93854620453E+01 1.41260923091E+04 7.71621985799E+01 1.30575319289E+04 7.17314978320E+01 
5.30000000000E+01 5.35000000000E+01 5.40000000000E+01 1.32304056119E+04 7.56535997457E+01 1.48193735612E+04 8.47239205092E+01 1.19558285433E+04 6.83760503047E+01 1.22408396636E+04 6.98292323640E+01 1.39997047764E+04 8.02384322785E+01 1.37108032018E+04 7.81974690238E+01 1.26509298655E+04 7.25177772618E+01 
5.40000000000E+01 5.45000000000E+01 5.50000000000E+01 1.25127811843E+04 7.23978113712E+01 1.40154372286E+04 8.10848981410E+01 1.13074155315E+04 6.54286624620E+01 1.15907314574E+04 6.69301316368E+01 1.32271782008E+04 7.66868477152E+01 1.29825203671E+04 7.49584013534E+01 1.19529184535E+04 6.93033208977E+01 
5.50000000000E+01 5.55000000000E+01 5.60000000000E+01 1.18313541519E+04 7.02359904877E+01 1.32524963568E+04 7.86763639126E+01 1.06914185820E+04 6.34665135325E+01 1.09625578841E+04 6.48594178444E+01 1.25033913109E+04 7.44559288960E+01 1.22792355601E+04 7.26522472416E+01 1.12986475292E+04 6.72789173531E+01 
5.60000000000E+01 5.65000000000E+01 5.70000000000E+01 1.13950410109E+04 6.93600909800E+01 1.27635236110E+04 7.76879834952E+01 1.02973088984E+04 6.26797838740E+01 1.05668860829E+04 6.40855286498E+01 1.20339068507E+04 7.34900940402E+01 1.18358008873E+04 7.17784955045E+01 1.08745705794E+04 6.64111396380E+01 
5.70000000000E+01 5.75000000000E+01 5.80000000000E+01 1.08397517850E+04 6.71707822670E+01 1.21417571228E+04 7.52405923100E+01 9.79537763986E+03 6.06981895228E+01 1.00582848478E+04 6.20916597518E+01 1.14410357189E+04 7.11366642564E+01 1.12663124951E+04 6.95495627507E+01 1.03386690930E+04 6.42809721236E+01 
5.80000000000E+01 5.85000000000E+01 5.90000000000E+01 1.04163090367E+04 6.56802257230E+01 1.16671473468E+04 7.35608985845E+01 9.41292989192E+03 5.93578598434E+01 9.67421633766E+03 6.08098321912E+01 1.09855013361E+04 6.94734012764E+01 1.08358337101E+04 6.81041764529E+01 9.92723493979E+03 6.27848314386E+01 
5.90000000000E+01 5.95000000000E+01 6.00000000000E+01 9.99146661031E+03 6.41752236829E+01 1.11912694413E+04 7.18825057854E+01 9.02902191429E+03 5.79930390087E+01 9.28641708662E+03 5.94693456763E+01 1.05310491202E+04 6.78278386611E+01 1.04014472060E+04 6.66095381333E+01 9.51656913204E+03 6.12927416016E+01 
6.00000000000E+01 6.05000000000E+01 6.10000000000E+01 9.44428468421E+03 6.18249409602E+01 1.05784885890E+04 6.92486492283E+01 8.53447812450E+03 5.58700451006E+01 8.78623972122E+03 5.72889017531E+01 9.94597118698E+03 6.53409058424E+01 9.84132575598E+03 6.41663030532E+01 8.98778637414E+03 5.90464615647E+01 
6.10000000000E+01 6.15000000000E+01 6.20000000000E+01 9.00315370226E+03 5.98640438119E+01 1.00843441624E+04 6.70515664427E+01 8.13586706880E+03 5.40985309750E+01 8.38304497044E+03 5.55546946736E+01 9.47448259690E+03 6.31939495220E+01 9.38967433931E+03 6.22229829536E+01 8.56174255387E+03 5.71067192876E+01 
6.20000000000E+01 6.25000000000E+01 6.30000000000E+01 8.75698429409E+03 6.05863380597E+01 9.80847065574E+03 6.78621765353E+01 7.91350335039E+03 5.47502123222E+01 8.15895712633E+03 5.62673217356E+01 9.21015837830E+03 6.39049884985E+01 9.13854924575E+03 6.30228338633E+01 8.32298087174E+03 5.77482858295E+01 
6.30000000000E+01 6.35000000000E+01 6.40000000000E+01 8.28986557815E+03 5.78606078659E+01 9.28532948354E+03 6.48049191963E+01 7.49133375163E+03 5.22897048948E+01 7.72985743293E+03 5.38044433235E+01 8.71299875240E+03 6.09730389492E+01 8.65798759681E+03 6.02598783498E+01 7.87366106281E+03 5.51013386377E+01 
6.40000000000E+01 6.45000000000E+01 6.50000000000E+01 7.98873244374E+03 5.77230526953E+01 8.94798310256E+03 6.46505482876E+01 7.21924128051E+03 5.21655983715E+01 7.45516083057E+03 5.37102661259E+01 8.39060239052E+03 6.07921331956E+01 8.35026367784E+03 6.01543739923E+01 7.58236001870E+03 5.49382039409E+01 
6.50000000000E+01 6.55000000000E+01 6.60000000000E+01 7.62488952783E+03 5.57214722163E+01 8.54048415228E+03 6.24111077841E+01 6.89042204751E+03 5.03551134038E+01 7.11918819570E+03 5.18610777134E+01 8.00497865064E+03 5.86721090602E+01 7.97399030970E+03 5.80860401456E+01 7.23386291915E+03 5.30209216627E+01 
6.60000000000E+01 6.65000000000E+01 6.70000000000E+01 7.41001422890E+03 5.53963217741E+01 8.29988383912E+03 6.20498698379E+01 6.69619880627E+03 5.00595427608E+01 6.92520215603E+03 5.16281914567E+01 7.77279107867E+03 5.82582167155E+01 7.75677399584E+03 5.78273058722E+01 7.02398788627E+03 5.26447323381E+01 
6.70000000000E+01 6.75000000000E+01 6.80000000000E+01 6.92306342812E+03 5.10468422247E+01 7.75450086286E+03 5.71777401822E+01 6.25612312440E+03 4.61290818675E+01 6.47347273969E+03 4.75872145228E+01 7.25887264360E+03 5.36721289234E+01 7.25085234270E+03 5.33014963711E+01 6.55954806452E+03 4.85008452941E+01 
6.80000000000E+01 6.85000000000E+01 6.90000000000E+01 6.69688596306E+03 5.08817534317E+01 7.50063925391E+03 5.69711678635E+01 6.05207880035E+03 4.59945455816E+01 6.26719443318E+03 4.75128798884E+01 7.01700313351E+03 5.34345279551E+01 7.01929087897E+03 5.31955022756E+01 6.34132775153E+03 4.83001991468E+01 
6.90000000000E+01 6.95000000000E+01 7.00000000000E+01 6.43613311621E+03 4.93166859232E+01 7.20876836475E+03 5.52316517406E+01 5.81631063894E+03 4.45709381281E+01 6.02864922759E+03 4.60742901362E+01 6.73827962937E+03 5.17601349561E+01 6.75230461343E+03 5.15989352109E+01 6.08932595959E+03 4.67784820444E+01 
7.00000000000E+01 7.05000000000E+01 7.10000000000E+01 6.18817967901E+03 4.83518840665E+01 6.93107303343E+03 5.41506359891E+01 5.59221964129E+03 4.36993305839E+01 5.79864778386E+03 4.51723733452E+01 6.47650454360E+03 5.07445113526E+01 6.49472164352E+03 5.05884534664E+01 5.85274736701E+03 4.58610134170E+01 
7.10000000000E+01 7.15000000000E+01 7.20000000000E+01 5.88815576680E+03 4.65465772239E+01 6.59498192382E+03 5.21284759881E+01 5.32112237514E+03 4.20679397892E+01 5.52381680358E+03 4.35626683688E+01 6.15642525442E+03 4.87819264834E+01 6.18684746528E+03 4.87847637512E+01 5.56352570286E+03 4.40871499153E+01 
7.20000000000E+01 7.25000000000E+01 7.30000000000E+01 5.67037646291E+03 4.65583049949E+01 6.35117788511E+03 5.21470979995E+01 5.12423919912E+03 4.20749726070E+01 5.32447448536E+03 4.36137218606E+01 5.92404854163E+03 4.87512206329E+01 5.96369690847E+03 4.88478975456E+01 5.35345342686E+03 4.40561000705E+01 
7.30000000000E+01 7.35000000000E+01 7.40000000000E+01 5.46460333928E+03 4.46509641204E+01 6.12063007825E+03 5.00113141899E+01 4.93832840385E+03 4.03509369076E+01 5.13326256267E+03 4.18347267369E+01 5.70707800173E+03 4.67461363653E+01 5.74946198731E+03 4.68558197053E+01 5.15742472103E+03 4.22437022735E+01 
7.40000000000E+01 7.45000000000E+01 7.50000000000E+01 5.29409711963E+03 4.41630496515E+01 5.92960829926E+03 4.94620185879E+01 4.78427332860E+03 3.99118310060E+01 4.97694328397E+03 4.13894924244E+01 5.52536984541E+03 4.62240779624E+01 5.57433446348E+03 4.63545619391E+01 4.99324904381E+03 4.17738675982E+01 
7.50000000000E+01 7.55000000000E+01 7.60000000000E+01 4.95072417675E+03 4.24087194954E+01 5.54498132484E+03 4.74952719103E+01 4.47399050786E+03 3.83276797166E+01 4.65927705092E+03 3.98331286910E+01 5.16219918986E+03 4.43116210583E+01 5.21850195149E+03 4.46091764571E+01 4.66507603231E+03 4.00466159599E+01 
7.60000000000E+01 7.65000000000E+01 7.70000000000E+01 4.86232490818E+03 4.25209244736E+01 5.44632096079E+03 4.76283623320E+01 4.39387907048E+03 3.84242975739E+01 4.57639948878E+03 3.99250127844E+01 5.06946361852E+03 4.44351227868E+01 5.12601561369E+03 4.47195751769E+01 4.58104153224E+03 4.01534890322E+01 
7.70000000000E+01 7.75000000000E+01 7.80000000000E+01 4.56046706365E+03 4.06221928413E+01 5.10800807532E+03 4.54998330229E+01 4.12122893363E+03 3.67094697279E+01 4.29578011916E+03 3.81539002282E+01 4.75158269373E+03 4.24353275348E+01 4.81150764991E+03 4.27345179572E+01 4.29391929689E+03 3.83476118609E+01 
7.80000000000E+01 7.85000000000E+01 7.90000000000E+01 4.48146651973E+03 4.01653170003E+01 5.01949428129E+03 4.49852023370E+01 4.04985790827E+03 3.62985984868E+01 4.22539805618E+03 3.77541047769E+01 4.66544859601E+03 4.19360615902E+01 4.73264041885E+03 4.22835568769E+01 4.21609837639E+03 3.78983006901E+01 
7.90000000000E+01 7.95000000000E+01 8.00000000000E+01 4.27969991684E+03 3.88736271817E+01 4.79336505840E+03 4.35351277847E+01 3.86761341628E+03 3.51334526834E+01 4.03855253321E+03 3.66003849631E+01 4.45226682385E+03 4.05330568097E+01 4.52323145247E+03 4.09880961724E+01 4.02354155937E+03 3.66325868555E+01 
8.00000000000E+01 8.05000000000E+01 8.10000000000E+01 4.14737111911E+03 3.71880382093E+01 4.64528367123E+03 4.16505843979E+01 3.74794232906E+03 3.36079348288E+01 3.91445234121E+03 3.49961427702E+01 4.31371792876E+03 3.87831207626E+01 4.38436564609E+03 3.91947741601E+01 3.89824942665E+03 3.50489786037E+01 
8.10000000000E+01 8.15000000000E+01 8.20000000000E+01 4.00134252426E+03 3.72073620763E+01 4.48163742443E+03 4.16733728042E+01 3.61603191544E+03 3.36246089542E+01 3.78078590303E+03 3.50454398644E+01 4.15802951423E+03 3.87774813488E+01 4.23457295855E+03 3.92512458754E+01 3.75761331004E+03 3.50431638716E+01 
8.20000000000E+01 8.25000000000E+01 8.30000000000E+01 3.78204140806E+03 3.59584256385E+01 4.23592315876E+03 4.02650939230E+01 3.41790927958E+03 3.25022654771E+01 3.57731854687E+03 3.39602651009E+01 3.92670687690E+03 3.73955457498E+01 4.00659143866E+03 3.80259752443E+01 3.54862576648E+03 3.38004013754E+01 
8.30000000000E+01 8.35000000000E+01 8.40000000000E+01 3.65992296762E+03 3.51050104857E+01 4.09925290950E+03 3.93153224139E+01 3.30747972115E+03 3.17269181528E+01 3.46164363471E+03 3.31408606084E+01 3.79983516245E+03 3.65129616995E+01 3.87714012834E+03 3.71147963858E+01 3.43390208212E+03 3.29989611424E+01 
8.40000000000E+01 8.45000000000E+01 8.50000000000E+01 3.57359629254E+03 3.59259664659E+01 4.00237329707E+03 4.02154935474E+01 3.22959207182E+03 3.24819535749E+01 3.38321244587E+03 3.39991293652E+01 3.70722496352E+03 3.72956063104E+01 3.78910369480E+03 3.80544081666E+01 3.35033471553E+03 3.37180604314E+01 
8.50000000000E+01 8.55000000000E+01 8.60000000000E+01 3.34474481590E+03 3.35864907279E+01 3.74620032285E+03 3.76127465493E+01 3.02267862767E+03 3.03557952225E+01 3.16868904218E+03 3.17554899347E+01 3.46793763816E+03 3.48914274428E+01 3.54898406563E+03 3.55613281637E+01 3.13399395371E+03 3.15347172976E+01 
8.60000000000E+01 8.65000000000E+01 8.70000000000E+01 3.27194487431E+03 3.37366121361E+01 3.66464801160E+03 3.77839297462E+01 2.95689573875E+03 3.04894452379E+01 3.10122972272E+03 3.18894098535E+01 3.39102017257E+03 3.50538844990E+01 3.47342022253E+03 3.57145567427E+01 3.06449365982E+03 3.16796406164E+01 
8.70000000000E+01 8.75000000000E+01 8.80000000000E+01 3.10583237560E+03 3.24633576687E+01 3.47864031260E+03 3.63565715808E+01 2.80675352640E+03 2.93396495329E+01 2.94709025310E+03 3.07311437303E+01 3.21583834853E+03 3.36907022488E+01 3.30081695807E+03 3.44157690510E+01 2.90615279201E+03 3.04484372419E+01 
8.80000000000E+01 8.85000000000E+01 8.90000000000E+01 3.00130454243E+03 3.24739759583E+01 3.36155801224E+03 3.63682171514E+01 2.71229575886E+03 2.93493685087E+01 2.84870492100E+03 3.07252219813E+01 3.10668980479E+03 3.37105053769E+01 3.19061569384E+03 3.44089429778E+01 2.80751980216E+03 3.04664747722E+01 
8.90000000000E+01 8.95000000000E+01 9.00000000000E+01 2.87718615832E+03 3.13165575400E+01 3.22257054621E+03 3.50738297884E+01 2.60010886028E+03 2.83020875957E+01 2.73422115346E+03 2.97238321521E+01 2.97518267351E+03 3.24241461684E+01 3.06242142133E+03 3.32895517032E+01 2.68865670262E+03 2.93028190813E+01 
9.00000000000E+01 9.05000000000E+01 9.10000000000E+01 2.81107309635E+03 3.13310171116E+01 3.14848391810E+03 3.50876706434E+01 2.54038874639E+03 2.83167371116E+01 2.67010434725E+03 2.96646687482E+01 2.90802182220E+03 3.25038826190E+01 2.99056855818E+03 3.32206909145E+01 2.62798868623E+03 2.93763387115E+01 
9.10000000000E+01 9.15000000000E+01 9.20000000000E+01 2.69132135053E+03 3.05161258308E+01 3.01426996645E+03 3.41750866904E+01 2.43222407305E+03 2.75802291016E+01 2.55973421469E+03 2.89566441732E+01 2.78094658596E+03 3.15987782553E+01 2.86687036881E+03 3.24278891527E+01 2.51320941218E+03 2.85583342917E+01 
9.20000000000E+01 9.25000000000E+01 9.30000000000E+01 2.60273376166E+03 3.02166583842E+01 2.91515742349E+03 3.38431077404E+01 2.35209676253E+03 2.73073386776E+01 2.47636945325E+03 2.86580601870E+01 2.68866994846E+03 3.13011317234E+01 2.77360422982E+03 3.20970475725E+01 2.42974701974E+03 2.82871889517E+01 
9.30000000000E+01 9.35000000000E+01 9.40000000000E+01 2.53227411884E+03 2.99182541229E+01 2.83620429243E+03 3.35070979105E+01 2.28844447606E+03 2.70388438388E+01 2.41220625207E+03 2.84376424301E+01 2.61306585585E+03 3.09340160084E+01 2.70171049494E+03 3.18485094885E+01 2.36144931460E+03 2.79566577566E+01 
9.40000000000E+01 9.45000000000E+01 9.50000000000E+01 2.42761883296E+03 2.86460495198E+01 2.71886325141E+03 3.20728542308E+01 2.19394851465E+03 2.58954266663E+01 2.31277210628E+03 2.72333430355E+01 2.50497524479E+03 2.96201935797E+01 2.59021844062E+03 3.04899492809E+01 2.26384894169E+03 2.67754188362E+01 
9.50000000000E+01 9.55000000000E+01 9.60000000000E+01 2.33128162509E+03 2.83181472592E+01 2.61107293620E+03 3.17151941086E+01 2.10681588513E+03 2.55926560274E+01 2.22318057626E+03 2.69475093410E+01 2.40347811949E+03 2.92540614031E+01 2.48998154035E+03 3.01796877190E+01 2.17205274391E+03 2.64382641734E+01 
9.60000000000E+01 9.65000000000E+01 9.70000000000E+01 2.22931673606E+03 2.65609694025E+01 2.49684028636E+03 2.97454511942E+01 2.01468794353E+03 2.40057454243E+01 2.12858179115E+03 2.53017115477E+01 2.29596604277E+03 2.74140337258E+01 2.38399782406E+03 2.83345245043E+01 2.07491071934E+03 2.47763798442E+01 
9.70000000000E+01 9.75000000000E+01 9.80000000000E+01 2.22257917555E+03 2.86469736123E+01 2.48897103012E+03 3.20523889275E+01 2.00881766199E+03 2.59113299769E+01 2.12180220958E+03 2.73330357666E+01 2.28931563897E+03 2.95337728977E+01 2.37607381733E+03 3.05766042090E+01 2.06911380941E+03 2.67104946894E+01 
9.80000000000E+01 9.85000000000E+01 9.90000000000E+01 2.08980236159E+03 2.74014867299E+01 2.34060643161E+03 3.06877873222E+01 1.88859058998E+03 2.47647029031E+01 1.99666988319E+03 2.60814105315E+01 2.15101269352E+03 2.82980287062E+01 2.23628221375E+03 2.92088074206E+01 1.94390009868E+03 2.55746717115E+01 
9.90000000000E+01 9.95000000000E+01 1.00000000000E+02 2.03955671136E+03 2.74359445436E+01 2.28429182863E+03 3.07251343493E+01 1.84320719572E+03 2.47966308689E+01 1.94882301898E+03 2.61252871999E+01 2.09920538488E+03 2.83210757322E+01 2.18265478965E+03 2.92567519860E+01 1.89710522958E+03 2.55962989584E+01 
#nx: 3
