#labels: ptw__-2p25__-2p0_lower[1] ptw__-2p25__-2p0_center[2] ptw__-2p25__-2p0_upper[3] tot_scale01[4] tot_scale01_Err[5] tot_scale02[6] tot_scale02_Err[7] tot_scale03[8] tot_scale03_Err[9] tot_scale04[10] tot_scale04_Err[11] tot_scale05[12] tot_scale05_Err[13] tot_scale06[14] tot_scale06_Err[15] tot_scale07[16] tot_scale07_Err[17]
#neval: 39640904
#overflow:lower center upper 2.15438009387E+03 3.18235616100E+01 2.41281460399E+03 3.56339920241E+01 1.94702919130E+03 2.87654081366E+01 2.10852957317E+03 3.08485043690E+01 2.17222164422E+03 3.23481252940E+01 2.36144217232E+03 3.45405051344E+01 1.96314262187E+03 2.92387197489E+01 
0.00000000000E+00 5.00000000000E-01 1.00000000000E+00 0.00000000000E+00 0.00000000000E+00 0.00000000000E+00 0.00000000000E+00 0.00000000000E+00 0.00000000000E+00 0.00000000000E+00 0.00000000000E+00 0.00000000000E+00 0.00000000000E+00 0.00000000000E+00 0.00000000000E+00 0.00000000000E+00 0.00000000000E+00 
1.00000000000E+00 1.50000000000E+00 2.00000000000E+00 1.37502113472E+05 6.77333558096E+02 1.54049269993E+05 7.58404156283E+02 1.24235331666E+05 6.12269072710E+02 1.20798026228E+05 5.97516302705E+02 1.52508075862E+05 7.49848290121E+02 1.35328833404E+05 6.68956568124E+02 1.37789320878E+05 6.77769384029E+02 
2.00000000000E+00 2.50000000000E+00 3.00000000000E+00 6.86382312141E+04 3.75300968737E+02 7.68982977845E+04 4.20310636689E+02 6.20156432474E+04 3.39189040182E+02 6.04082842464E+04 3.30809107073E+02 7.59950480629E+04 4.15544666250E+02 6.76750054138E+04 3.70458613781E+02 6.86606827162E+04 3.75544556859E+02 
3.00000000000E+00 3.50000000000E+00 4.00000000000E+00 4.38021654434E+04 2.63916119881E+02 4.90742722774E+04 2.95591099843E+02 3.95753259838E+04 2.38506548640E+02 3.86074615125E+04 2.32711829349E+02 4.84271563492E+04 2.92061444550E+02 4.32524908048E+04 2.60624634893E+02 4.37527994167E+04 2.63930797971E+02 
4.00000000000E+00 4.50000000000E+00 5.00000000000E+00 3.15718977987E+04 2.07930433996E+02 3.53715032353E+04 2.32890487883E+02 2.85255172298E+04 1.87907522027E+02 2.78681159607E+04 1.83479886231E+02 3.48576317859E+04 2.29903989361E+02 3.12207712865E+04 2.05496502153E+02 3.14934182030E+04 2.07759436964E+02 
5.00000000000E+00 5.50000000000E+00 6.00000000000E+00 2.34523456045E+04 1.69258365888E+02 2.62737884840E+04 1.89547814210E+02 2.11900537428E+04 1.52978210889E+02 2.07327609112E+04 1.49661415390E+02 2.58562072354E+04 1.86811109751E+02 2.32261454022E+04 1.67591785720E+02 2.33614631563E+04 1.68836319133E+02 
6.00000000000E+00 6.50000000000E+00 7.00000000000E+00 1.87900041595E+04 1.45097323935E+02 2.10507228736E+04 1.62518434894E+02 1.69773150243E+04 1.31122514764E+02 1.66298392825E+04 1.28266186400E+02 2.06935501485E+04 1.60133545800E+02 1.86300718215E+04 1.43662053253E+02 1.86968479003E+04 1.44707658936E+02 
7.00000000000E+00 7.50000000000E+00 8.00000000000E+00 1.52326309570E+04 1.25514746672E+02 1.70650463185E+04 1.40572814582E+02 1.37633218017E+04 1.13433968719E+02 1.35013021098E+04 1.11144852199E+02 1.67528555848E+04 1.38310160796E+02 1.51249385745E+04 1.24472999243E+02 1.51365842575E+04 1.24994000729E+02 
8.00000000000E+00 8.50000000000E+00 9.00000000000E+00 1.26492280873E+04 1.17605452021E+02 1.41702311426E+04 1.31416005936E+02 1.14295333625E+04 1.06488391618E+02 1.12284131128E+04 1.05691200818E+02 1.38926789649E+04 1.28230795408E+02 1.25780710983E+04 1.18038756688E+02 1.25527679455E+04 1.16071773572E+02 
9.00000000000E+00 9.50000000000E+00 1.00000000000E+01 1.10561536127E+04 1.01794395796E+02 1.23858480127E+04 1.14012779217E+02 9.98987655110E+03 9.19925442908E+01 9.82031125281E+03 9.02649276130E+01 1.21356949956E+04 1.12012141088E+02 1.10011035731E+04 1.01096388492E+02 1.09651351285E+04 1.01224510918E+02 
1.00000000000E+01 1.05000000000E+01 1.10000000000E+01 9.17284881037E+03 8.98321767269E+01 1.02761961963E+04 1.00614979941E+02 8.28811076102E+03 8.11821833526E+01 8.15574668626E+03 7.97322792104E+01 1.00584680853E+04 9.87566440288E+01 9.13649403936E+03 8.92991623429E+01 9.08814791333E+03 8.92450578473E+01 
1.10000000000E+01 1.15000000000E+01 1.20000000000E+01 8.04423775148E+03 8.21619028003E+01 9.01194686317E+03 9.20337053429E+01 7.26827939695E+03 7.42440525065E+01 7.16291353785E+03 7.29751431013E+01 8.80892728056E+03 9.02523593483E+01 8.02438353752E+03 8.17410187600E+01 7.95907210162E+03 8.15534857934E+01 
1.20000000000E+01 1.25000000000E+01 1.30000000000E+01 7.19613533069E+03 7.63076777005E+01 8.06163889401E+03 8.54727821034E+01 6.50210104504E+03 6.89562664039E+01 6.41374132393E+03 6.78356242921E+01 7.87340249129E+03 8.37557588227E+01 7.18494692335E+03 7.59803609534E+01 7.11392738117E+03 7.56850027766E+01 
1.30000000000E+01 1.35000000000E+01 1.40000000000E+01 6.21546350556E+03 6.95173067386E+01 6.96308633822E+03 7.78653987704E+01 5.61596601276E+03 6.28209673412E+01 5.54796432704E+03 6.19025989449E+01 6.79094894049E+03 7.61873781250E+01 6.21513106706E+03 6.93338010812E+01 6.13584168596E+03 6.88470113088E+01 
1.40000000000E+01 1.45000000000E+01 1.50000000000E+01 5.69320377643E+03 6.58955366623E+01 6.37773268444E+03 7.38093770451E+01 5.14424923090E+03 5.95475349273E+01 5.08511010550E+03 5.86867128893E+01 6.21627171997E+03 7.21945004562E+01 5.69639628567E+03 6.57329312224E+01 5.61680292341E+03 6.52385417889E+01 
1.50000000000E+01 1.55000000000E+01 1.60000000000E+01 5.03904318405E+03 6.55793086950E+01 5.64445816893E+03 7.32490991686E+01 4.55347379024E+03 5.94005933026E+01 4.50676809160E+03 5.93382936465E+01 5.49590426858E+03 7.10375477918E+01 5.04806434867E+03 6.62438779564E+01 4.96620895711E+03 6.43245189412E+01 
1.60000000000E+01 1.65000000000E+01 1.70000000000E+01 4.59211283839E+03 5.78152220083E+01 5.14426706463E+03 6.47546165634E+01 4.14932089150E+03 5.22484021735E+01 4.10919224544E+03 5.15938873364E+01 5.00603690871E+03 6.32320220167E+01 4.60316809858E+03 5.77836460139E+01 4.52326415084E+03 5.71419138029E+01 
1.70000000000E+01 1.75000000000E+01 1.80000000000E+01 4.10901033151E+03 5.39024146007E+01 4.60293613182E+03 6.03554012509E+01 3.71289328669E+03 4.87240205611E+01 3.68334274325E+03 4.82551435701E+01 4.47252534758E+03 5.88105347335E+01 4.12599663641E+03 5.40244956534E+01 4.04130166872E+03 5.31563454465E+01 
1.80000000000E+01 1.85000000000E+01 1.90000000000E+01 3.75090493181E+03 5.06390877036E+01 4.20194734056E+03 5.67235268451E+01 3.38919820020E+03 4.57589530695E+01 3.36218161301E+03 4.52359458605E+01 4.08240715094E+03 5.53204104244E+01 3.76640863049E+03 5.06698739350E+01 3.68868972904E+03 4.99883401149E+01 
1.90000000000E+01 1.95000000000E+01 2.00000000000E+01 3.41805025206E+03 4.75478204548E+01 3.82904577327E+03 5.32605813620E+01 3.08845677854E+03 4.29657692852E+01 3.06778057746E+03 4.25098838862E+01 3.71579436664E+03 5.18988587549E+01 3.43658840330E+03 4.76161654597E+01 3.35744776540E+03 4.68967781120E+01 
2.00000000000E+01 2.05000000000E+01 2.10000000000E+01 3.11498707721E+03 4.50780703543E+01 3.48955253672E+03 5.04936049654E+01 2.81461298319E+03 4.07344902148E+01 2.79858136598E+03 4.03506943910E+01 3.38329653917E+03 4.91516491417E+01 3.13502612912E+03 4.51963089503E+01 3.05700519777E+03 4.44143745204E+01 
2.10000000000E+01 2.15000000000E+01 2.20000000000E+01 2.90519108443E+03 4.31978545377E+01 3.25456936895E+03 4.83890411268E+01 2.62502167281E+03 3.90344361498E+01 2.61329636699E+03 3.87297648458E+01 3.15185204649E+03 4.70296808465E+01 2.92750263449E+03 4.33821265550E+01 2.84785452200E+03 4.24958022609E+01 
2.20000000000E+01 2.25000000000E+01 2.30000000000E+01 2.66034347720E+03 4.06717290388E+01 2.98000607752E+03 4.55458457982E+01 2.40395803515E+03 3.67606291567E+01 2.39577085348E+03 3.65095447842E+01 2.88346278578E+03 4.42390174963E+01 2.68359357575E+03 4.08825141458E+01 2.60554559748E+03 3.99835020026E+01 
2.30000000000E+01 2.35000000000E+01 2.40000000000E+01 2.45730907112E+03 3.92228458907E+01 2.75277539462E+03 4.39373559030E+01 2.22036234168E+03 3.54418749748E+01 2.21279600413E+03 3.51797259289E+01 2.66315688865E+03 4.26795016338E+01 2.47881016288E+03 3.94065624119E+01 2.40633055331E+03 3.85643236265E+01 
2.40000000000E+01 2.45000000000E+01 2.50000000000E+01 2.29265315490E+03 3.76491785331E+01 2.56827816147E+03 4.21742846864E+01 2.07161117257E+03 3.40200958145E+01 2.06814538382E+03 3.38161404240E+01 2.48124454913E+03 4.09218656675E+01 2.31673150620E+03 3.78788985416E+01 2.24199120975E+03 3.69763176935E+01 
2.50000000000E+01 2.55000000000E+01 2.60000000000E+01 2.19496180142E+03 3.66735226281E+01 2.45884902786E+03 4.10822936893E+01 1.98333344383E+03 3.31378291760E+01 1.98205583113E+03 3.29979826203E+01 2.37309510641E+03 3.97934340876E+01 2.22030972148E+03 3.69639371980E+01 2.14427046844E+03 3.59563737463E+01 
2.60000000000E+01 2.65000000000E+01 2.70000000000E+01 2.02261482368E+03 3.50178040177E+01 2.26583192891E+03 3.92300740810E+01 1.82757082708E+03 3.16401819358E+01 1.82608155358E+03 3.14750737749E+01 2.18718302971E+03 3.80304342373E+01 2.04562563239E+03 3.52596664410E+01 1.97624571334E+03 3.43613042590E+01 
2.70000000000E+01 2.75000000000E+01 2.80000000000E+01 1.86833052054E+03 3.34951856135E+01 2.09288630259E+03 3.75198387568E+01 1.68823274779E+03 3.02672068656E+01 1.69089699602E+03 3.02079820865E+01 2.01600968342E+03 3.62648619556E+01 1.89409902278E+03 3.38366543654E+01 1.82165997130E+03 3.27693737512E+01 
2.80000000000E+01 2.85000000000E+01 2.90000000000E+01 1.73852049263E+03 3.18208044262E+01 1.94756367520E+03 3.56491947421E+01 1.57087845649E+03 2.87510256137E+01 1.57445155268E+03 2.86885455212E+01 1.87488785074E+03 3.44678198619E+01 1.76374385553E+03 3.21394330020E+01 1.69408275306E+03 3.11422700530E+01 
2.90000000000E+01 2.95000000000E+01 3.00000000000E+01 1.61777823533E+03 3.07896723978E+01 1.81219985087E+03 3.44888710639E+01 1.46184548776E+03 2.78226353134E+01 1.46538656845E+03 2.77674969707E+01 1.74429142940E+03 3.33351521096E+01 1.64147048082E+03 3.11028347655E+01 1.57615078320E+03 3.01223585170E+01 
3.00000000000E+01 3.05000000000E+01 3.10000000000E+01 1.46973951329E+03 2.87618975218E+01 1.64640090066E+03 3.22194341696E+01 1.32805603112E+03 2.59890582120E+01 1.33260642198E+03 2.59468184000E+01 1.58324320567E+03 3.11320101874E+01 1.49276303320E+03 2.90651127875E+01 1.43060531617E+03 2.81301729853E+01 
3.10000000000E+01 3.15000000000E+01 3.20000000000E+01 1.43028346084E+03 2.86715091802E+01 1.60219899586E+03 3.21238909598E+01 1.29240686420E+03 2.59038987950E+01 1.29844900667E+03 2.58881732960E+01 1.53889063648E+03 3.09999546776E+01 1.45449091295E+03 2.90036046238E+01 1.39052843599E+03 2.80064798230E+01 
3.20000000000E+01 3.25000000000E+01 3.30000000000E+01 1.32002200959E+03 2.71540281668E+01 1.47855374777E+03 3.04052634083E+01 1.19285938920E+03 2.45450484973E+01 1.19977972391E+03 2.46111087495E+01 1.41889159125E+03 2.92790207764E+01 1.34384276032E+03 2.75543690154E+01 1.28218835369E+03 2.64638819874E+01 
3.30000000000E+01 3.35000000000E+01 3.40000000000E+01 1.26462040730E+03 2.61655741037E+01 1.41669891877E+03 2.93121696555E+01 1.14266423722E+03 2.36422721996E+01 1.15065849529E+03 2.36921767311E+01 1.35800981841E+03 2.82227893405E+01 1.28901276299E+03 2.65405029805E+01 1.22703609325E+03 2.55006070509E+01 
3.40000000000E+01 3.45000000000E+01 3.50000000000E+01 1.18589084521E+03 2.54344495454E+01 1.32840391069E+03 2.84897776650E+01 1.07158913945E+03 2.29837904814E+01 1.07942519078E+03 2.30413063059E+01 1.27298074517E+03 2.74202336136E+01 1.20912719416E+03 2.58083800315E+01 1.15027522699E+03 2.47777831736E+01 
3.50000000000E+01 3.55000000000E+01 3.60000000000E+01 1.10898199709E+03 2.44375594773E+01 1.24237521704E+03 2.73831587915E+01 1.00201517008E+03 2.20766425017E+01 1.01059601310E+03 2.21361746605E+01 1.18926601819E+03 2.63474019637E+01 1.13213631597E+03 2.48030113799E+01 1.07454470394E+03 2.38011742278E+01 
3.60000000000E+01 3.65000000000E+01 3.70000000000E+01 1.05187225643E+03 2.42517617571E+01 1.17813879189E+03 2.71617077752E+01 9.50577122587E+02 2.19171487056E+01 9.59013970528E+02 2.19866605398E+01 1.12743157385E+03 2.61181016812E+01 1.07412317901E+03 2.46243071525E+01 1.01885402234E+03 2.36035282126E+01 
3.70000000000E+01 3.75000000000E+01 3.80000000000E+01 9.61433031587E+02 2.30505673504E+01 1.07696416806E+03 2.58189261952E+01 8.68769938484E+02 2.08299169794E+01 8.78439862663E+02 2.09357864216E+01 1.02872110629E+03 2.47907957160E+01 9.83989185709E+02 2.34498652703E+01 9.29567645675E+02 2.24023101789E+01 
3.80000000000E+01 3.85000000000E+01 3.90000000000E+01 9.33596090477E+02 2.31517806060E+01 1.04583343668E+03 2.59361420026E+01 8.43583042219E+02 2.09189442442E+01 8.52029723215E+02 2.10132094445E+01 9.99750761413E+02 2.49052759103E+01 9.54451687042E+02 2.35400052935E+01 9.03354097162E+02 2.25031100668E+01 
3.90000000000E+01 3.95000000000E+01 4.00000000000E+01 8.75222895829E+02 2.14584757572E+01 9.80422866570E+02 2.40366243791E+01 7.90851909913E+02 1.93906701813E+01 8.00782248131E+02 1.95490448081E+01 9.35315109224E+02 2.30180186638E+01 8.97021810998E+02 2.18970772597E+01 8.45144109270E+02 2.07995399993E+01 
4.00000000000E+01 4.05000000000E+01 4.10000000000E+01 8.62841654836E+02 2.17413147367E+01 9.66416878001E+02 2.43477786871E+01 7.79751467271E+02 1.96498919120E+01 7.90214645132E+02 1.98452241124E+01 9.21305179064E+02 2.32861469545E+01 8.85061102595E+02 2.22237402039E+01 8.32578921063E+02 2.10457437271E+01 
4.10000000000E+01 4.15000000000E+01 4.20000000000E+01 8.27274711434E+02 2.13206706651E+01 9.26650814065E+02 2.38800011134E+01 7.47564435039E+02 1.92676235000E+01 7.57454303268E+02 1.94257255798E+01 8.83434207312E+02 2.28632122209E+01 8.48435144453E+02 2.17569053235E+01 7.98308291997E+02 2.06612418734E+01 
4.20000000000E+01 4.25000000000E+01 4.30000000000E+01 7.88036700995E+02 2.13965856545E+01 8.82692899041E+02 2.39689076708E+01 7.12110299023E+02 1.93336484943E+01 7.21848307163E+02 1.94586531857E+01 8.41183593933E+02 2.29736247029E+01 8.08546493589E+02 2.17975068008E+01 7.60132336305E+02 2.07583636266E+01 
4.30000000000E+01 4.35000000000E+01 4.40000000000E+01 7.42653473919E+02 2.04472598084E+01 8.31890763351E+02 2.29065313932E+01 6.71079568473E+02 1.84752125464E+01 6.81367793570E+02 1.86403531433E+01 7.91588325202E+02 2.19104002184E+01 7.63230745645E+02 2.08815795546E+01 7.15292638869E+02 1.97968272358E+01 
4.40000000000E+01 4.45000000000E+01 4.50000000000E+01 6.79915111972E+02 1.85484210447E+01 7.61575103626E+02 2.07758685286E+01 6.14411479799E+02 1.67616400393E+01 6.23993158497E+02 1.69215496889E+01 7.24634147624E+02 1.98717964647E+01 6.98930262462E+02 1.89532814446E+01 6.54818628507E+02 1.79573300040E+01 
4.50000000000E+01 4.55000000000E+01 4.60000000000E+01 6.32959224132E+02 1.82322368659E+01 7.09023516531E+02 2.04245037789E+01 5.71952130895E+02 1.64741504932E+01 5.81839971406E+02 1.66648310792E+01 6.73560898822E+02 1.94957371844E+01 6.51755006340E+02 1.86683229482E+01 6.08637152077E+02 1.76156325183E+01 
4.60000000000E+01 4.65000000000E+01 4.70000000000E+01 6.12388522745E+02 1.85300673685E+01 6.85915667263E+02 2.07501529664E+01 5.53406853680E+02 1.67484974820E+01 5.62907046586E+02 1.69316958641E+01 6.51660383154E+02 1.98179479566E+01 6.30480235523E+02 1.89588831647E+01 5.88888987441E+02 1.79117747108E+01 
4.70000000000E+01 4.75000000000E+01 4.80000000000E+01 5.87815804747E+02 1.74697393564E+01 6.58424439082E+02 1.95693382197E+01 5.31179003162E+02 1.57858082503E+01 5.41402196483E+02 1.60039251871E+01 6.24522672330E+02 1.86437983576E+01 6.06431144327E+02 1.79272042730E+01 5.64346742428E+02 1.68466265709E+01 
4.80000000000E+01 4.85000000000E+01 4.90000000000E+01 5.65603219602E+02 1.75572139567E+01 6.33557816268E+02 1.96669638102E+01 5.11097779395E+02 1.58650700756E+01 5.21528558455E+02 1.60912872154E+01 6.00305123654E+02 1.87281383403E+01 5.84180802396E+02 1.80245688568E+01 5.42451717325E+02 1.69229626628E+01 
4.90000000000E+01 4.95000000000E+01 5.00000000000E+01 5.25628377531E+02 1.71151868309E+01 5.88794262854E+02 1.91700465403E+01 4.74968564178E+02 1.54669344819E+01 4.84699470549E+02 1.56843377742E+01 5.57879849083E+02 1.82607100444E+01 5.42935201559E+02 1.75666143182E+01 5.04105393150E+02 1.65016893871E+01 
5.00000000000E+01 5.05000000000E+01 5.10000000000E+01 5.13919177962E+02 1.79062620379E+01 5.75513960361E+02 1.99993417633E+01 4.64494520903E+02 1.62200607456E+01 4.74773360458E+02 1.66252420452E+01 5.44615035717E+02 1.89254869502E+01 5.31660864905E+02 1.85605118624E+01 4.92229654428E+02 1.71388847753E+01 
5.10000000000E+01 5.15000000000E+01 5.20000000000E+01 4.98422194849E+02 1.72096676943E+01 5.58301261073E+02 1.92789189910E+01 4.50393160774E+02 1.55502299311E+01 4.59804634402E+02 1.57695017394E+01 5.28678995685E+02 1.83547054523E+01 5.15039564741E+02 1.76652949213E+01 4.77731755711E+02 1.65846936561E+01 
5.20000000000E+01 5.25000000000E+01 5.30000000000E+01 4.38486038736E+02 1.52307248602E+01 4.91174550577E+02 1.70609781314E+01 3.96226281467E+02 1.37627827185E+01 4.05389291242E+02 1.40078552190E+01 4.64337429704E+02 1.61993322696E+01 4.54097807608E+02 1.56908729974E+01 4.19584518068E+02 1.46378688809E+01 
5.30000000000E+01 5.35000000000E+01 5.40000000000E+01 4.30123784668E+02 1.55034770481E+01 4.81765575230E+02 1.73641277115E+01 3.88696873535E+02 1.40108044758E+01 3.98082648236E+02 1.42741904881E+01 4.55049244868E+02 1.64742202577E+01 4.45873982178E+02 1.59869516880E+01 4.11219696838E+02 1.48878792235E+01 
5.40000000000E+01 5.45000000000E+01 5.50000000000E+01 4.22293627266E+02 1.55507590635E+01 4.72933979768E+02 1.74048482606E+01 3.81663779103E+02 1.40622748768E+01 3.91712814629E+02 1.44007085089E+01 4.45966290815E+02 1.64551267774E+01 4.38670587561E+02 1.61131117687E+01 4.03050176081E+02 1.48776581146E+01 
5.50000000000E+01 5.55000000000E+01 5.60000000000E+01 3.80153320540E+02 1.49766883571E+01 4.25848455193E+02 1.67781422469E+01 3.43505370813E+02 1.35321036693E+01 3.52001029871E+02 1.37798026935E+01 4.01895742563E+02 1.59127806207E+01 3.94308777385E+02 1.54371842221E+01 3.63149949701E+02 1.43778507919E+01 
5.60000000000E+01 5.65000000000E+01 5.70000000000E+01 3.84740650352E+02 1.42934676463E+01 4.30920410422E+02 1.60087046289E+01 3.47692922095E+02 1.29173858326E+01 3.57414904715E+02 1.31991112222E+01 4.05729806981E+02 1.51491178395E+01 4.00311596314E+02 1.47827083637E+01 3.66659209109E+02 1.36904832878E+01 
5.70000000000E+01 5.75000000000E+01 5.80000000000E+01 3.97523173434E+02 1.48331168087E+01 4.45264279407E+02 1.66149640078E+01 3.59227122784E+02 1.34038660971E+01 3.68943826868E+02 1.36763556351E+01 4.19470030400E+02 1.57355479591E+01 4.13249450596E+02 1.53190702891E+01 3.79057931899E+02 1.42192429154E+01 
5.80000000000E+01 5.85000000000E+01 5.90000000000E+01 3.39726238207E+02 1.27558876421E+01 3.80534714038E+02 1.42869219739E+01 3.06993849676E+02 1.15276996983E+01 3.15399484533E+02 1.17819258438E+01 3.58382387241E+02 1.35157988480E+01 3.53279956505E+02 1.31954782083E+01 3.23849289063E+02 1.22141297855E+01 
5.90000000000E+01 5.95000000000E+01 6.00000000000E+01 3.16974060830E+02 1.25533103306E+01 3.55008604153E+02 1.40603841213E+01 2.86459006195E+02 1.13443434370E+01 2.94722835862E+02 1.15923871380E+01 3.33989107105E+02 1.33016698714E+01 3.30084797478E+02 1.29838447406E+01 3.01834585569E+02 1.20204977836E+01 
6.00000000000E+01 6.05000000000E+01 6.10000000000E+01 2.96931009424E+02 1.21617504766E+01 3.32559816696E+02 1.36215323533E+01 2.68345695012E+02 1.09906516097E+01 2.76657298992E+02 1.12367686006E+01 3.12317664095E+02 1.28802362665E+01 3.09851533982E+02 1.25853773783E+01 2.82250058056E+02 1.16398710863E+01 
6.10000000000E+01 6.15000000000E+01 6.20000000000E+01 2.97132063561E+02 1.31114012496E+01 3.32847794278E+02 1.46892723404E+01 2.68489263140E+02 1.18464762723E+01 2.76573016052E+02 1.21125291666E+01 3.12731604477E+02 1.38839674284E+01 3.09810126887E+02 1.35689438941E+01 2.82581095847E+02 1.25438100124E+01 
6.20000000000E+01 6.25000000000E+01 6.30000000000E+01 2.96815474691E+02 1.38042495020E+01 3.32426512724E+02 1.54613501185E+01 2.68244190523E+02 1.24749120427E+01 2.76602116492E+02 1.27761625239E+01 3.12127409908E+02 1.45931766462E+01 3.09785856697E+02 1.43096307149E+01 2.82081043250E+02 1.31877483507E+01 
6.30000000000E+01 6.35000000000E+01 6.40000000000E+01 2.77575254246E+02 1.26844871682E+01 3.10951442993E+02 1.42148625226E+01 2.50808892013E+02 1.14580783441E+01 2.59087474706E+02 1.17181624976E+01 2.91493475355E+02 1.34333527973E+01 2.90237678781E+02 1.31313953967E+01 2.63383340705E+02 1.21342185016E+01 
6.40000000000E+01 6.45000000000E+01 6.50000000000E+01 2.52317084653E+02 1.20458569719E+01 2.82603268794E+02 1.34898890587E+01 2.28020212687E+02 1.08871332800E+01 2.36109175667E+02 1.11853992131E+01 2.64413684730E+02 1.27026820994E+01 2.64447897677E+02 1.25260421009E+01 2.38950897921E+02 1.14806450828E+01 
6.50000000000E+01 6.55000000000E+01 6.60000000000E+01 2.56601741753E+02 1.20994275156E+01 2.87397688204E+02 1.35511436961E+01 2.31895101083E+02 1.09347140130E+01 2.39279756974E+02 1.12062886601E+01 2.69724061237E+02 1.27920001745E+01 2.67995027788E+02 1.25506758625E+01 2.43752984796E+02 1.15605223976E+01 
6.60000000000E+01 6.65000000000E+01 6.70000000000E+01 2.41995702201E+02 1.09078061475E+01 2.71040492326E+02 1.22181903686E+01 2.18694104482E+02 9.85673570915E+00 2.25755857180E+02 1.01116413391E+01 2.54200902816E+02 1.15185063577E+01 2.52850097832E+02 1.13262768360E+01 2.29723314247E+02 1.04085325029E+01 
6.70000000000E+01 6.75000000000E+01 6.80000000000E+01 2.15696831165E+02 9.95729487554E+00 2.41611094912E+02 1.11539117354E+01 1.94911129415E+02 8.99757819803E+00 2.01772602095E+02 9.25737554511E+00 2.26072171591E+02 1.04900339808E+01 2.26011787271E+02 1.03696148795E+01 2.04285417242E+02 9.47881534801E+00 
6.80000000000E+01 6.85000000000E+01 6.90000000000E+01 2.10659491974E+02 1.05261013837E+01 2.35941775956E+02 1.17890202611E+01 1.90376098499E+02 9.51284187541E+00 1.97213206656E+02 9.79190667301E+00 2.20655497476E+02 1.10868332112E+01 2.20880639786E+02 1.09666451661E+01 1.99409058537E+02 1.00195460912E+01 
6.90000000000E+01 6.95000000000E+01 7.00000000000E+01 2.25659099046E+02 1.14314731326E+01 2.52721948662E+02 1.28010491465E+01 2.03944884163E+02 1.03324298084E+01 2.11256662534E+02 1.06549682792E+01 2.36397191666E+02 1.20207267012E+01 2.36588760600E+02 1.19309457188E+01 2.13647739693E+02 1.08647170373E+01 
7.00000000000E+01 7.05000000000E+01 7.10000000000E+01 2.05063045390E+02 1.10679503438E+01 2.29659837613E+02 1.23920671272E+01 1.85327735855E+02 1.00050221410E+01 1.92216546561E+02 1.03139698584E+01 2.14556023977E+02 1.16385275516E+01 2.15270013743E+02 1.15472370353E+01 1.93905781881E+02 1.05204531076E+01 
7.10000000000E+01 7.15000000000E+01 7.20000000000E+01 2.10557555108E+02 1.03716636428E+01 2.35871617341E+02 1.16191187422E+01 1.90256383505E+02 9.37133318929E+00 1.97587649401E+02 9.71054190952E+00 2.20061515950E+02 1.08616082883E+01 2.21339570566E+02 1.08781949320E+01 1.98842497301E+02 9.81387195822E+00 
7.20000000000E+01 7.25000000000E+01 7.30000000000E+01 1.93310578790E+02 1.02343314227E+01 2.16505783868E+02 1.14611029523E+01 1.74701022294E+02 9.24989966630E+00 1.81703085858E+02 9.59049874444E+00 2.01750423083E+02 1.07049244252E+01 2.03504446053E+02 1.07399531601E+01 1.82327827599E+02 9.67514674448E+00 
7.30000000000E+01 7.35000000000E+01 7.40000000000E+01 1.65731994323E+02 8.90098583457E+00 1.85645043088E+02 9.97207200648E+00 1.49760118081E+02 8.04216874552E+00 1.55567462226E+02 8.28272666320E+00 1.73160819547E+02 9.36561001464E+00 1.74258147186E+02 9.27923531535E+00 1.56472425527E+02 8.46186278625E+00 
7.40000000000E+01 7.45000000000E+01 7.50000000000E+01 1.58989286347E+02 7.96645868598E+00 1.78053596783E+02 8.91950346396E+00 1.43691788642E+02 7.20137249250E+00 1.49399765898E+02 7.44880448690E+00 1.65980066047E+02 8.35250392719E+00 1.67313154090E+02 8.33981002645E+00 1.50009386386E+02 7.55027876854E+00 
7.50000000000E+01 7.55000000000E+01 7.60000000000E+01 1.65507454122E+02 8.26298868823E+00 1.85370748970E+02 9.25422412498E+00 1.49571600652E+02 7.46767835456E+00 1.56206088706E+02 7.76868214419E+00 1.72161819146E+02 8.62341668519E+00 1.74952405386E+02 8.70050743589E+00 1.55584914128E+02 7.79335460673E+00 
7.60000000000E+01 7.65000000000E+01 7.70000000000E+01 1.57377617707E+02 8.37668939520E+00 1.76224511481E+02 9.36707703330E+00 1.42251988738E+02 7.58025037576E+00 1.48355311550E+02 7.90269450067E+00 1.63846264600E+02 8.72099807708E+00 1.66117775695E+02 8.83496007026E+00 1.48096724517E+02 7.89067873786E+00 
7.70000000000E+01 7.75000000000E+01 7.80000000000E+01 1.52057884016E+02 8.62461267479E+00 1.70302700345E+02 9.65956298559E+00 1.37419875722E+02 7.79429844978E+00 1.43320419184E+02 8.07460898915E+00 1.58334457777E+02 9.02868404433E+00 1.60516161044E+02 9.04337070936E+00 1.43091855131E+02 8.15936482989E+00 
7.80000000000E+01 7.85000000000E+01 7.90000000000E+01 1.63052580508E+02 9.16918476541E+00 1.82635552994E+02 1.02700757408E+01 1.47343989111E+02 8.28603948267E+00 1.53784737838E+02 8.60771948580E+00 1.69667063239E+02 9.57726764917E+00 1.72253522832E+02 9.64111675503E+00 1.53320662455E+02 8.65477172044E+00 
7.90000000000E+01 7.95000000000E+01 8.00000000000E+01 1.34011859323E+02 8.66529684155E+00 1.50103304928E+02 9.70484096665E+00 1.21103832507E+02 7.83126992072E+00 1.26741915260E+02 8.16331546006E+00 1.39158060889E+02 9.02841048037E+00 1.41958860488E+02 9.14253200907E+00 1.25753562972E+02 8.15937650141E+00 
8.00000000000E+01 8.05000000000E+01 8.10000000000E+01 1.36801013126E+02 7.84654869373E+00 1.53260366806E+02 8.79163600671E+00 1.23603519801E+02 7.08897948569E+00 1.29165237842E+02 7.36794179326E+00 1.42206802425E+02 8.19387274297E+00 1.44703453045E+02 8.25491972250E+00 1.28486542018E+02 7.40251891156E+00 
8.10000000000E+01 8.15000000000E+01 8.20000000000E+01 1.19875167844E+02 7.24928571776E+00 1.34253244138E+02 8.12017710293E+00 1.08338841110E+02 6.55075522946E+00 1.13557372316E+02 6.83944428607E+00 1.24287110172E+02 7.53820917732E+00 1.27176340704E+02 7.66099953336E+00 1.12325479096E+02 6.81179535608E+00 
8.20000000000E+01 8.25000000000E+01 8.30000000000E+01 1.39901236908E+02 8.99003178132E+00 1.56661754050E+02 1.00579860956E+01 1.26451767934E+02 8.13207786204E+00 1.32180688243E+02 8.46930245353E+00 1.45339945557E+02 9.36748741240E+00 1.48010341398E+02 9.47282140059E+00 1.31364422992E+02 8.47216902726E+00 
8.30000000000E+01 8.35000000000E+01 8.40000000000E+01 1.17182852945E+02 6.69265257187E+00 1.31265407730E+02 7.49694895471E+00 1.05887870609E+02 6.04756263946E+00 1.10864860760E+02 6.29087258013E+00 1.21602627953E+02 6.98410683313E+00 1.24187827651E+02 7.04688347632E+00 1.09881481532E+02 6.31092526768E+00 
8.40000000000E+01 8.45000000000E+01 8.50000000000E+01 1.28905004236E+02 7.92661244054E+00 1.44393074873E+02 8.87910462064E+00 1.16482364396E+02 7.16266093530E+00 1.22185558986E+02 7.47222196277E+00 1.33585185394E+02 8.25071860688E+00 1.36865159087E+02 8.37004434355E+00 1.20710926408E+02 7.45548953764E+00 
8.50000000000E+01 8.55000000000E+01 8.60000000000E+01 1.16093299674E+02 7.63671448094E+00 1.30026030681E+02 8.55260465570E+00 1.04915418021E+02 6.90181287409E+00 1.09841519064E+02 7.19684846180E+00 1.20471828760E+02 7.95179513849E+00 1.23022869700E+02 8.05987458130E+00 1.08871795932E+02 7.18651129714E+00 
8.60000000000E+01 8.65000000000E+01 8.70000000000E+01 9.35438779808E+01 5.62157587706E+00 1.04773193576E+02 6.29596231453E+00 8.45355299275E+01 5.08049279797E+00 8.88051995063E+01 5.30975244565E+00 9.68173394698E+01 5.84327010159E+00 9.94642707294E+01 5.94660159728E+00 8.74930350863E+01 5.28078016584E+00 
8.70000000000E+01 8.75000000000E+01 8.80000000000E+01 9.77534680188E+01 7.33761731575E+00 1.09487631076E+02 8.21630014846E+00 8.83397859312E+01 6.63232745182E+00 9.30288413002E+01 6.94882842399E+00 1.00940227029E+02 7.60578359788E+00 1.04195269911E+02 7.78084092856E+00 9.12193400777E+01 6.87465106041E+00 
8.80000000000E+01 8.85000000000E+01 8.90000000000E+01 1.01424694673E+02 7.04942494751E+00 1.13552808894E+02 7.88416449331E+00 9.16885370586E+01 6.37827874100E+00 9.65517997250E+01 6.70392427551E+00 1.04710494632E+02 7.28531206515E+00 1.08093995807E+02 7.49621231980E+00 9.46571572922E+01 6.59087311900E+00 
8.90000000000E+01 8.95000000000E+01 9.00000000000E+01 8.21994473940E+01 5.73965265021E+00 9.20668810924E+01 6.42891498277E+00 7.42833901928E+01 5.18674303042E+00 7.80365102869E+01 5.41531220757E+00 8.50340298192E+01 5.96734039848E+00 8.74037251667E+01 6.06558787317E+00 7.68447411203E+01 5.39247751613E+00 
9.00000000000E+01 9.05000000000E+01 9.10000000000E+01 1.02147536112E+02 7.68142200314E+00 1.14414388991E+02 8.60599692387E+00 9.23078174448E+01 6.94013716350E+00 9.72683458615E+01 7.30315087977E+00 1.05400233084E+02 7.92851529581E+00 1.08947506733E+02 8.18212982613E+00 9.52463650409E+01 7.16337842961E+00 
9.10000000000E+01 9.15000000000E+01 9.20000000000E+01 9.05947590350E+01 6.07685367580E+00 1.01473245627E+02 6.80677617742E+00 8.18681668956E+01 5.49135643695E+00 8.61922177133E+01 5.74205222216E+00 9.35676152196E+01 6.31158565197E+00 9.65414813663E+01 6.43168123417E+00 8.45543536531E+01 5.70343075765E+00 
9.20000000000E+01 9.25000000000E+01 9.30000000000E+01 8.71515655909E+01 5.77369101439E+00 9.76223804457E+01 6.46671774172E+00 7.87529127203E+01 5.21770494422E+00 8.29284833215E+01 5.46298429551E+00 8.99998875764E+01 5.98975260413E+00 9.28917858551E+01 6.11873406318E+00 8.13266738401E+01 5.41296823812E+00 
9.30000000000E+01 9.35000000000E+01 9.40000000000E+01 7.89664059391E+01 5.75805531889E+00 8.84503735481E+01 6.45035169586E+00 7.13587448276E+01 5.20285565157E+00 7.52081264247E+01 5.44096200564E+00 8.14681578297E+01 5.97810802807E+00 8.42404391785E+01 6.09508671253E+00 7.36193472298E+01 5.40166939420E+00 
9.40000000000E+01 9.45000000000E+01 9.50000000000E+01 8.83203620335E+01 6.50215451077E+00 9.89251594323E+01 7.28256218523E+00 7.98131341485E+01 5.87605422707E+00 8.42483068880E+01 6.17663689160E+00 9.10096268431E+01 6.72226741297E+00 9.43642463018E+01 6.91798973134E+00 8.22434283492E+01 6.07498313892E+00 
9.50000000000E+01 9.55000000000E+01 9.60000000000E+01 7.02772186354E+01 5.83007461450E+00 7.87217879788E+01 6.53187612185E+00 6.35040617078E+01 5.26739629573E+00 6.70147932086E+01 5.52362049938E+00 7.24344528006E+01 6.03663826715E+00 7.50669724622E+01 6.18845233238E+00 6.54532038599E+01 5.45398100677E+00 
9.60000000000E+01 9.65000000000E+01 9.70000000000E+01 7.57515070043E+01 5.94351574654E+00 8.48402857878E+01 6.65657167197E+00 6.84593831804E+01 5.37139945154E+00 7.22927885040E+01 5.63402066447E+00 7.80283311891E+01 6.15535297651E+00 8.09661275344E+01 6.30987484569E+00 7.05167974788E+01 5.56280675357E+00 
9.70000000000E+01 9.75000000000E+01 9.80000000000E+01 6.81119618073E+01 5.40635075671E+00 7.62897947884E+01 6.05537743798E+00 6.15516259746E+01 4.88568078598E+00 6.51698435664E+01 5.14133861366E+00 7.00139137768E+01 5.58461162252E+00 7.29943758650E+01 5.75853204490E+00 6.32703668223E+01 5.04676377064E+00 
9.80000000000E+01 9.85000000000E+01 9.90000000000E+01 7.01307808771E+01 5.66769049732E+00 7.85327476105E+01 6.34594962795E+00 6.33879123923E+01 5.12327158866E+00 6.73075339101E+01 5.42109362407E+00 7.18960514429E+01 5.83188744188E+00 7.53705385425E+01 6.06967384825E+00 6.49830928046E+01 5.27160815739E+00 
9.90000000000E+01 9.95000000000E+01 1.00000000000E+02 6.63234937028E+01 5.91543250437E+00 7.42733356290E+01 6.62322235316E+00 5.99439912472E+01 5.34726199034E+00 6.35239044981E+01 5.63654766262E+00 6.81289299569E+01 6.09986336026E+00 7.11377292954E+01 6.31084200140E+00 6.15755378586E+01 5.51391141311E+00 
#nx: 3
