#labels: ptw__-1p5__-1p25_lower[1] ptw__-1p5__-1p25_center[2] ptw__-1p5__-1p25_upper[3] tot_scale01[4] tot_scale01_Err[5] tot_scale02[6] tot_scale02_Err[7] tot_scale03[8] tot_scale03_Err[9] tot_scale04[10] tot_scale04_Err[11] tot_scale05[12] tot_scale05_Err[13] tot_scale06[14] tot_scale06_Err[15] tot_scale07[16] tot_scale07_Err[17]
#neval: 39640904
#overflow:lower center upper 3.16489907795E+03 3.76094302900E+01 3.54452702467E+03 4.21175470332E+01 2.86030669772E+03 3.39920266457E+01 3.08544877666E+03 3.63539410512E+01 3.20392490299E+03 3.83505623356E+01 3.45552006732E+03 4.07106673710E+01 2.89556331056E+03 3.46614121131E+01 
0.00000000000E+00 5.00000000000E-01 1.00000000000E+00 0.00000000000E+00 0.00000000000E+00 0.00000000000E+00 0.00000000000E+00 0.00000000000E+00 0.00000000000E+00 0.00000000000E+00 0.00000000000E+00 0.00000000000E+00 0.00000000000E+00 0.00000000000E+00 0.00000000000E+00 0.00000000000E+00 0.00000000000E+00 
1.00000000000E+00 1.50000000000E+00 2.00000000000E+00 1.58014211010E+05 6.67463485895E+02 1.77031290087E+05 7.47470000096E+02 1.42767357500E+05 6.03268390352E+02 1.37678160171E+05 5.82882595212E+02 1.76419053780E+05 7.44839528757E+02 1.54240815332E+05 6.52693189993E+02 1.59391575336E+05 6.73164397932E+02 
2.00000000000E+00 2.50000000000E+00 3.00000000000E+00 7.93853173460E+04 3.77715326435E+02 8.89348987619E+04 4.22800577828E+02 7.17282115133E+04 3.41516237609E+02 6.93495398599E+04 3.31137591884E+02 8.84201043906E+04 4.20142356620E+02 7.76886188182E+04 3.70595678334E+02 7.98893750488E+04 3.79835837370E+02 
3.00000000000E+00 3.50000000000E+00 4.00000000000E+00 5.10322697618E+04 2.66506413315E+02 5.71725764474E+04 2.98443843762E+02 4.61090322911E+04 2.40878804247E+02 4.46532153012E+04 2.33290525853E+02 5.67540738822E+04 2.96638238829E+02 5.00238944833E+04 2.61229469098E+02 5.12774531720E+04 2.68101270048E+02 
4.00000000000E+00 4.50000000000E+00 5.00000000000E+00 3.62759780661E+04 2.09112907847E+02 4.06401378111E+04 2.34093063131E+02 3.27766980464E+04 1.89058201312E+02 3.18014964813E+04 1.83607835691E+02 4.02737702806E+04 2.32182924634E+02 3.56260001677E+04 2.05512956970E+02 3.63879610809E+04 2.09898166073E+02 
5.00000000000E+00 5.50000000000E+00 6.00000000000E+00 2.72924739685E+04 1.69105174311E+02 3.05763191790E+04 1.89411801293E+02 2.46594517983E+04 1.52816247645E+02 2.39634878381E+04 1.48263398181E+02 3.02566787622E+04 1.87893233713E+02 2.68458990566E+04 1.66061652712E+02 2.73371065367E+04 1.69790747602E+02 
6.00000000000E+00 6.50000000000E+00 7.00000000000E+00 2.20335710585E+04 1.46902176337E+02 2.46836818611E+04 1.64448218898E+02 1.99085444350E+04 1.32816928088E+02 1.93736446284E+04 1.29354209774E+02 2.43947313740E+04 1.62714399506E+02 2.17030480825E+04 1.44774015002E+02 2.20414800894E+04 1.47095426093E+02 
7.00000000000E+00 7.50000000000E+00 8.00000000000E+00 1.77070773465E+04 1.26384535619E+02 1.98365555590E+04 1.41530834123E+02 1.59994638892E+04 1.14230764820E+02 1.55940872609E+04 1.11151379689E+02 1.95768466781E+04 1.40042160473E+02 1.74689128355E+04 1.24464183237E+02 1.76885725216E+04 1.26570099733E+02 
8.00000000000E+00 8.50000000000E+00 9.00000000000E+00 1.46771029594E+04 1.10380889657E+02 1.64424101493E+04 1.23632637026E+02 1.32615357400E+04 9.97504345756E+01 1.29405004687E+04 9.70639289740E+01 1.62097057041E+04 1.22293381737E+02 1.44965422728E+04 1.08713600182E+02 1.46460724013E+04 1.10513538669E+02 
9.00000000000E+00 9.50000000000E+00 1.00000000000E+01 1.24570940237E+04 9.90150966740E+01 1.39554891131E+04 1.10904865382E+02 1.12555755947E+04 8.94776040873E+01 1.09984779686E+04 8.71677979781E+01 1.37401220728E+04 1.09581803663E+02 1.23210796580E+04 9.76318219975E+01 1.24146322370E+04 9.90244877277E+01 
1.00000000000E+01 1.05000000000E+01 1.10000000000E+01 1.06878121878E+04 9.00192725854E+01 1.19733535316E+04 1.00827547306E+02 9.65696832811E+03 8.13492235230E+01 9.44768753154E+03 7.93479562837E+01 1.17754763170E+04 9.95068586348E+01 1.05837841907E+04 8.88721313611E+01 1.06395484402E+04 8.99212199765E+01 
1.10000000000E+01 1.15000000000E+01 1.20000000000E+01 9.41489330081E+03 8.26878324944E+01 1.05474160591E+04 9.26153345027E+01 8.50676501494E+03 7.47241738579E+01 8.33311846801E+03 7.29841727518E+01 1.03612702196E+04 9.12960520097E+01 9.33526119853E+03 8.17440200147E+01 9.36169936738E+03 8.25016857296E+01 
1.20000000000E+01 1.25000000000E+01 1.30000000000E+01 8.37379687540E+03 7.69150736076E+01 9.38099102065E+03 8.61451953987E+01 7.56614571695E+03 6.95102880288E+01 7.41786659646E+03 6.79282116618E+01 9.20850234328E+03 8.48769053116E+01 8.30988540256E+03 7.60769672881E+01 8.32022164431E+03 7.67038315205E+01 
1.30000000000E+01 1.35000000000E+01 1.40000000000E+01 7.32588753409E+03 7.05067561716E+01 8.20679833642E+03 7.89749889825E+01 6.61946025146E+03 6.37141690693E+01 6.49736537803E+03 6.23235751930E+01 8.04742447851E+03 7.77355198921E+01 7.27847403613E+03 6.98070434269E+01 7.27130988806E+03 7.02452695625E+01 
1.40000000000E+01 1.45000000000E+01 1.50000000000E+01 6.66439675767E+03 6.63843495294E+01 7.46573990730E+03 7.43446129210E+01 6.02177995859E+03 5.99976395375E+01 5.92034071878E+03 5.88232755546E+01 7.31042123926E+03 7.30521116024E+01 6.63202622528E+03 6.58714767771E+01 6.60539331532E+03 6.60207317346E+01 
1.50000000000E+01 1.55000000000E+01 1.60000000000E+01 5.75276044030E+03 6.03058266782E+01 6.44441060202E+03 6.75443086015E+01 5.19808897547E+03 5.44990813835E+01 5.11732551880E+03 5.34577594069E+01 6.30265624405E+03 6.63239416768E+01 5.73245224312E+03 5.98716272411E+01 5.69488725704E+03 5.99361233267E+01 
1.60000000000E+01 1.65000000000E+01 1.70000000000E+01 5.37298525664E+03 5.79618691467E+01 6.01908754707E+03 6.49245962648E+01 4.85485884623E+03 5.23772120815E+01 4.78280400084E+03 5.14150150894E+01 5.88280545059E+03 6.37038365809E+01 5.35782356924E+03 5.75890468390E+01 5.31544612418E+03 5.75645705542E+01 
1.70000000000E+01 1.75000000000E+01 1.80000000000E+01 4.81649210715E+03 5.42998036674E+01 5.39553805673E+03 6.08171676178E+01 4.35211913019E+03 4.90715686488E+01 4.29234047562E+03 4.82014853874E+01 5.26837597384E+03 5.96428044236E+01 4.80826195361E+03 5.39841335055E+01 4.76036800213E+03 5.38984622834E+01 
1.80000000000E+01 1.85000000000E+01 1.90000000000E+01 4.45833071223E+03 5.14614685262E+01 4.99431903550E+03 5.76359362976E+01 4.02848519061E+03 4.65080858887E+01 3.97916230018E+03 4.57804411046E+01 4.87007690155E+03 5.64201590550E+01 4.45745982188E+03 5.12701345378E+01 4.40048213597E+03 5.09876600922E+01 
1.90000000000E+01 1.95000000000E+01 2.00000000000E+01 4.11218361274E+03 4.93209785732E+01 4.60651297946E+03 5.52416225642E+01 3.71573919441E+03 4.45714733093E+01 3.67057877918E+03 4.38370660512E+01 4.49110586736E+03 5.40957387403E+01 4.11174441715E+03 4.90977426326E+01 4.05808364937E+03 4.88854396209E+01 
2.00000000000E+01 2.05000000000E+01 2.10000000000E+01 3.70146903715E+03 4.62577420314E+01 4.14648288187E+03 5.18032636189E+01 3.34458666319E+03 4.18083349961E+01 3.30853682358E+03 4.12117274506E+01 4.03754556817E+03 5.06384311003E+01 3.70623351050E+03 4.61491582084E+01 3.64821396156E+03 4.57657908137E+01 
2.10000000000E+01 2.15000000000E+01 2.20000000000E+01 3.33772418646E+03 4.26963632787E+01 3.73896571073E+03 4.78274383601E+01 3.01593652485E+03 3.85810878051E+01 2.98706952473E+03 3.80291609646E+01 3.63708206354E+03 4.67412822492E+01 3.34609301247E+03 4.25980486895E+01 3.28639456763E+03 4.22353437245E+01 
2.20000000000E+01 2.25000000000E+01 2.30000000000E+01 3.16768548396E+03 4.15062152784E+01 3.54855665452E+03 4.64949876946E+01 2.86224726187E+03 3.75051743240E+01 2.83708235754E+03 3.69955381414E+01 3.44921613502E+03 4.54026744510E+01 3.17814271316E+03 4.14411175705E+01 3.11659619686E+03 4.10253795506E+01 
2.30000000000E+01 2.35000000000E+01 2.40000000000E+01 2.93754945106E+03 3.98119764575E+01 3.29046722660E+03 4.45884995899E+01 2.65448278903E+03 3.59800854173E+01 2.63595743793E+03 3.55923262092E+01 3.19331106234E+03 4.34430047534E+01 2.95257817481E+03 3.98596059519E+01 2.88556046696E+03 3.92599018789E+01 
2.40000000000E+01 2.45000000000E+01 2.50000000000E+01 2.73727091982E+03 3.84373369855E+01 3.06633203594E+03 4.30499066416E+01 2.47337255204E+03 3.47370248573E+01 2.45700626105E+03 3.43659562681E+01 2.97483075006E+03 4.19372328970E+01 2.75231997291E+03 3.84880961900E+01 2.68799652188E+03 3.78988840451E+01 
2.50000000000E+01 2.55000000000E+01 2.60000000000E+01 2.48842402737E+03 3.65086485303E+01 2.78746975614E+03 4.08851290666E+01 2.24858081005E+03 3.29970605817E+01 2.23588766380E+03 3.26876918171E+01 2.70207647608E+03 3.97842299239E+01 2.50453969310E+03 3.66041642643E+01 2.44161414038E+03 3.59564417654E+01 
2.60000000000E+01 2.65000000000E+01 2.70000000000E+01 2.41633286055E+03 3.56253482796E+01 2.70674263881E+03 3.99043805387E+01 2.18341863753E+03 3.21931822732E+01 2.17394548070E+03 3.19286591534E+01 2.62075566912E+03 3.87889643190E+01 2.43518110427E+03 3.57618493942E+01 2.36811168099E+03 3.50509879945E+01 
2.70000000000E+01 2.75000000000E+01 2.80000000000E+01 2.18602585926E+03 3.34848265029E+01 2.44866009823E+03 3.75048127940E+01 1.97537256891E+03 3.02600557583E+01 1.96950752307E+03 3.00270603555E+01 2.36819781221E+03 3.64398886526E+01 2.20609418069E+03 3.36309318249E+01 2.13996957245E+03 3.29299436743E+01 
2.80000000000E+01 2.85000000000E+01 2.90000000000E+01 2.04222928228E+03 3.28827718027E+01 2.28754667184E+03 3.67933214197E+01 1.84546590893E+03 2.97419519595E+01 1.84042950263E+03 2.96351840607E+01 2.21157745449E+03 3.56553214311E+01 2.06144960211E+03 3.31483066670E+01 1.99846429767E+03 3.22434368729E+01 
2.90000000000E+01 2.95000000000E+01 3.00000000000E+01 1.98649279038E+03 3.21937632033E+01 2.22528810318E+03 3.60644422438E+01 1.79498206692E+03 2.90896961168E+01 1.79104755712E+03 2.88642083471E+01 2.15014082181E+03 3.50214319014E+01 2.00631541865E+03 3.23335417063E+01 1.94283400748E+03 3.16441036261E+01 
3.00000000000E+01 3.05000000000E+01 3.10000000000E+01 1.82388714490E+03 3.04546659678E+01 2.04305730942E+03 3.41136362586E+01 1.64810204629E+03 2.75199217579E+01 1.64728521260E+03 2.73662476390E+01 1.97143978906E+03 3.30711333254E+01 1.84520672465E+03 3.06533775319E+01 1.78141782637E+03 2.98837823770E+01 
3.10000000000E+01 3.15000000000E+01 3.20000000000E+01 1.67859595767E+03 2.90403241431E+01 1.88033264055E+03 3.25323726040E+01 1.51679843826E+03 2.62400012818E+01 1.51671460884E+03 2.60883814544E+01 1.81359984230E+03 3.15368667683E+01 1.69896699210E+03 2.92243707771E+01 1.63877259144E+03 2.84951614141E+01 
3.20000000000E+01 3.25000000000E+01 3.30000000000E+01 1.60440266377E+03 2.84492689335E+01 1.79716686630E+03 3.18629620655E+01 1.44979093361E+03 2.57106840119E+01 1.45245539027E+03 2.56457088097E+01 1.73066031242E+03 3.08133780127E+01 1.62694105912E+03 2.87215248265E+01 1.56386834911E+03 2.78463479797E+01 
3.30000000000E+01 3.35000000000E+01 3.40000000000E+01 1.46535750330E+03 2.66253195349E+01 1.64149322115E+03 2.98267874069E+01 1.32409655953E+03 2.40580275415E+01 1.32736567631E+03 2.39911956574E+01 1.57983579037E+03 2.88437573429E+01 1.48688958216E+03 2.68747782228E+01 1.42752437637E+03 2.60618675452E+01 
3.40000000000E+01 3.45000000000E+01 3.50000000000E+01 1.43399751468E+03 2.64059096599E+01 1.60634976725E+03 2.95796752901E+01 1.29576730657E+03 2.38605262444E+01 1.30055901793E+03 2.38430115673E+01 1.54422922035E+03 2.85499826939E+01 1.45685647786E+03 2.67082214067E+01 1.39536356325E+03 2.57976231884E+01 
3.50000000000E+01 3.55000000000E+01 3.60000000000E+01 1.33458715214E+03 2.58779320919E+01 1.49475326898E+03 2.89666828259E+01 1.20609527594E+03 2.33978523397E+01 1.21145997121E+03 2.34527246548E+01 1.43633493931E+03 2.79077719398E+01 1.35682068817E+03 2.62482929878E+01 1.29803035742E+03 2.52310886103E+01 
3.60000000000E+01 3.65000000000E+01 3.70000000000E+01 1.27479586347E+03 2.47972050211E+01 1.42794097509E+03 2.77732947090E+01 1.15195899436E+03 2.24097342613E+01 1.15813973444E+03 2.24157721076E+01 1.37080376019E+03 2.67852921362E+01 1.29725234907E+03 2.51050469915E+01 1.23870544158E+03 2.42058364898E+01 
3.70000000000E+01 3.75000000000E+01 3.80000000000E+01 1.18825577019E+03 2.39494279307E+01 1.33113733550E+03 2.68321266594E+01 1.07367188624E+03 2.16381594830E+01 1.07988218639E+03 2.16217991932E+01 1.27720042153E+03 2.58892679994E+01 1.20971752306E+03 2.42237213321E+01 1.15403089692E+03 2.33904278414E+01 
3.80000000000E+01 3.85000000000E+01 3.90000000000E+01 1.14048487286E+03 2.49542969477E+01 1.27758342278E+03 2.79545392116E+01 1.03053288942E+03 2.25482367415E+01 1.03755273242E+03 2.25871532709E+01 1.22484361194E+03 2.69193385644E+01 1.16226194864E+03 2.53022094720E+01 1.10674970805E+03 2.43234648404E+01 
3.90000000000E+01 3.95000000000E+01 4.00000000000E+01 1.07459968896E+03 2.30437025700E+01 1.20368680007E+03 2.58134187588E+01 9.71057784916E+02 2.08224293605E+01 9.78969559067E+02 2.08631727471E+01 1.15275103167E+03 2.48500636513E+01 1.09655529857E+03 2.33698947919E+01 1.04167111585E+03 2.24541306006E+01 
4.00000000000E+01 4.05000000000E+01 4.10000000000E+01 9.79126739874E+02 2.13638930212E+01 1.09674324115E+03 2.39283498092E+01 8.84786150625E+02 1.93067121203E+01 8.93181668107E+02 1.93814686200E+01 1.04923959598E+03 2.30038081457E+01 1.00046051407E+03 2.17072182596E+01 9.48135797503E+02 2.07882893475E+01 
4.10000000000E+01 4.15000000000E+01 4.20000000000E+01 9.57044265746E+02 2.18424179033E+01 1.07177937425E+03 2.44239826877E+01 8.64981138461E+02 1.97665932935E+01 8.74001625527E+02 1.99609403522E+01 1.02454653824E+03 2.33957774960E+01 9.78757128225E+02 2.23126757480E+01 9.25976246018E+02 2.11682030266E+01 
4.20000000000E+01 4.25000000000E+01 4.30000000000E+01 9.07461285956E+02 2.09334973927E+01 1.01647452734E+03 2.34522892985E+01 8.20021369928E+02 1.89139062246E+01 8.29146729647E+02 1.90305610251E+01 9.70867487002E+02 2.24903153866E+01 9.28741934501E+02 2.13197769269E+01 8.77312292616E+02 2.03201952905E+01 
4.30000000000E+01 4.35000000000E+01 4.40000000000E+01 8.67922544413E+02 2.06847392651E+01 9.72175915309E+02 2.31679553168E+01 7.84298801951E+02 1.86926842211E+01 7.93754898625E+02 1.88384428033E+01 9.27884882977E+02 2.21935911896E+01 8.89090322095E+02 2.10996548769E+01 8.38478749538E+02 2.00560203492E+01 
4.40000000000E+01 4.45000000000E+01 4.50000000000E+01 8.13688128088E+02 2.00189300857E+01 9.11495186420E+02 2.24271021350E+01 7.35246238156E+02 1.80878653035E+01 7.44654151074E+02 1.81915762986E+01 8.69348197568E+02 2.15124390912E+01 8.34153264091E+02 2.03794769789E+01 7.85535032098E+02 1.94370458416E+01 
4.50000000000E+01 4.55000000000E+01 4.60000000000E+01 7.76846652202E+02 1.99898004391E+01 8.70078041768E+02 2.23878305441E+01 7.02050552915E+02 1.80658454200E+01 7.11182522380E+02 1.81923150456E+01 8.29806069674E+02 2.14562709502E+01 7.96522159700E+02 2.03739050364E+01 7.49904577588E+02 1.93907226940E+01 
4.60000000000E+01 4.65000000000E+01 4.70000000000E+01 7.46851028259E+02 1.87798546095E+01 8.36590710228E+02 2.10348773058E+01 6.74872929625E+02 1.69709104813E+01 6.84600871324E+02 1.71257598586E+01 7.96861775511E+02 2.01270761823E+01 7.66854178691E+02 1.91818352555E+01 7.20060171103E+02 1.81881700440E+01 
4.70000000000E+01 4.75000000000E+01 4.80000000000E+01 7.02912410819E+02 1.79160900275E+01 7.87322148884E+02 2.00666950790E+01 6.35201156010E+02 1.61907974726E+01 6.44298479110E+02 1.63199611826E+01 7.50020290210E+02 1.92168694581E+01 7.21664054118E+02 1.82787725584E+01 6.77768106765E+02 1.73661967567E+01 
4.80000000000E+01 4.85000000000E+01 4.90000000000E+01 7.07130961922E+02 1.90578970087E+01 7.92020733562E+02 2.13457522027E+01 6.39030285066E+02 1.72225438359E+01 6.48864635240E+02 1.73846225255E+01 7.53764311881E+02 2.04116170024E+01 7.26754702332E+02 1.94713219991E+01 6.81169816201E+02 1.84457311337E+01 
4.90000000000E+01 4.95000000000E+01 5.00000000000E+01 6.54825505488E+02 1.80853090491E+01 7.33467134272E+02 2.02574854990E+01 5.91742466616E+02 1.63429157746E+01 6.01820197547E+02 1.65143966581E+01 6.97106413909E+02 1.93581575753E+01 6.74089533998E+02 1.84976716770E+01 6.29946504638E+02 1.74930069080E+01 
5.00000000000E+01 5.05000000000E+01 5.10000000000E+01 6.50203836195E+02 1.90025127057E+01 7.28276857799E+02 2.12829671707E+01 5.87575851573E+02 1.71730590038E+01 5.97939598497E+02 1.73692886347E+01 6.91765253673E+02 2.03167598493E+01 6.69728439132E+02 1.94530733533E+01 6.25129212205E+02 1.83603900551E+01 
5.10000000000E+01 5.15000000000E+01 5.20000000000E+01 6.05957909661E+02 1.76733410289E+01 6.78686887350E+02 1.97935127833E+01 5.47610862805E+02 1.59722899785E+01 5.57998582200E+02 1.61836716838E+01 6.43937626073E+02 1.88670119834E+01 6.24966352390E+02 1.81247708683E+01 5.81930838939E+02 1.70508672451E+01 
5.20000000000E+01 5.25000000000E+01 5.30000000000E+01 5.61195890609E+02 1.61419688920E+01 6.28607251555E+02 1.80821329948E+01 5.07124048412E+02 1.45859490404E+01 5.16560126719E+02 1.47516339644E+01 5.96570111713E+02 1.72621676180E+01 5.78602705531E+02 1.65242958943E+01 5.39085915150E+02 1.55979346895E+01 
5.30000000000E+01 5.35000000000E+01 5.40000000000E+01 5.45087421323E+02 1.71343796423E+01 6.10468916162E+02 1.91645793977E+01 4.92630436240E+02 1.55021657944E+01 5.03029239034E+02 1.57913130761E+01 5.78216349235E+02 1.82085498921E+01 5.63354351833E+02 1.76596439713E+01 5.22564781204E+02 1.64725316164E+01 
5.40000000000E+01 5.45000000000E+01 5.50000000000E+01 4.98193756825E+02 1.57277554709E+01 5.57970112929E+02 1.76137317997E+01 4.50234984259E+02 1.42144637917E+01 4.60057744782E+02 1.44644094187E+01 5.28231781763E+02 1.67331782862E+01 5.15253516237E+02 1.61985867418E+01 4.77378729321E+02 1.51229721093E+01 
5.50000000000E+01 5.55000000000E+01 5.60000000000E+01 4.90128414425E+02 1.60882358473E+01 5.48950153356E+02 1.80191409016E+01 4.42937567292E+02 1.45391783415E+01 4.52688106229E+02 1.47716541195E+01 5.19550212075E+02 1.71343738731E+01 5.07013501678E+02 1.65443277304E+01 4.69524916185E+02 1.54844737466E+01 
5.60000000000E+01 5.65000000000E+01 5.70000000000E+01 4.75590977855E+02 1.65044231945E+01 5.32676681256E+02 1.84848929466E+01 4.29794796845E+02 1.49155593854E+01 4.39410821819E+02 1.51350615550E+01 5.03930284269E+02 1.75937304325E+01 4.92149044041E+02 1.69508873568E+01 4.55402600599E+02 1.58998215510E+01 
5.70000000000E+01 5.75000000000E+01 5.80000000000E+01 4.34661946755E+02 1.47172263827E+01 4.86841170160E+02 1.64846791469E+01 3.92802612818E+02 1.32994761886E+01 4.01851448924E+02 1.35005878724E+01 4.60426424393E+02 1.56899852115E+01 4.50086638231E+02 1.51216156405E+01 4.16082922441E+02 1.41783513060E+01 
5.80000000000E+01 5.85000000000E+01 5.90000000000E+01 4.43998726613E+02 1.45657779204E+01 4.97290507194E+02 1.63136081518E+01 4.01245804019E+02 1.31635657187E+01 4.11334565807E+02 1.34189020387E+01 4.69416331476E+02 1.54727944678E+01 4.60702421544E+02 1.50288451241E+01 4.24214181533E+02 1.39831195319E+01 
5.90000000000E+01 5.95000000000E+01 6.00000000000E+01 4.03006625055E+02 1.32527928383E+01 4.51393434125E+02 1.48440863119E+01 3.64190819628E+02 1.19762973722E+01 3.73468890707E+02 1.22128305156E+01 4.25972063290E+02 1.40759512365E+01 4.18305463673E+02 1.36790021542E+01 3.84942236213E+02 1.27200300124E+01 
6.00000000000E+01 6.05000000000E+01 6.10000000000E+01 4.16273229998E+02 1.43611757130E+01 4.66246108528E+02 1.60849725405E+01 3.76184214258E+02 1.29783154214E+01 3.85704731189E+02 1.32326305244E+01 4.40039281702E+02 1.52513037309E+01 4.32004039263E+02 1.48206318591E+01 3.97659366270E+02 1.37825463849E+01 
6.10000000000E+01 6.15000000000E+01 6.20000000000E+01 3.99129339013E+02 1.38568003972E+01 4.47055939859E+02 1.55200936694E+01 3.60683696983E+02 1.25224640649E+01 3.70741304272E+02 1.27934463241E+01 4.20995031746E+02 1.46892552673E+01 4.15255479292E+02 1.43288085609E+01 3.80441209574E+02 1.32745951076E+01 
6.20000000000E+01 6.25000000000E+01 6.30000000000E+01 3.67255358473E+02 1.36315633845E+01 4.11289394023E+02 1.52628853739E+01 3.31921593264E+02 1.23220633876E+01 3.41202583716E+02 1.26018493013E+01 3.87307733335E+02 1.44334068689E+01 3.82109113426E+02 1.41095703913E+01 3.50042638119E+02 1.30466665696E+01 
6.30000000000E+01 6.35000000000E+01 6.40000000000E+01 3.38401529644E+02 1.23295741275E+01 3.79081659458E+02 1.38122916196E+01 3.05776121510E+02 1.11405375172E+01 3.14356814103E+02 1.13896699745E+01 3.56861637144E+02 1.30634998509E+01 3.52143913165E+02 1.27591600005E+01 3.22455082930E+02 1.18035693466E+01 
6.40000000000E+01 6.45000000000E+01 6.50000000000E+01 3.41086632522E+02 1.32520115045E+01 3.82063586486E+02 1.48453206601E+01 3.08219302167E+02 1.19742685007E+01 3.17430287661E+02 1.22390114505E+01 3.59186717909E+02 1.40435876295E+01 3.55561320092E+02 1.37100650864E+01 3.24573105472E+02 1.26892630869E+01 
6.50000000000E+01 6.55000000000E+01 6.60000000000E+01 3.12628736591E+02 1.20639292362E+01 3.50140062156E+02 1.35085665162E+01 2.82533614987E+02 1.09045189731E+01 2.90913581830E+02 1.11611676588E+01 3.29298295137E+02 1.27696479537E+01 3.25816495970E+02 1.24972316781E+01 2.97596867893E+02 1.15421487286E+01 
6.60000000000E+01 6.65000000000E+01 6.70000000000E+01 3.26794997707E+02 1.38107864787E+01 3.66062514801E+02 1.54705548088E+01 2.95299807954E+02 1.24795874820E+01 3.03902254716E+02 1.27486834557E+01 3.44328823750E+02 1.46377983821E+01 3.40417222515E+02 1.42807312583E+01 3.11142894186E+02 1.32268409095E+01 
6.70000000000E+01 6.75000000000E+01 6.80000000000E+01 2.94167723121E+02 1.17462112098E+01 3.29459198709E+02 1.31559382004E+01 2.65852365365E+02 1.06152494937E+01 2.74364104306E+02 1.08806310129E+01 3.09218414383E+02 1.24164670812E+01 3.07277754439E+02 1.21863249171E+01 2.79453328557E+02 1.12208933913E+01 
6.80000000000E+01 6.85000000000E+01 6.90000000000E+01 2.89178280899E+02 1.26760837269E+01 3.23761459449E+02 1.41564254153E+01 2.61417298697E+02 1.14834759307E+01 2.69638713984E+02 1.18352039490E+01 3.04053989761E+02 1.33279622529E+01 3.01874923881E+02 1.32124807540E+01 2.74859449067E+02 1.20714115807E+01 
6.90000000000E+01 6.95000000000E+01 7.00000000000E+01 2.64063218268E+02 1.10901515653E+01 2.95771445010E+02 1.24213114735E+01 2.38627357785E+02 1.00222337511E+01 2.46370596133E+02 1.02987741831E+01 2.77452828643E+02 1.16951811587E+01 2.75952524499E+02 1.15348370063E+01 2.50726256769E+02 1.05689467593E+01 
7.00000000000E+01 7.05000000000E+01 7.10000000000E+01 2.41191447484E+02 9.86174940224E+00 2.70131277480E+02 1.10378609103E+01 2.17972980982E+02 8.91704737544E+00 2.25435290573E+02 9.18149453948E+00 2.53023827204E+02 1.03816720578E+01 2.52482109770E+02 1.02760209014E+01 2.28664995164E+02 9.38690601957E+00 
7.10000000000E+01 7.15000000000E+01 7.20000000000E+01 2.50128366963E+02 1.08761769669E+01 2.80179109977E+02 1.21850986001E+01 2.26024919390E+02 9.82668775966E+00 2.33785293596E+02 1.00873132506E+01 2.62409993250E+02 1.14830881089E+01 2.61869912834E+02 1.13010508223E+01 2.37121580631E+02 1.03749004356E+01 
7.20000000000E+01 7.25000000000E+01 7.30000000000E+01 2.31393249701E+02 1.00411368805E+01 2.59179672181E+02 1.12481373040E+01 2.09103578599E+02 9.07313265016E+00 2.16536001207E+02 9.35909341973E+00 2.42527348362E+02 1.05612067597E+01 2.42536504237E+02 1.04838889355E+01 2.19164186895E+02 9.54294391845E+00 
7.30000000000E+01 7.35000000000E+01 7.40000000000E+01 2.30471446731E+02 9.94355009469E+00 2.58126737561E+02 1.11369398329E+01 2.08283640178E+02 8.98614922701E+00 2.15825547535E+02 9.26710753755E+00 2.41404448542E+02 1.04571026638E+01 2.41721802995E+02 1.03791790187E+01 2.18163243309E+02 9.45018120516E+00 
7.40000000000E+01 7.45000000000E+01 7.50000000000E+01 2.15424193347E+02 8.81836414857E+00 2.41284063893E+02 9.87638796173E+00 1.94678482103E+02 7.96949651163E+00 2.01723990745E+02 8.22212002464E+00 2.25641508614E+02 9.27068992344E+00 2.25937666717E+02 9.20841689852E+00 2.03911017367E+02 8.37817360361E+00 
7.50000000000E+01 7.55000000000E+01 7.60000000000E+01 2.10881947466E+02 9.26389449676E+00 2.36151257406E+02 1.03704867008E+01 1.90603538574E+02 8.37543933604E+00 1.98041071338E+02 8.66562977229E+00 2.20361302178E+02 9.71580061692E+00 2.21766883542E+02 9.69990191403E+00 1.99168710286E+02 8.78353110900E+00 
7.60000000000E+01 7.65000000000E+01 7.70000000000E+01 2.10355214838E+02 1.06848437106E+01 2.35625896862E+02 1.19696165636E+01 1.90085233181E+02 9.65450934850E+00 1.97207681100E+02 9.94913145216E+00 2.20128210938E+02 1.12437292257E+01 2.20897649857E+02 1.11452908016E+01 1.98915827675E+02 1.01594188894E+01 
7.70000000000E+01 7.75000000000E+01 7.80000000000E+01 1.81481791226E+02 8.56557381383E+00 2.03284765069E+02 9.59579397164E+00 1.63993612995E+02 7.73942886683E+00 1.70311021862E+02 7.98396776683E+00 1.89729778582E+02 9.00684660305E+00 1.90770606111E+02 8.94416438134E+00 1.71446085354E+02 8.13810110312E+00 
7.80000000000E+01 7.85000000000E+01 7.90000000000E+01 2.02205795756E+02 1.00219201955E+01 2.26445612218E+02 1.12231797997E+01 1.82754739845E+02 9.05799233893E+00 1.89904691129E+02 9.33956167494E+00 2.11273006270E+02 1.05388016431E+01 2.12667650031E+02 1.04587377257E+01 1.90948508750E+02 9.52500208717E+00 
7.90000000000E+01 7.95000000000E+01 8.00000000000E+01 1.86366781395E+02 9.29129961628E+00 2.08748531081E+02 1.04066768967E+01 1.68413068593E+02 8.39651159067E+00 1.75003803148E+02 8.67580119757E+00 1.94720351506E+02 9.75188509802E+00 1.96019569768E+02 9.71719467409E+00 1.75961180366E+02 8.81268609829E+00 
8.00000000000E+01 8.05000000000E+01 8.10000000000E+01 1.75813133769E+02 8.31765584887E+00 1.96928564488E+02 9.31667476196E+00 1.58875375118E+02 7.51630175858E+00 1.65564396831E+02 7.78962905387E+00 1.83289895082E+02 8.71394287892E+00 1.85447746236E+02 8.72511827161E+00 1.65631216473E+02 7.87434604825E+00 
8.10000000000E+01 8.15000000000E+01 8.20000000000E+01 1.75307289361E+02 9.38593562428E+00 1.96319620117E+02 1.05084096731E+01 1.58445842298E+02 8.48478931403E+00 1.65392259487E+02 8.80022746205E+00 1.82453578037E+02 9.81916922713E+00 1.85213581464E+02 9.85233914131E+00 1.64903454085E+02 8.87625705709E+00 
8.20000000000E+01 8.25000000000E+01 8.30000000000E+01 1.62790268294E+02 8.12707869673E+00 1.82327339206E+02 9.10209188235E+00 1.47116616201E+02 7.34483157402E+00 1.53405142852E+02 7.60760354045E+00 1.69616221498E+02 8.51719030314E+00 1.71814093224E+02 8.52010117244E+00 1.53284445605E+02 7.69728938069E+00 
8.30000000000E+01 8.35000000000E+01 8.40000000000E+01 1.57192936849E+02 7.79925290352E+00 1.76065645192E+02 8.73594153535E+00 1.42053046939E+02 7.04789063924E+00 1.48318744521E+02 7.32538604460E+00 1.63594242983E+02 8.14849230503E+00 1.66125173491E+02 8.20500852286E+00 1.47837364527E+02 7.36339895056E+00 
8.40000000000E+01 8.45000000000E+01 8.50000000000E+01 1.57474898081E+02 7.60210597939E+00 1.76388608420E+02 8.51673359714E+00 1.42303368892E+02 6.86870654956E+00 1.48563943908E+02 7.13818813172E+00 1.63903759888E+02 7.94392139211E+00 1.66406105737E+02 7.99681227688E+00 1.48112187493E+02 7.17744316348E+00 
8.50000000000E+01 8.55000000000E+01 8.60000000000E+01 1.42177525186E+02 7.99098505168E+00 1.59267084920E+02 8.95147035730E+00 1.28471363262E+02 7.22065532856E+00 1.34092497830E+02 7.48358979427E+00 1.48028170688E+02 8.36682886655E+00 1.50209711603E+02 8.38305317006E+00 1.33757739174E+02 7.56024930413E+00 
8.60000000000E+01 8.65000000000E+01 8.70000000000E+01 1.28971759053E+02 7.25275827676E+00 1.44463971636E+02 8.12434535255E+00 1.16545343888E+02 6.55372839020E+00 1.21674082600E+02 6.79904277738E+00 1.34203808149E+02 7.58424598155E+00 1.36287845995E+02 7.61593255548E+00 1.21272340197E+02 6.85317727885E+00 
8.70000000000E+01 8.75000000000E+01 8.80000000000E+01 1.38235255913E+02 8.69569284277E+00 1.54835814738E+02 9.73946497730E+00 1.24918692990E+02 7.85831509668E+00 1.30857670958E+02 8.18163631419E+00 1.43453080330E+02 9.06917045934E+00 1.46571081352E+02 9.16349987089E+00 1.29633217469E+02 8.19569199581E+00 
8.80000000000E+01 8.85000000000E+01 8.90000000000E+01 1.38364524002E+02 9.31853165580E+00 1.54968678218E+02 1.04348705176E+01 1.25043570066E+02 8.42260884099E+00 1.30794489657E+02 8.76111791871E+00 1.43764299798E+02 9.72386981835E+00 1.46488934677E+02 9.81056596489E+00 1.29922842675E+02 8.78891272141E+00 
8.90000000000E+01 8.95000000000E+01 9.00000000000E+01 1.23143148705E+02 7.09698623617E+00 1.37929078783E+02 7.94809354451E+00 1.11281803183E+02 6.41404697050E+00 1.16610368854E+02 6.68874170300E+00 1.27777895403E+02 7.39331268014E+00 1.30611506044E+02 7.49080147228E+00 1.15469912997E+02 6.68180626380E+00 
9.00000000000E+01 9.05000000000E+01 9.10000000000E+01 1.23623969830E+02 7.05811610639E+00 1.38482868838E+02 7.90858497354E+00 1.11707088140E+02 6.37646146400E+00 1.17036238264E+02 6.63795533310E+00 1.28284559805E+02 7.36506401595E+00 1.31101751803E+02 7.43740315470E+00 1.15917603760E+02 6.65355721826E+00 
9.10000000000E+01 9.15000000000E+01 9.20000000000E+01 1.19346405779E+02 6.95198404784E+00 1.33668617054E+02 7.78607075658E+00 1.07855957574E+02 6.28278993051E+00 1.13371503393E+02 6.57149732210E+00 1.23490431912E+02 7.22390251225E+00 1.26976081469E+02 7.35983226623E+00 1.11600686895E+02 6.52847569802E+00 
9.20000000000E+01 9.25000000000E+01 9.30000000000E+01 1.25002782524E+02 8.13025853384E+00 1.40015647235E+02 9.10667078846E+00 1.12960278590E+02 7.34709070130E+00 1.18540402116E+02 7.67972853181E+00 1.29518132648E+02 8.44804272947E+00 1.32776262433E+02 8.60207687050E+00 1.17040206019E+02 7.63430850667E+00 
9.30000000000E+01 9.35000000000E+01 9.40000000000E+01 1.11386924462E+02 7.07632064978E+00 1.24756280151E+02 7.92708336947E+00 1.00661261206E+02 6.39403763411E+00 1.05665675376E+02 6.68656292596E+00 1.15399865523E+02 7.35689498149E+00 1.18348510705E+02 7.49058398320E+00 1.04287942741E+02 6.64762697288E+00 
9.40000000000E+01 9.45000000000E+01 9.50000000000E+01 1.12184175903E+02 7.60378584864E+00 1.25640280599E+02 8.51591300753E+00 1.01387643995E+02 6.87194244324E+00 1.06188494683E+02 7.14549777304E+00 1.16436906097E+02 7.93802511003E+00 1.18924661259E+02 8.00260682080E+00 1.05230698566E+02 7.17399164098E+00 
9.50000000000E+01 9.55000000000E+01 9.60000000000E+01 9.97598388305E+01 6.44999615813E+00 1.11750905589E+02 7.22561904473E+00 9.01428085622E+01 5.82798581640E+00 9.49688687506E+01 6.10741286524E+00 1.03017216756E+02 6.68939426959E+00 1.06382647800E+02 6.84157358541E+00 9.30854316514E+01 6.04415145417E+00 
9.60000000000E+01 9.65000000000E+01 9.70000000000E+01 9.45345137535E+01 5.76798874939E+00 1.05873825583E+02 6.45952552061E+00 8.54363039917E+01 5.21307891935E+00 9.01524618853E+01 5.48512759049E+00 9.74908300055E+01 5.96290305597E+00 1.00965064814E+02 6.14259729557E+00 8.81075260015E+01 5.38916175008E+00 
9.70000000000E+01 9.75000000000E+01 9.80000000000E+01 1.02552068505E+02 7.06725096633E+00 1.14869043333E+02 7.91606396593E+00 9.26719314544E+01 6.38637165047E+00 9.76051698081E+01 6.68957810952E+00 1.05914106252E+02 7.33056829291E+00 1.09327699111E+02 7.49300106676E+00 9.57099177082E+01 6.62430519239E+00 
9.80000000000E+01 9.85000000000E+01 9.90000000000E+01 8.46106408191E+01 6.06498694743E+00 9.47756087372E+01 6.79345042337E+00 7.64572657478E+01 5.48065856579E+00 8.04073107234E+01 5.71356395454E+00 8.74978430042E+01 6.31610695401E+00 9.00669981388E+01 6.39980433155E+00 7.90661106296E+01 5.70757829936E+00 
9.90000000000E+01 9.95000000000E+01 1.00000000000E+02 9.53792950942E+01 6.45857806665E+00 1.06801200511E+02 7.22572025919E+00 8.62121698531E+01 5.84197274771E+00 9.10067134160E+01 6.14705236086E+00 9.83181867591E+01 6.67275591556E+00 1.01904166490E+02 6.87688174092E+00 8.88681608264E+01 6.03553203612E+00 
#nx: 3
