#labels: ptz__3p0__3p25_lower[1] ptz__3p0__3p25_center[2] ptz__3p0__3p25_upper[3] tot_scale01[4] tot_scale01_Err[5] tot_scale02[6] tot_scale02_Err[7] tot_scale03[8] tot_scale03_Err[9] tot_scale04[10] tot_scale04_Err[11] tot_scale05[12] tot_scale05_Err[13] tot_scale06[14] tot_scale06_Err[15] tot_scale07[16] tot_scale07_Err[17]
#neval: 21524000
#overflow:lower center upper 2.33706170885E+02 5.66531720475E+00 2.09471015815E+02 5.10080012711E+00 2.60706807594E+02 6.28479208948E+00 2.11570560679E+02 5.12851086763E+00 2.31387649658E+02 5.63476434186E+00 2.61167648652E+02 6.33137595254E+00 2.33294939918E+02 5.62372804827E+00 
0.00000000000E+00 5.00000000000E-01 1.00000000000E+00 0.00000000000E+00 0.00000000000E+00 0.00000000000E+00 0.00000000000E+00 0.00000000000E+00 0.00000000000E+00 0.00000000000E+00 0.00000000000E+00 0.00000000000E+00 0.00000000000E+00 0.00000000000E+00 0.00000000000E+00 0.00000000000E+00 0.00000000000E+00 
1.00000000000E+00 1.50000000000E+00 2.00000000000E+00 2.31838813249E+04 1.33966785789E+02 2.27616502241E+04 1.30837255532E+02 2.33930817854E+04 1.36113913188E+02 2.09871467021E+04 1.21292119747E+02 2.51443173927E+04 1.44512260416E+02 2.59094501442E+04 1.49687488425E+02 2.09324711070E+04 1.21822475509E+02 
2.00000000000E+00 2.50000000000E+00 3.00000000000E+00 1.16299914278E+04 7.61838003282E+01 1.14046057391E+04 7.45197059477E+01 1.17470624880E+04 7.71872693729E+01 1.05281005145E+04 6.89747546249E+01 1.25983264369E+04 8.23099074776E+01 1.29971225840E+04 8.51258349248E+01 1.05115418051E+04 6.90812829882E+01 
3.00000000000E+00 3.50000000000E+00 4.00000000000E+00 7.34705027323E+03 5.40607878960E+01 7.19722871678E+03 5.29116698867E+01 7.42835067952E+03 5.46929949014E+01 6.65098349489E+03 4.89431586872E+01 7.95052089725E+03 5.84453659149E+01 8.21065727921E+03 6.04092617670E+01 6.64710165586E+03 4.89467321746E+01 
4.00000000000E+00 4.50000000000E+00 5.00000000000E+00 5.27226749975E+03 4.31895797895E+01 5.16089658121E+03 4.22691375540E+01 5.33358784437E+03 4.36752206059E+01 4.77274871803E+03 3.91009641732E+01 5.70108116681E+03 4.66899926917E+01 5.89202712084E+03 4.82616198535E+01 4.77262184321E+03 3.90864232832E+01 
5.00000000000E+00 5.50000000000E+00 6.00000000000E+00 4.01334650938E+03 3.58600439143E+01 3.92296490797E+03 3.50556932889E+01 4.06641111906E+03 3.63032343104E+01 3.63315719774E+03 3.24647750524E+01 4.33351117417E+03 3.87226369361E+01 4.48503145441E+03 4.00720237398E+01 3.63879077663E+03 3.24883319993E+01 
6.00000000000E+00 6.50000000000E+00 7.00000000000E+00 3.16229885170E+03 3.11399243788E+01 3.08999156003E+03 3.04459642930E+01 3.20465999250E+03 3.15064582302E+01 2.86266096733E+03 2.81905046271E+01 3.41344725292E+03 3.36318611227E+01 3.53407093854E+03 3.47991526629E+01 2.86757084175E+03 2.81941445689E+01 
7.00000000000E+00 7.50000000000E+00 8.00000000000E+00 2.54412081687E+03 2.71160636921E+01 2.48469307001E+03 2.65149956713E+01 2.57925873690E+03 2.74229650859E+01 2.30308013383E+03 2.45479156710E+01 2.74475952210E+03 2.92894722868E+01 2.84317998033E+03 3.03021916361E+01 2.30798377818E+03 2.45402850918E+01 
8.00000000000E+00 8.50000000000E+00 9.00000000000E+00 2.07741890157E+03 2.41414307894E+01 2.02633190710E+03 2.35737659215E+01 2.10889443670E+03 2.44511653760E+01 1.88063017502E+03 2.18555930295E+01 2.23838231870E+03 2.60398286665E+01 2.32156494644E+03 2.69771694230E+01 1.88713376916E+03 2.18816375953E+01 
9.00000000000E+00 9.50000000000E+00 1.00000000000E+01 1.81174370205E+03 2.23665062271E+01 1.76569067454E+03 2.18343840252E+01 1.84054998626E+03 2.26519262393E+01 1.64010469890E+03 2.02472792160E+01 1.95048633420E+03 2.41202296904E+01 2.02469272722E+03 2.49960381884E+01 1.64698662793E+03 2.02696551526E+01 
1.00000000000E+01 1.05000000000E+01 1.10000000000E+01 1.52484065152E+03 2.02970487562E+01 1.48463456130E+03 1.97933871643E+01 1.55065869345E+03 2.05748118477E+01 1.38041289519E+03 1.83756226584E+01 1.63997702981E+03 2.18634571481E+01 1.70401905088E+03 2.26805731764E+01 1.38761964259E+03 1.84130994842E+01 
1.10000000000E+01 1.15000000000E+01 1.20000000000E+01 1.30592342323E+03 1.83001560811E+01 1.27094593345E+03 1.78359516089E+01 1.32871884206E+03 1.85643696249E+01 1.18218888626E+03 1.65670473203E+01 1.40397861643E+03 1.97020767027E+01 1.45944295857E+03 2.04502832450E+01 1.18896120291E+03 1.66128947964E+01 
1.20000000000E+01 1.25000000000E+01 1.30000000000E+01 1.15923715147E+03 1.72000026126E+01 1.12756463885E+03 1.67729419786E+01 1.18000329005E+03 1.74305424311E+01 1.04941703966E+03 1.55696055013E+01 1.24557206286E+03 1.85298396288E+01 1.29548789790E+03 1.92232281434E+01 1.05591054962E+03 1.55966269365E+01 
1.30000000000E+01 1.35000000000E+01 1.40000000000E+01 1.04978386398E+03 1.63864649332E+01 1.01976101105E+03 1.59502778482E+01 1.06996560155E+03 1.66399792198E+01 9.50342170876E+02 1.48335895829E+01 1.12647362273E+03 1.76204055592E+01 1.17315430936E+03 1.83133051223E+01 9.57455938135E+02 1.48896544476E+01 
1.40000000000E+01 1.45000000000E+01 1.50000000000E+01 8.98507475989E+02 1.49174583551E+01 8.72206497087E+02 1.45136499770E+01 9.16565511614E+02 1.51546915284E+01 8.13404983649E+02 1.35049540381E+01 9.63467307213E+02 1.60320238685E+01 1.00408633484E+03 1.66697982880E+01 8.20197530826E+02 1.35620913777E+01 
1.50000000000E+01 1.55000000000E+01 1.60000000000E+01 8.40916239665E+02 1.44723759975E+01 8.15936439244E+02 1.40745043115E+01 8.58011557328E+02 1.47039671715E+01 7.61253274226E+02 1.31011537594E+01 9.01327219288E+02 1.55478471226E+01 9.39751558770E+02 1.61737337669E+01 7.67780287656E+02 1.31575542104E+01 
1.60000000000E+01 1.65000000000E+01 1.70000000000E+01 7.27316983762E+02 1.31286462056E+01 7.04656207495E+02 1.27543112452E+01 7.43518862160E+02 1.33572943558E+01 6.58419816169E+02 1.18848027721E+01 7.78396268033E+02 1.40894035117E+01 8.12793852890E+02 1.46719389853E+01 6.65333505941E+02 1.19526134255E+01 
1.70000000000E+01 1.75000000000E+01 1.80000000000E+01 6.70311280646E+02 1.28701393549E+01 6.49552271050E+02 1.25030006791E+01 6.84856437541E+02 1.30897828613E+01 6.06810756423E+02 1.16502550720E+01 7.17529897487E+02 1.38123997489E+01 7.49094081297E+02 1.43838724883E+01 6.12835396869E+02 1.17125401608E+01 
1.80000000000E+01 1.85000000000E+01 1.90000000000E+01 5.98383866439E+02 1.21516953119E+01 5.79222178443E+02 1.18031547420E+01 6.12160391168E+02 1.23620950714E+01 5.41686558544E+02 1.09987436129E+01 6.39853531450E+02 1.30409150451E+01 6.68729880374E+02 1.35828178245E+01 5.47772150343E+02 1.10602259993E+01 
1.90000000000E+01 1.95000000000E+01 2.00000000000E+01 5.63424237601E+02 1.17752225760E+01 5.45338457051E+02 1.14321998432E+01 5.76365125611E+02 1.19825941389E+01 5.10013004762E+02 1.06579855473E+01 6.02454022110E+02 1.26309552496E+01 6.29702475349E+02 1.31620293528E+01 5.15707428640E+02 1.07205287189E+01 
2.00000000000E+01 2.05000000000E+01 2.10000000000E+01 4.92702616981E+02 1.07716341465E+01 4.76110169323E+02 1.04316369882E+01 5.05060577429E+02 1.09970247227E+01 4.46026001758E+02 9.75127630738E+00 5.25938179939E+02 1.15233493312E+01 5.50613078317E+02 1.20375891258E+01 4.51945239807E+02 9.84072155825E+00 
2.10000000000E+01 2.15000000000E+01 2.20000000000E+01 4.58362819741E+02 1.04417471627E+01 4.42589240608E+02 1.01055214077E+01 4.70174801051E+02 1.06648914537E+01 4.14952464251E+02 9.45380992108E+00 4.88893271110E+02 1.11617102549E+01 5.12216783531E+02 1.16671165894E+01 4.20744315468E+02 9.54497925581E+00 
2.20000000000E+01 2.25000000000E+01 2.30000000000E+01 4.16758991609E+02 1.01663996175E+01 4.02517270273E+02 9.86558818346E+00 4.27235201115E+02 1.03458645268E+01 3.77246899303E+02 9.20012998685E+00 4.44679578505E+02 1.09021686042E+01 4.65790122048E+02 1.13663213298E+01 3.82267338083E+02 9.25422868548E+00 
2.30000000000E+01 2.35000000000E+01 2.40000000000E+01 3.80868767690E+02 9.67236395325E+00 3.67611713579E+02 9.37335984239E+00 3.90744833512E+02 9.85922631345E+00 3.44780852637E+02 8.75498303754E+00 4.06091966951E+02 1.03557800071E+01 4.25644194941E+02 1.08109432963E+01 3.49644270866E+02 8.82120052864E+00 
2.40000000000E+01 2.45000000000E+01 2.50000000000E+01 3.64739178018E+02 9.50391958682E+00 3.51494914141E+02 9.18760837661E+00 3.74830397693E+02 9.71592740654E+00 3.30179879651E+02 8.60315704066E+00 3.88287163433E+02 1.01496862358E+01 4.07617792485E+02 1.06216521409E+01 3.35403472870E+02 8.69367214134E+00 
2.50000000000E+01 2.55000000000E+01 2.60000000000E+01 3.39106464232E+02 9.03859164719E+00 3.26722563378E+02 8.73498262145E+00 3.48568789619E+02 9.24382743012E+00 3.06976934377E+02 8.18262018667E+00 3.60921505236E+02 9.64892578967E+00 3.78970668331E+02 1.01005484575E+01 3.11906408444E+02 8.27220691194E+00 
2.60000000000E+01 2.65000000000E+01 2.70000000000E+01 3.26180062304E+02 9.00227535202E+00 3.14028251267E+02 8.70830652655E+00 3.35544163963E+02 9.19391939623E+00 2.95258738647E+02 8.14744333960E+00 3.46918049394E+02 9.62229022889E+00 3.64550106229E+02 1.00635644531E+01 3.00230974907E+02 8.22474355350E+00 
2.70000000000E+01 2.75000000000E+01 2.80000000000E+01 2.94537647413E+02 8.52748492829E+00 2.83384857986E+02 8.22861909805E+00 3.03171465956E+02 8.73334211365E+00 2.66634402140E+02 7.71945535401E+00 3.13042426456E+02 9.09003058779E+00 3.29156294151E+02 9.53006502281E+00 2.71287668523E+02 7.81469571751E+00 
2.80000000000E+01 2.85000000000E+01 2.90000000000E+01 2.72015830556E+02 8.12523874796E+00 2.61217931476E+02 7.82738029650E+00 2.80656473617E+02 8.33889232674E+00 2.46253046642E+02 7.35509920470E+00 2.88548246172E+02 8.64718988136E+00 3.03976903096E+02 9.08091244940E+00 2.51150043091E+02 7.46160496066E+00 
2.90000000000E+01 2.95000000000E+01 3.00000000000E+01 2.58164620351E+02 8.00912086817E+00 2.47750061742E+02 7.71043368863E+00 2.66510302596E+02 8.22627006573E+00 2.33709380135E+02 7.24991480421E+00 2.73676455409E+02 8.51805650557E+00 2.88505256750E+02 8.95125230186E+00 2.38485456855E+02 7.36070634659E+00 
3.00000000000E+01 3.05000000000E+01 3.10000000000E+01 2.56796445467E+02 8.03946939315E+00 2.46525285622E+02 7.74894681967E+00 2.64946050520E+02 8.24407618043E+00 2.32460888691E+02 7.27718235077E+00 2.72334975066E+02 8.56082373732E+00 2.86991594971E+02 8.98547141960E+00 2.37072861945E+02 7.37636291099E+00 
3.10000000000E+01 3.15000000000E+01 3.20000000000E+01 2.41481035567E+02 7.91395679149E+00 2.31597000426E+02 7.61189188544E+00 2.49431286258E+02 8.13802107523E+00 2.18588127812E+02 7.16221250912E+00 2.55854291101E+02 8.41105899156E+00 2.69888907562E+02 8.84734189483E+00 2.23179511158E+02 7.27978988888E+00 
3.20000000000E+01 3.25000000000E+01 3.30000000000E+01 2.25000229220E+02 7.48723310596E+00 2.15257827075E+02 7.18339834174E+00 2.33044130870E+02 7.71993716342E+00 2.03694643879E+02 6.77826062238E+00 2.37774000130E+02 7.93483249401E+00 2.51430135139E+02 8.36674117843E+00 2.08548510999E+02 6.90853864797E+00 
3.30000000000E+01 3.35000000000E+01 3.40000000000E+01 1.89798623256E+02 6.71187063345E+00 1.81610521425E+02 6.43781351263E+00 1.96577931360E+02 6.92336496364E+00 1.71820487736E+02 6.07623951235E+00 2.00613714617E+02 7.11131523871E+00 2.12102638869E+02 7.50041812107E+00 1.75907413621E+02 6.19554559967E+00 
3.40000000000E+01 3.45000000000E+01 3.50000000000E+01 1.85835796171E+02 6.71093099145E+00 1.77619852094E+02 6.43215705361E+00 1.92744867019E+02 6.92768499050E+00 1.68237918618E+02 6.07486311556E+00 1.96200391036E+02 7.10577915649E+00 2.07667305516E+02 7.50029089420E+00 1.72483951002E+02 6.19879405356E+00 
3.50000000000E+01 3.55000000000E+01 3.60000000000E+01 1.78346468867E+02 6.65993326533E+00 1.70392369906E+02 6.37689951647E+00 1.85004663285E+02 6.88147761687E+00 1.61471730031E+02 6.03029463049E+00 1.88200040625E+02 7.04279545076E+00 1.99275417159E+02 7.44070007875E+00 1.65575401982E+02 6.15948359989E+00 
3.60000000000E+01 3.65000000000E+01 3.70000000000E+01 1.78357417639E+02 6.82038380904E+00 1.70442960925E+02 6.54310854946E+00 1.84937259834E+02 7.03197761246E+00 1.61458522428E+02 6.17407163088E+00 1.88283560868E+02 7.22825233451E+00 1.99324165449E+02 7.62236539920E+00 1.65485708623E+02 6.29237746158E+00 
3.70000000000E+01 3.75000000000E+01 3.80000000000E+01 1.56973182539E+02 6.34794699719E+00 1.49676062810E+02 6.07276337022E+00 1.63151479451E+02 6.56302884698E+00 1.42100665825E+02 5.74600138102E+00 1.65342101863E+02 6.70899005313E+00 1.75425499675E+02 7.09496472184E+00 1.45991187604E+02 5.87209212170E+00 
3.80000000000E+01 3.85000000000E+01 3.90000000000E+01 1.52101856155E+02 6.18271397564E+00 1.45091582464E+02 5.91473148363E+00 1.58021434958E+02 6.39385595306E+00 1.37705631252E+02 5.59749904616E+00 1.60260532710E+02 6.53315713659E+00 1.69958239128E+02 6.90860037300E+00 1.41419975340E+02 5.72211721345E+00 
3.90000000000E+01 3.95000000000E+01 4.00000000000E+01 1.31421766155E+02 5.60721886861E+00 1.25134208278E+02 5.35575396486E+00 1.36871199568E+02 5.81040226704E+00 1.18981137906E+02 5.07668540759E+00 1.38218599489E+02 5.91549063365E+00 1.46853308055E+02 6.26524218914E+00 1.22489165698E+02 5.20020423342E+00 
4.00000000000E+01 4.05000000000E+01 4.10000000000E+01 1.29862969877E+02 5.60690354466E+00 1.23720523257E+02 5.36713922673E+00 1.35107785729E+02 5.79260510585E+00 1.17561541945E+02 5.07528538436E+00 1.36667261866E+02 5.92946420779E+00 1.45124815535E+02 6.26665661009E+00 1.20900538358E+02 5.18294032257E+00 
4.10000000000E+01 4.15000000000E+01 4.20000000000E+01 1.27503315993E+02 5.69861695533E+00 1.21218443380E+02 5.43562607244E+00 1.32975862298E+02 5.91242065671E+00 1.15427329896E+02 5.15899191297E+00 1.33901112575E+02 6.00426041640E+00 1.42485009265E+02 6.36809461008E+00 1.18995164085E+02 5.29095297785E+00 
4.20000000000E+01 4.25000000000E+01 4.30000000000E+01 1.10495883143E+02 5.14045530733E+00 1.05309366601E+02 4.91866199713E+00 1.14919848049E+02 5.31308446871E+00 1.00033975967E+02 4.65400372726E+00 1.16323341053E+02 5.43280037221E+00 1.23473643937E+02 5.74381683511E+00 1.02841640394E+02 4.75500334714E+00 
4.30000000000E+01 4.35000000000E+01 4.40000000000E+01 1.13643775508E+02 5.21867259499E+00 1.07964875035E+02 4.97095447207E+00 1.18637743218E+02 5.42460424296E+00 1.02874565895E+02 4.72396768853E+00 1.19267477242E+02 5.49156999104E+00 1.27005858497E+02 5.83256640576E+00 1.06156821745E+02 4.85371786298E+00 
4.40000000000E+01 4.45000000000E+01 4.50000000000E+01 1.01808215716E+02 4.96139667910E+00 9.66679123436E+01 4.73084353949E+00 1.06331966961E+02 5.14926249311E+00 9.21716812110E+01 4.49184599025E+00 1.06775016341E+02 5.22543466493E+00 1.13761321162E+02 5.54381788937E+00 9.51601449013E+01 4.60836766702E+00 
4.50000000000E+01 4.55000000000E+01 4.60000000000E+01 1.02492241123E+02 5.04274937011E+00 9.73624575400E+01 4.81254067416E+00 1.06973648768E+02 5.22736450265E+00 9.27741203988E+01 4.56339875604E+00 1.07562006890E+02 5.31818625349E+00 1.14552084092E+02 5.63804173096E+00 9.57128453329E+01 4.67561594990E+00 
4.60000000000E+01 4.65000000000E+01 4.70000000000E+01 9.08334099801E+01 4.70356918281E+00 8.61229693058E+01 4.47269152830E+00 9.50364205146E+01 4.89817839581E+00 8.22377176229E+01 4.25886898299E+00 9.51252388450E+01 4.93978904207E+00 1.01495078356E+02 5.25505552199E+00 8.50538873935E+01 4.38424648671E+00 
4.70000000000E+01 4.75000000000E+01 4.80000000000E+01 8.87260129010E+01 4.54173938150E+00 8.41208957449E+01 4.32326925490E+00 9.28115988283E+01 4.72239981703E+00 8.03267962067E+01 4.11167418207E+00 9.29172210350E+01 4.77553174295E+00 9.91444850937E+01 5.07525115203E+00 8.30591534640E+01 4.22607335249E+00 
4.80000000000E+01 4.85000000000E+01 4.90000000000E+01 8.52960952156E+01 4.62874712822E+00 8.07732659980E+01 4.40207461506E+00 8.93458293715E+01 4.81715342421E+00 7.72039601521E+01 4.18770050577E+00 8.92402645471E+01 4.86589442745E+00 9.53397897811E+01 5.17685160473E+00 7.99346953884E+01 4.30741601361E+00 
4.90000000000E+01 4.95000000000E+01 5.00000000000E+01 7.84760933933E+01 4.20921097394E+00 7.41972601813E+01 3.98883237123E+00 8.23605534979E+01 4.39998045872E+00 7.10407675008E+01 3.81032704807E+00 8.19632077370E+01 4.40641687511E+00 8.77012565824E+01 4.70414952509E+00 7.36975911286E+01 3.93707249360E+00 
5.00000000000E+01 5.05000000000E+01 5.10000000000E+01 8.05972204781E+01 4.37860590466E+00 7.62591227968E+01 4.15654106783E+00 8.44821916246E+01 4.56742596565E+00 7.29682414419E+01 3.96418978557E+00 8.42325073509E+01 4.59111404040E+00 9.00602543707E+01 4.89264848812E+00 7.56057638639E+01 4.08762074418E+00 
5.10000000000E+01 5.15000000000E+01 5.20000000000E+01 7.71611822720E+01 4.31716493886E+00 7.29333449669E+01 4.09207600665E+00 8.09947866461E+01 4.51189955027E+00 6.98595965409E+01 3.90896395647E+00 8.05563325165E+01 4.51941116628E+00 8.62172404788E+01 4.82336423180E+00 7.24874808795E+01 4.03840537454E+00 
5.20000000000E+01 5.25000000000E+01 5.30000000000E+01 6.40717969707E+01 3.94236240918E+00 6.05047467165E+01 3.73511170650E+00 6.73134730202E+01 4.12013048485E+00 5.80026715374E+01 3.56849301707E+00 6.68359184931E+01 4.12649250667E+00 7.16013896110E+01 4.40636397378E+00 6.02351667129E+01 3.68635143035E+00 
5.30000000000E+01 5.35000000000E+01 5.40000000000E+01 6.49779336319E+01 3.95492247860E+00 6.12810073539E+01 3.75582053677E+00 6.83838042380E+01 4.12418142262E+00 5.88199950103E+01 3.57856410914E+00 6.76971386016E+01 4.15104314098E+00 7.26185628771E+01 4.42245513343E+00 6.11895196268E+01 3.68847986850E+00 
5.40000000000E+01 5.45000000000E+01 5.50000000000E+01 6.17472167218E+01 3.78251710103E+00 5.82156488552E+01 3.57768908060E+00 6.49904041130E+01 3.96225172159E+00 5.58958012821E+01 3.42412062194E+00 6.43103145871E+01 3.95221142572E+00 6.90075253559E+01 4.22719940133E+00 5.81533231249E+01 3.54551589929E+00 
5.50000000000E+01 5.55000000000E+01 5.60000000000E+01 6.06084146354E+01 3.78628901139E+00 5.71189903696E+01 3.58152884650E+00 6.38352064373E+01 3.96565209971E+00 5.48663021384E+01 3.42733242761E+00 6.30971620791E+01 3.95669528154E+00 6.77326189684E+01 4.23173442984E+00 5.71213869240E+01 3.54830003999E+00 
5.60000000000E+01 5.65000000000E+01 5.70000000000E+01 6.04569478521E+01 3.85659757412E+00 5.69021226159E+01 3.64654464870E+00 6.37508113006E+01 4.03988236136E+00 5.47249787636E+01 3.49037706495E+00 6.28625748061E+01 4.02924017778E+00 6.75698846447E+01 4.31125574475E+00 5.70405548346E+01 3.61397228131E+00 
5.70000000000E+01 5.75000000000E+01 5.80000000000E+01 5.30163382204E+01 3.57379233301E+00 4.99237887657E+01 3.37712215342E+00 5.58758771021E+01 3.74649918507E+00 4.79875622345E+01 3.23358465257E+00 5.51559322905E+01 3.73255148155E+00 5.92573999107E+01 3.99645104914E+00 4.99916490480E+01 3.35044678681E+00 
5.80000000000E+01 5.85000000000E+01 5.90000000000E+01 5.29883375259E+01 3.47376606968E+00 4.98114680673E+01 3.27532369536E+00 5.59643003408E+01 3.65185192475E+00 4.79695701495E+01 3.14474001082E+00 5.50230909904E+01 3.61802999543E+00 5.92144583476E+01 3.88194874373E+00 5.00801431664E+01 3.26788904572E+00 
5.90000000000E+01 5.95000000000E+01 6.00000000000E+01 4.87983514998E+01 3.30569911499E+00 4.57572629492E+01 3.11297988305E+00 5.17054439503E+01 3.48086196888E+00 4.41825617909E+01 2.99332950883E+00 5.05377244678E+01 3.43786393833E+00 5.45227159092E+01 3.69299610410E+00 4.62770762307E+01 3.11584942589E+00 
6.00000000000E+01 6.05000000000E+01 6.10000000000E+01 4.91287685714E+01 3.32585284609E+00 4.61477723468E+01 3.14020543956E+00 5.19237265158E+01 3.48970803970E+00 4.44747584967E+01 3.01055515315E+00 5.09770034070E+01 3.46910847578E+00 5.49027024400E+01 3.71710701807E+00 4.64633047013E+01 3.12242635833E+00 
6.10000000000E+01 6.15000000000E+01 6.20000000000E+01 4.47757587168E+01 3.23331210775E+00 4.19436087426E+01 3.03469416960E+00 4.74835464383E+01 3.41844191144E+00 4.05401253217E+01 2.92764278928E+00 4.63259046562E+01 3.35153827734E+00 5.00288306515E+01 3.61235994005E+00 4.24977645715E+01 3.05973557109E+00 
6.20000000000E+01 6.25000000000E+01 6.30000000000E+01 3.88180936970E+01 2.86294830078E+00 3.63134618830E+01 2.68440058571E+00 4.12284407316E+01 3.02909287569E+00 3.51473905566E+01 2.59231667496E+00 4.01060348374E+01 2.96466362196E+00 4.33701278453E+01 3.19853695707E+00 3.69013247789E+01 2.71130940268E+00 
6.30000000000E+01 6.35000000000E+01 6.40000000000E+01 4.49131487201E+01 3.23079169354E+00 4.21109438169E+01 3.03946563624E+00 4.75581026225E+01 3.40416443121E+00 4.06648384127E+01 2.92527031016E+00 4.65104008922E+01 3.35692469975E+00 5.01816215338E+01 3.60965080208E+00 4.25651628701E+01 3.04688711832E+00 
6.40000000000E+01 6.45000000000E+01 6.50000000000E+01 4.44911459346E+01 3.23997113020E+00 4.16593112999E+01 3.04385649338E+00 4.71814583457E+01 3.41882430107E+00 4.02823480310E+01 2.93374603367E+00 4.60120724948E+01 3.36159661066E+00 4.97109757416E+01 3.61968984608E+00 4.22273921702E+01 3.06021111729E+00 
6.50000000000E+01 6.55000000000E+01 6.60000000000E+01 3.79813457794E+01 3.26603349826E+00 3.55458974629E+01 3.09157799974E+00 4.03153612346E+01 3.41611928454E+00 3.43744505408E+01 2.95201248167E+00 3.92763545197E+01 3.42080648126E+00 4.24593674116E+01 3.65726118131E+00 3.60643961944E+01 3.05119400855E+00 
6.60000000000E+01 6.65000000000E+01 6.70000000000E+01 4.21365864788E+01 3.19497335107E+00 3.93591499476E+01 2.98514884577E+00 4.48132509192E+01 3.39522772612E+00 3.81421309626E+01 2.89196060419E+00 4.34811888862E+01 3.29795573260E+00 4.70932640913E+01 3.57103149402E+00 4.00967351314E+01 3.03772060582E+00 
6.70000000000E+01 6.75000000000E+01 6.80000000000E+01 3.53491466924E+01 2.82624236453E+00 3.29978464496E+01 2.64370055712E+00 3.76309647706E+01 3.00079153031E+00 3.20029882226E+01 2.55887451269E+00 3.64481120929E+01 2.91993091895E+00 3.94997294497E+01 3.15783674583E+00 3.36768764337E+01 2.68568527015E+00 
6.80000000000E+01 6.85000000000E+01 6.90000000000E+01 2.90177911912E+01 2.45298458816E+00 2.70568881274E+01 2.29602294411E+00 3.09320836226E+01 2.59944613675E+00 2.62699772664E+01 2.22062048786E+00 2.98871186774E+01 2.53629343641E+00 3.24265659845E+01 2.74127373563E+00 2.76805770209E+01 2.32609970767E+00 
6.90000000000E+01 6.95000000000E+01 7.00000000000E+01 3.10626754871E+01 2.79015789480E+00 2.89895815817E+01 2.61900816315E+00 3.30734057653E+01 2.94917970347E+00 2.81143386668E+01 2.52342049416E+00 3.20300248751E+01 2.89603605655E+00 3.47225587163E+01 3.12195259300E+00 2.95878190960E+01 2.63601438765E+00 
7.00000000000E+01 7.05000000000E+01 7.10000000000E+01 3.37995556594E+01 2.83798198504E+00 3.14920550236E+01 2.64285095581E+00 3.60434668155E+01 3.02650094208E+00 3.05959038014E+01 2.56821671217E+00 3.47894605125E+01 2.92037975425E+00 3.77748558775E+01 3.17301094711E+00 3.22503011208E+01 2.70684506374E+00 
7.10000000000E+01 7.15000000000E+01 7.20000000000E+01 2.57419103664E+01 2.21232878893E+00 2.39469762996E+01 2.06259398902E+00 2.75118359192E+01 2.35700387040E+00 2.33035763649E+01 2.00283163345E+00 2.64527020190E+01 2.27835206755E+00 2.87668430602E+01 2.47220474886E+00 2.46189802009E+01 2.10925144103E+00 
7.20000000000E+01 7.25000000000E+01 7.30000000000E+01 3.17721864984E+01 2.65009690446E+00 2.95569714259E+01 2.46991357190E+00 3.39484558306E+01 2.82352432503E+00 2.87661576695E+01 2.39968821263E+00 3.26458108484E+01 2.72768446552E+00 3.55004822113E+01 2.96057944595E+00 3.03834103520E+01 2.52746670494E+00 
7.30000000000E+01 7.35000000000E+01 7.40000000000E+01 2.69309255176E+01 2.30781930561E+00 2.50680308580E+01 2.15580573359E+00 2.87609371612E+01 2.45192551058E+00 2.43800497917E+01 2.08920884072E+00 2.76910163294E+01 2.38140554772E+00 3.00955944257E+01 2.57904351176E+00 2.57367960646E+01 2.19409997457E+00 
7.40000000000E+01 7.45000000000E+01 7.50000000000E+01 2.35874600490E+01 2.15990206112E+00 2.18152491922E+01 1.99772180462E+00 2.53843031791E+01 2.32412980509E+00 2.13532805280E+01 1.95508795192E+00 2.40979965551E+01 2.20708231736E+00 2.63592455424E+01 2.41409079036E+00 2.27153837560E+01 2.07953065555E+00 
7.50000000000E+01 7.55000000000E+01 7.60000000000E+01 2.16921301067E+01 1.90863988460E+00 2.00362628567E+01 1.76778692215E+00 2.33854806273E+01 2.04993556601E+00 1.96363580195E+01 1.72756223222E+00 2.21339996732E+01 1.95310386135E+00 2.42429420356E+01 2.13339332856E+00 2.09250462446E+01 1.83401023100E+00 
7.60000000000E+01 7.65000000000E+01 7.70000000000E+01 2.46008798529E+01 2.17539431129E+00 2.28620393174E+01 2.02982621262E+00 2.63162986418E+01 2.31407759236E+00 2.22729623595E+01 1.96952265233E+00 2.52516010508E+01 2.24201339124E+00 2.74881946031E+01 2.43074644886E+00 2.35521865866E+01 2.07099944718E+00 
7.70000000000E+01 7.75000000000E+01 7.80000000000E+01 2.43733189546E+01 2.23093150230E+00 2.25786399198E+01 2.07340935469E+00 2.61765880722E+01 2.38520636248E+00 2.20710302090E+01 2.02042201871E+00 2.49338923361E+01 2.28944768535E+00 2.72275623465E+01 2.49184220322E+00 2.34325234513E+01 2.13547081955E+00 
7.80000000000E+01 7.85000000000E+01 7.90000000000E+01 1.97257472242E+01 1.96404248982E+00 1.83001450283E+01 1.83029809316E+00 2.11484914124E+01 2.09250523852E+00 1.78596446525E+01 1.77823235998E+00 2.02123294254E+01 2.02155693315E+00 2.20400555451E+01 2.19448099886E+00 1.89278844847E+01 1.87278747079E+00 
7.90000000000E+01 7.95000000000E+01 8.00000000000E+01 2.08633085869E+01 2.03142176656E+00 1.92920404907E+01 1.88239156802E+00 2.24478703180E+01 2.17882687029E+00 1.88897879599E+01 1.83928045926E+00 2.13075765149E+01 2.07903533699E+00 2.33107195313E+01 2.26969257173E+00 2.00910363124E+01 1.95009336409E+00 
8.00000000000E+01 8.05000000000E+01 8.10000000000E+01 1.84189705023E+01 1.88808952495E+00 1.70856664591E+01 1.75682903499E+00 1.97464931551E+01 2.01467675551E+00 1.66751073442E+01 1.70931729616E+00 1.88725018447E+01 1.94057615507E+00 2.05821340749E+01 2.10984829829E+00 1.76712100816E+01 1.80292968898E+00 
8.10000000000E+01 8.15000000000E+01 8.20000000000E+01 1.93846224221E+01 2.03156958069E+00 1.79351111866E+01 1.88852788056E+00 2.08498025069E+01 2.17152822504E+00 1.75533873218E+01 1.83988194147E+00 1.98061819248E+01 2.08528355507E+00 2.16549129566E+01 2.26914382032E+00 1.86639476058E+01 1.94417565106E+00 
8.20000000000E+01 8.25000000000E+01 8.30000000000E+01 1.69901161594E+01 1.78290115351E+00 1.57115221555E+01 1.65408999994E+00 1.82798752007E+01 1.90905682532E+00 1.53821841573E+01 1.61430859909E+00 1.73539246531E+01 1.82684094038E+00 1.89844532518E+01 1.99196274716E+00 1.63596238705E+01 1.70870295523E+00 
8.30000000000E+01 8.35000000000E+01 8.40000000000E+01 1.59642248412E+01 1.73466246163E+00 1.47560728312E+01 1.61025576797E+00 1.71837352662E+01 1.85596276735E+00 1.44476353829E+01 1.56915587760E+00 1.63052226972E+01 1.78017039951E+00 1.78471836979E+01 1.94040600637E+00 1.53710592169E+01 1.65928140338E+00 
8.40000000000E+01 8.45000000000E+01 8.50000000000E+01 1.62179863768E+01 1.70335130487E+00 1.49599197641E+01 1.57572700309E+00 1.75030145857E+01 1.83058453962E+00 1.46823617216E+01 1.54217112716E+00 1.65246219557E+01 1.74042661988E+00 1.81229680478E+01 1.90326977121E+00 1.56632689281E+01 1.63831847101E+00 
8.50000000000E+01 8.55000000000E+01 8.60000000000E+01 1.74373235093E+01 1.95044596335E+00 1.61178268919E+01 1.80761955544E+00 1.87633158288E+01 2.09092805348E+00 1.57853554617E+01 1.76575596153E+00 1.78046147229E+01 1.99669654378E+00 1.94869124640E+01 2.17956563540E+00 1.67898686381E+01 1.87113794780E+00 
8.60000000000E+01 8.65000000000E+01 8.70000000000E+01 1.60159045943E+01 1.76306124784E+00 1.47757781026E+01 1.62909643864E+00 1.72770984018E+01 1.89763953901E+00 1.44970127525E+01 1.59568992402E+00 1.63239432877E+01 1.79999218270E+00 1.79009238976E+01 1.97084132015E+00 1.54578779205E+01 1.69760780049E+00 
8.70000000000E+01 8.75000000000E+01 8.80000000000E+01 1.38739368094E+01 1.60549586999E+00 1.28138623873E+01 1.48624186557E+00 1.49480328886E+01 1.72321752401E+00 1.25610915510E+01 1.45364691492E+00 1.41531605218E+01 1.64150188973E+00 1.55022423825E+01 1.79380593579E+00 1.33779881085E+01 1.54232659736E+00 
8.80000000000E+01 8.85000000000E+01 8.90000000000E+01 1.57608043681E+01 1.79502357141E+00 1.45005020654E+01 1.65511365110E+00 1.70531924292E+01 1.93614874287E+00 1.42705998941E+01 1.62556576927E+00 1.60147752385E+01 1.82766393909E+00 1.76087191179E+01 2.00508000056E+00 1.52636692725E+01 1.73333334305E+00 
8.90000000000E+01 8.95000000000E+01 9.00000000000E+01 1.41563771189E+01 1.54510626143E+00 1.30136626509E+01 1.42367425163E+00 1.53388362449E+01 1.66841882492E+00 1.28141832737E+01 1.39852963068E+00 1.43769149807E+01 1.57294031657E+00 1.58220080812E+01 1.72704228769E+00 1.37243126105E+01 1.49273623992E+00 
9.00000000000E+01 9.05000000000E+01 9.10000000000E+01 1.35787694633E+01 1.71216634584E+00 1.25227429922E+01 1.58290952865E+00 1.46469383495E+01 1.84010971311E+00 1.22912273085E+01 1.55006650026E+00 1.38346512610E+01 1.74849348775E+00 1.51766705932E+01 1.91330205795E+00 1.31049930306E+01 1.64674710720E+00 
9.10000000000E+01 9.15000000000E+01 9.20000000000E+01 9.76994794261E+00 1.31160470198E+00 8.92909690451E+00 1.19996473984E+00 1.06544577115E+01 1.42784141082E+00 8.84525798430E+00 1.18749394602E+00 9.86260079691E+00 1.32539082906E+00 1.09168974647E+01 1.46554099609E+00 9.53515637854E+00 1.27788312077E+00 
9.20000000000E+01 9.25000000000E+01 9.30000000000E+01 1.10553928140E+01 1.45202781159E+00 1.01344704731E+01 1.33041482711E+00 1.20197425477E+01 1.57941170648E+00 1.00095540392E+01 1.31475032378E+00 1.11933880846E+01 1.46934211188E+00 1.23524375685E+01 1.62225263417E+00 1.07576696247E+01 1.41370350074E+00 
9.30000000000E+01 9.35000000000E+01 9.40000000000E+01 9.28162465838E+00 1.30944334029E+00 8.51099541412E+00 1.20352435713E+00 1.00826646307E+01 1.41699709956E+00 8.40173175077E+00 1.18516755736E+00 9.40237991380E+00 1.32973511060E+00 1.03734780609E+01 1.46370449125E+00 9.02150177250E+00 1.26767533367E+00 
9.40000000000E+01 9.45000000000E+01 9.50000000000E+01 8.44323068582E+00 1.16217691245E+00 7.71646365077E+00 1.06650121787E+00 9.21304092304E+00 1.26053524234E+00 7.64379452658E+00 1.05213464933E+00 8.52350869349E+00 1.17804762766E+00 9.43490207230E+00 1.29867947023E+00 8.24470670826E+00 1.12804481441E+00 
9.50000000000E+01 9.55000000000E+01 9.60000000000E+01 1.28605363279E+01 1.52130385027E+00 1.17842367930E+01 1.39564787739E+00 1.39805106351E+01 1.65040789480E+00 1.16427989754E+01 1.37729743632E+00 1.30167907269E+01 1.54157688535E+00 1.43711038226E+01 1.69992264524E+00 1.25110319678E+01 1.47699736997E+00 
9.60000000000E+01 9.65000000000E+01 9.70000000000E+01 1.06083756386E+01 1.42550497106E+00 9.71632801868E+00 1.30702156846E+00 1.15395849327E+01 1.54788479424E+00 9.60438871706E+00 1.29064034274E+00 1.07320081325E+01 1.44359462820E+00 1.18536375750E+01 1.59276241977E+00 1.03273086299E+01 1.38533619219E+00 
9.70000000000E+01 9.75000000000E+01 9.80000000000E+01 9.15828268195E+00 1.35242631225E+00 8.34182035377E+00 1.22689727642E+00 1.00282801808E+01 1.48754041025E+00 8.29088337664E+00 1.22438639876E+00 9.21454983164E+00 1.35518978112E+00 1.02344193739E+01 1.51126665693E+00 8.97383028896E+00 1.33117969446E+00 
9.80000000000E+01 9.85000000000E+01 9.90000000000E+01 1.10498288989E+01 1.45292056696E+00 1.00794950936E+01 1.32721216125E+00 1.20767036879E+01 1.58410358701E+00 1.00054517282E+01 1.31581649855E+00 1.11316388992E+01 1.46551492862E+00 1.23448094828E+01 1.62286638943E+00 1.08099060193E+01 1.41823298096E+00 
9.90000000000E+01 9.95000000000E+01 1.00000000000E+02 9.81724195341E+00 1.30629066171E+00 8.93517641027E+00 1.18818873118E+00 1.07553066822E+01 1.43127598053E+00 8.88697277163E+00 1.18253798539E+00 9.87054062807E+00 1.31255147072E+00 1.09714616030E+01 1.45982668301E+00 9.62390570016E+00 1.28077216834E+00 
#nx: 3
