#labels: ptz__-3p25__-3p0_lower[1] ptz__-3p25__-3p0_center[2] ptz__-3p25__-3p0_upper[3] tot_scale01[4] tot_scale01_Err[5] tot_scale02[6] tot_scale02_Err[7] tot_scale03[8] tot_scale03_Err[9] tot_scale04[10] tot_scale04_Err[11] tot_scale05[12] tot_scale05_Err[13] tot_scale06[14] tot_scale06_Err[15] tot_scale07[16] tot_scale07_Err[17]
#neval: 21524000
#overflow:lower center upper 2.30966048142E+02 4.57162488067E+00 2.06728537171E+02 4.10184335357E+00 2.58093899585E+02 5.09460677784E+00 2.09103024282E+02 4.13875677935E+00 2.28343902507E+02 4.53090879944E+00 2.58084994383E+02 5.10861898424E+00 2.30975018511E+02 4.55917498341E+00 
0.00000000000E+00 5.00000000000E-01 1.00000000000E+00 0.00000000000E+00 0.00000000000E+00 0.00000000000E+00 0.00000000000E+00 0.00000000000E+00 0.00000000000E+00 0.00000000000E+00 0.00000000000E+00 0.00000000000E+00 0.00000000000E+00 0.00000000000E+00 0.00000000000E+00 0.00000000000E+00 0.00000000000E+00 
1.00000000000E+00 1.50000000000E+00 2.00000000000E+00 2.30447278698E+04 1.45085657276E+02 2.26295381625E+04 1.42194720492E+02 2.32473767134E+04 1.46863928228E+02 2.08615481510E+04 1.31352201759E+02 2.49979186209E+04 1.57064716141E+02 2.57533534178E+04 1.62121864500E+02 2.08025475895E+04 1.31434731829E+02 
2.00000000000E+00 2.50000000000E+00 3.00000000000E+00 1.16429298422E+04 8.31027510303E+01 1.14190517781E+04 8.13620074245E+01 1.17588378374E+04 8.41977609926E+01 1.05396779080E+04 7.52333819538E+01 1.26144495442E+04 8.98741940165E+01 1.30117930554E+04 9.28656108296E+01 1.05219102575E+04 7.53483624971E+01 
3.00000000000E+00 3.50000000000E+00 4.00000000000E+00 7.36326159422E+03 5.84545571087E+01 7.21461728719E+03 5.71891691672E+01 7.44284199053E+03 5.92474890228E+01 6.66553424200E+03 5.29166816831E+01 7.96987585823E+03 6.31752047147E+01 8.22896734222E+03 6.53256512370E+01 6.65990944111E+03 5.30170680557E+01 
4.00000000000E+00 4.50000000000E+00 5.00000000000E+00 5.16123822753E+03 4.55809863057E+01 5.05234676551E+03 4.45819112198E+01 5.22127586301E+03 4.61968506614E+01 4.67223980529E+03 4.12650655656E+01 5.58116765686E+03 4.92456650555E+01 5.76794405708E+03 5.09352982840E+01 4.67212380172E+03 4.13418427790E+01 
5.00000000000E+00 5.50000000000E+00 6.00000000000E+00 3.94921311306E+03 3.78292580420E+01 3.86256329864E+03 3.69700150612E+01 3.99842305490E+03 3.83627046406E+01 3.57509613882E+03 3.42484452096E+01 4.26679161858E+03 4.08360423106E+01 4.41336550063E+03 4.22711584905E+01 3.57794778169E+03 3.43323678695E+01 
6.00000000000E+00 6.50000000000E+00 7.00000000000E+00 3.10537323767E+03 3.20687652365E+01 3.03418873153E+03 3.13313812488E+01 3.14718647592E+03 3.25196978017E+01 2.81112877930E+03 2.90305278049E+01 3.35180327732E+03 3.46109479843E+01 3.47045259747E+03 3.58384850993E+01 2.81614248804E+03 2.90997740753E+01 
7.00000000000E+00 7.50000000000E+00 8.00000000000E+00 2.55662125618E+03 2.82963406128E+01 2.49556134382E+03 2.76205174988E+01 2.59378673207E+03 2.87217240868E+01 2.31445068037E+03 2.56173719081E+01 2.75670273077E+03 3.05095474941E+01 2.85706616351E+03 3.16197014780E+01 2.32105466798E+03 2.57037142376E+01 
8.00000000000E+00 8.50000000000E+00 9.00000000000E+00 2.12502770072E+03 2.52356811629E+01 2.07290293956E+03 2.46300185788E+01 2.15685613651E+03 2.56053251745E+01 1.92369391213E+03 2.28450752040E+01 2.28986984583E+03 2.72079207077E+01 2.37482499753E+03 2.82018285791E+01 1.93000833118E+03 2.29129578442E+01 
9.00000000000E+00 9.50000000000E+00 1.00000000000E+01 1.77189386108E+03 2.22654018042E+01 1.72716512612E+03 2.17082285338E+01 1.79986116115E+03 2.26171217048E+01 1.60403612551E+03 2.01563813848E+01 1.90792154318E+03 2.39800062161E+01 1.98014937497E+03 2.48820430432E+01 1.61058447540E+03 2.02391529512E+01 
1.00000000000E+01 1.05000000000E+01 1.10000000000E+01 1.53049192542E+03 2.04908539860E+01 1.49046368486E+03 1.99616255971E+01 1.55616475087E+03 2.08307640679E+01 1.38550591491E+03 1.85500465059E+01 1.64644447633E+03 2.20505028661E+01 1.71037084854E+03 2.28987758638E+01 1.39251859075E+03 1.86408084040E+01 
1.10000000000E+01 1.15000000000E+01 1.20000000000E+01 1.34070725373E+03 1.87468891655E+01 1.30490422211E+03 1.82559788839E+01 1.36373886892E+03 1.90606161034E+01 1.21368301446E+03 1.69707591041E+01 1.44148621910E+03 2.01669927838E+01 1.49830605866E+03 2.09506208773E+01 1.22030836057E+03 1.70561787067E+01 
1.20000000000E+01 1.25000000000E+01 1.30000000000E+01 1.15918607571E+03 1.73373406183E+01 1.12744527235E+03 1.68749615312E+01 1.18001214323E+03 1.76361753288E+01 1.04934874446E+03 1.56941588172E+01 1.24546586668E+03 1.86421025427E+01 1.29546535668E+03 1.93763359890E+01 1.05588989000E+03 1.57807348178E+01 
1.30000000000E+01 1.35000000000E+01 1.40000000000E+01 9.97761143749E+02 1.57599414555E+01 9.69756874233E+02 1.53243891424E+01 1.01645082735E+03 1.60498436785E+01 9.03211648180E+02 1.42657102018E+01 1.07127945874E+03 1.69297990955E+01 1.11507503729E+03 1.76142912670E+01 9.09522454164E+02 1.43605838857E+01 
1.40000000000E+01 1.45000000000E+01 1.50000000000E+01 8.93381751841E+02 1.48534823396E+01 8.66784679050E+02 1.44091207295E+01 9.11968617178E+02 1.51704838104E+01 8.08782225528E+02 1.34476077259E+01 9.57457034914E+02 1.59157339573E+01 9.98330613208E+02 1.65973670486E+01 8.16105906000E+02 1.35767949744E+01 
1.50000000000E+01 1.55000000000E+01 1.60000000000E+01 8.09628935179E+02 1.41743984221E+01 7.85490666707E+02 1.37692593260E+01 8.26330386936E+02 1.44442048552E+01 7.32908776952E+02 1.28297806053E+01 8.67721025737E+02 1.52126695197E+01 9.04820066821E+02 1.58433318976E+01 7.39404856553E+02 1.29231065622E+01 
1.60000000000E+01 1.65000000000E+01 1.70000000000E+01 7.44161071971E+02 1.34152464395E+01 7.21536105725E+02 1.30186432266E+01 7.59901775371E+02 1.36854781464E+01 6.73665705369E+02 1.21441107759E+01 7.97045650751E+02 1.43815430287E+01 8.31621593343E+02 1.49924539356E+01 6.79990401134E+02 1.22460610601E+01 
1.70000000000E+01 1.75000000000E+01 1.80000000000E+01 6.81064262901E+02 1.26617951023E+01 6.59788280031E+02 1.22787888913E+01 6.96181474206E+02 1.29265435580E+01 6.16559893385E+02 1.14624604736E+01 7.28820432677E+02 1.35638750815E+01 7.61088396795E+02 1.41498324814E+01 6.22988849517E+02 1.15675782541E+01 
1.80000000000E+01 1.85000000000E+01 1.90000000000E+01 6.07795712223E+02 1.19344091530E+01 5.88081435382E+02 1.15577600640E+01 6.22079124004E+02 1.22008664957E+01 5.50223442679E+02 1.08039456295E+01 6.49618906109E+02 1.27673308850E+01 6.79222443746E+02 1.33369938201E+01 5.56666922177E+02 1.09180692222E+01 
1.90000000000E+01 1.95000000000E+01 2.00000000000E+01 5.61539774705E+02 1.14337343129E+01 5.43278001440E+02 1.10674191453E+01 5.74782971492E+02 1.16959617880E+01 5.08339381453E+02 1.03495235733E+01 6.00137628983E+02 1.22269332040E+01 6.27544981340E+02 1.27792939312E+01 5.14330893410E+02 1.04645948903E+01 
2.00000000000E+01 2.05000000000E+01 2.10000000000E+01 4.91406556571E+02 1.04715628971E+01 4.74969699855E+02 1.01347679335E+01 5.03497510551E+02 1.07114427033E+01 4.44864181532E+02 9.47941479602E+00 5.24664181453E+02 1.11956532325E+01 5.49146723407E+02 1.17025854653E+01 4.50560509187E+02 9.58487846721E+00 
2.10000000000E+01 2.15000000000E+01 2.20000000000E+01 4.88799453196E+02 1.05269577000E+01 4.72310429441E+02 1.01863689035E+01 5.00919072934E+02 1.07668855857E+01 4.42494743635E+02 9.52928549364E+00 5.21738843694E+02 1.12530584859E+01 5.46248129468E+02 1.17649521099E+01 4.48242542194E+02 9.63420947034E+00 
2.20000000000E+01 2.25000000000E+01 2.30000000000E+01 4.42897213407E+02 1.00856543002E+01 4.27600729382E+02 9.75168009344E+00 4.54234408834E+02 1.03234132108E+01 4.00940406994E+02 9.13017582468E+00 4.72351371500E+02 1.07724808214E+01 4.94952115569E+02 1.12712060382E+01 4.06467137746E+02 9.23791815897E+00 
2.30000000000E+01 2.35000000000E+01 2.40000000000E+01 3.89695926742E+02 9.16449483868E+00 3.75731551930E+02 8.84793971129E+00 4.00332643067E+02 9.39735518145E+00 3.52788594542E+02 8.29633078092E+00 4.15041590358E+02 9.77398408960E+00 4.35482423682E+02 1.02416396779E+01 3.58245179706E+02 8.40921059512E+00 
2.40000000000E+01 2.45000000000E+01 2.50000000000E+01 3.50810535522E+02 8.56481381098E+00 3.38094400032E+02 8.26686862326E+00 3.60501718411E+02 8.78255806906E+00 3.17598683602E+02 7.75398824075E+00 3.73451279421E+02 9.13143395104E+00 3.92008265406E+02 9.57064012269E+00 3.22617582467E+02 7.85969895078E+00 
2.50000000000E+01 2.55000000000E+01 2.60000000000E+01 3.34483356042E+02 8.32750973265E+00 3.22287282880E+02 8.03743780316E+00 3.43825249094E+02 8.54131500869E+00 3.02806050408E+02 7.53797959647E+00 3.56004838832E+02 8.87948017712E+00 3.73780826188E+02 9.30729977570E+00 3.07680253649E+02 7.64242269979E+00 
2.60000000000E+01 2.65000000000E+01 2.70000000000E+01 3.16409384469E+02 8.22031815198E+00 3.04490887906E+02 7.91757681641E+00 3.25713384948E+02 8.45028575549E+00 2.86428109646E+02 7.44061918441E+00 3.36364741987E+02 8.74739227628E+00 3.53608398213E+02 9.18803232595E+00 2.91451510402E+02 7.56046153618E+00 
2.70000000000E+01 2.75000000000E+01 2.80000000000E+01 2.94584250082E+02 7.88078709335E+00 2.83024649239E+02 7.57926025033E+00 3.03753104204E+02 8.11362518204E+00 2.66694428153E+02 7.13462333959E+00 3.12623471704E+02 8.37200787677E+00 3.29180556001E+02 8.80643542253E+00 2.71830915334E+02 7.26090739244E+00 
2.80000000000E+01 2.85000000000E+01 2.90000000000E+01 2.77303310837E+02 7.51219927020E+00 2.66384243472E+02 7.22426734864E+00 2.85989504172E+02 7.73615138501E+00 2.51039456642E+02 6.80033047437E+00 2.94254842304E+02 7.98061780143E+00 3.09885979502E+02 8.39548993304E+00 2.55921241896E+02 6.92236294099E+00 
2.90000000000E+01 2.95000000000E+01 3.00000000000E+01 2.47877043143E+02 7.04091896937E+00 2.37690259533E+02 6.75190832955E+00 2.56158303616E+02 7.27438879220E+00 2.24401000972E+02 6.37406435256E+00 2.62557745184E+02 7.45837258457E+00 2.77000647304E+02 7.86822279966E+00 2.29227665085E+02 6.50962876805E+00 
3.00000000000E+01 3.05000000000E+01 3.10000000000E+01 2.43420522953E+02 7.08416394210E+00 2.33499293045E+02 6.79896956777E+00 2.51431108485E+02 7.30992751302E+00 2.20352533873E+02 6.41200178221E+00 2.57944951680E+02 7.51180728584E+00 2.72042640761E+02 7.91847103407E+00 2.24979532105E+02 6.53989024487E+00 
3.10000000000E+01 3.15000000000E+01 3.20000000000E+01 2.27425553748E+02 6.76234005853E+00 2.18333624146E+02 6.50606027092E+00 2.34610634150E+02 6.95531260693E+00 2.05883461616E+02 6.12125559454E+00 2.41179896308E+02 7.18759095504E+00 2.54151043858E+02 7.55789089194E+00 2.09941951011E+02 6.22338044295E+00 
3.20000000000E+01 3.25000000000E+01 3.30000000000E+01 2.14125558013E+02 6.62024027779E+00 2.05191776236E+02 6.35147825727E+00 2.21400503672E+02 6.83279550417E+00 1.93849233161E+02 5.99303161856E+00 2.26655261176E+02 7.01626941819E+00 2.39278841158E+02 7.39844367618E+00 1.98127651932E+02 6.11417684051E+00 
3.30000000000E+01 3.35000000000E+01 3.40000000000E+01 1.87882513946E+02 6.19586654950E+00 1.79781788720E+02 5.93032504458E+00 1.94577188663E+02 6.41306837004E+00 1.70090142853E+02 5.60852976017E+00 1.98588961045E+02 6.55146616707E+00 2.09955037953E+02 6.92473242297E+00 1.74122777573E+02 5.73820350877E+00 
3.40000000000E+01 3.45000000000E+01 3.50000000000E+01 1.81177641466E+02 5.96695257475E+00 1.73353243152E+02 5.71310203902E+00 1.87633054152E+02 6.17258693316E+00 1.64018220892E+02 5.40132282456E+00 1.91490173480E+02 6.31146789401E+00 2.02465326232E+02 6.66885233903E+00 1.67906149145E+02 5.52303999837E+00 
3.50000000000E+01 3.55000000000E+01 3.60000000000E+01 1.73056027120E+02 5.78339850895E+00 1.65608634927E+02 5.54353204305E+00 1.79183181276E+02 5.97471694886E+00 1.56670218000E+02 5.23524724484E+00 1.82930191777E+02 6.12407337548E+00 1.93382459586E+02 6.46358540872E+00 1.60350455797E+02 5.34611795198E+00 
3.60000000000E+01 3.65000000000E+01 3.70000000000E+01 1.76581283345E+02 6.05449233365E+00 1.68640163223E+02 5.78948255539E+00 1.83249742209E+02 6.27144084944E+00 1.59847467847E+02 5.47994204040E+00 1.86295789492E+02 6.39664739897E+00 1.97344767181E+02 6.76771051459E+00 1.63971089686E+02 5.61073128212E+00 
3.70000000000E+01 3.75000000000E+01 3.80000000000E+01 1.61619185111E+02 5.65570638305E+00 1.54284141124E+02 5.40743257033E+00 1.67798275079E+02 5.85867034745E+00 1.46314991414E+02 5.11978736759E+00 1.70422989937E+02 5.97359143770E+00 1.80604767172E+02 6.32071057824E+00 1.50160449537E+02 5.24244391620E+00 
3.80000000000E+01 3.85000000000E+01 3.90000000000E+01 1.47993864066E+02 5.22622602935E+00 1.41070182025E+02 4.98698971807E+00 1.53930905426E+02 5.42869065528E+00 1.33976554211E+02 4.73055197405E+00 1.55830674087E+02 5.50972590308E+00 1.65383873283E+02 5.84142754434E+00 1.37746581840E+02 4.85721423343E+00 
3.90000000000E+01 3.95000000000E+01 4.00000000000E+01 1.39503258732E+02 5.10545375755E+00 1.33129952519E+02 4.87571395103E+00 1.44855394373E+02 5.29428478806E+00 1.26288761453E+02 4.62130550488E+00 1.47060951059E+02 5.38657872809E+00 1.55897791427E+02 5.70631536792E+00 1.29623053945E+02 4.73689929509E+00 
4.00000000000E+01 4.05000000000E+01 4.10000000000E+01 1.29415533329E+02 4.91007507233E+00 1.23253198520E+02 4.67729952463E+00 1.34701304520E+02 5.10718476908E+00 1.17146093655E+02 4.44373861493E+00 1.36162918406E+02 5.16823858757E+00 1.44640899660E+02 5.48906086692E+00 1.20523166625E+02 4.56860815167E+00 
4.10000000000E+01 4.15000000000E+01 4.20000000000E+01 1.33169116341E+02 4.94078389095E+00 1.26878079336E+02 4.70588984641E+00 1.38563062168E+02 5.14165949803E+00 1.20555210382E+02 4.47260514150E+00 1.40154252515E+02 5.19856622297E+00 1.48818246879E+02 5.52170071971E+00 1.23993259390E+02 4.60082422834E+00 
4.20000000000E+01 4.25000000000E+01 4.30000000000E+01 1.08295619577E+02 4.35366011771E+00 1.03021192173E+02 4.15155901584E+00 1.12894364378E+02 4.52381707486E+00 9.80340518865E+01 3.94029560952E+00 1.13805485592E+02 4.58720096177E+00 1.21027580787E+02 4.86684512480E+00 1.01019048610E+02 4.04696371262E+00 
4.30000000000E+01 4.35000000000E+01 4.40000000000E+01 1.10548445953E+02 4.40936695952E+00 1.05221324372E+02 4.20966480414E+00 1.15127125419E+02 4.57352606676E+00 1.00068580896E+02 3.99044154202E+00 1.16241928831E+02 4.65177814012E+00 1.23553122739E+02 4.92955912817E+00 1.03010932808E+02 4.09114241370E+00 
4.40000000000E+01 4.45000000000E+01 4.50000000000E+01 1.03962551081E+02 4.24663448887E+00 9.86715024446E+01 4.03009985766E+00 1.08644415413E+02 4.43744899332E+00 9.41202395490E+01 3.84467335881E+00 1.08990135533E+02 4.45147857502E+00 1.16171391955E+02 4.74522529221E+00 9.72271464935E+01 3.97123712593E+00 
4.50000000000E+01 4.55000000000E+01 4.60000000000E+01 1.10675329970E+02 4.50841478328E+00 1.05038007418E+02 4.28116880130E+00 1.15626822803E+02 4.70563688703E+00 1.00193544997E+02 4.08134373284E+00 1.16027182687E+02 4.72921314213E+00 1.23678738106E+02 5.03827031508E+00 1.03470806823E+02 4.21084707727E+00 
4.60000000000E+01 4.65000000000E+01 4.70000000000E+01 9.90215008734E+01 4.24971480194E+00 9.37877827741E+01 4.02424370485E+00 1.03696541991E+02 4.45075789453E+00 8.96463834124E+01 3.84716490945E+00 1.03596475701E+02 4.44538063427E+00 1.10650985443E+02 4.74913843079E+00 9.27986733327E+01 3.98279710549E+00 
4.70000000000E+01 4.75000000000E+01 4.80000000000E+01 8.39891841091E+01 3.92155783779E+00 7.96591699732E+01 3.72567995335E+00 8.78130695939E+01 4.08962852061E+00 7.60332979337E+01 3.54983187920E+00 8.79948106367E+01 4.11587630295E+00 9.38595494789E+01 4.38284265825E+00 7.85790526206E+01 3.65927894220E+00 
4.80000000000E+01 4.85000000000E+01 4.90000000000E+01 8.80902422548E+01 3.95395290913E+00 8.33638288216E+01 3.74991417281E+00 9.23334030133E+01 4.13250293498E+00 7.97495938040E+01 3.57916491880E+00 9.20832570617E+01 4.14270878257E+00 9.84367433601E+01 4.41903386520E+00 8.26295105324E+01 3.69774833580E+00 
4.90000000000E+01 4.95000000000E+01 5.00000000000E+01 8.36422258795E+01 4.06843072297E+00 7.92281843269E+01 3.86879343681E+00 8.75703439382E+01 4.24053301609E+00 7.57137724969E+01 3.68064395745E+00 8.75254973916E+01 4.27675002417E+00 9.34804415867E+01 4.55040024147E+00 7.83553428991E+01 3.79185425138E+00 
5.00000000000E+01 5.05000000000E+01 5.10000000000E+01 8.04244315485E+01 3.75666276206E+00 7.61015237960E+01 3.55876759138E+00 8.42903442982E+01 3.93050763569E+00 7.28064004613E+01 3.40022364130E+00 8.40648423318E+01 3.93193102907E+00 8.98756609679E+01 4.19909774106E+00 7.54272074121E+01 3.51652180102E+00 
5.10000000000E+01 5.15000000000E+01 5.20000000000E+01 7.41035167360E+01 3.58229304010E+00 7.00133383173E+01 3.38686826229E+00 7.78031077073E+01 3.75668934398E+00 6.70888289640E+01 3.24332026695E+00 7.73340937027E+01 3.74087306834E+00 8.28045803227E+01 4.00272208582E+00 6.96279751799E+01 3.36213903153E+00 
5.20000000000E+01 5.25000000000E+01 5.30000000000E+01 7.11302755943E+01 3.49267701425E+00 6.71226709735E+01 3.30061646307E+00 7.48164240331E+01 3.66702833303E+00 6.43870318954E+01 3.16086549109E+00 7.41530218519E+01 3.64719771476E+00 7.94980890811E+01 3.90468589668E+00 6.69422440844E+01 3.28022940343E+00 
5.30000000000E+01 5.35000000000E+01 5.40000000000E+01 6.41001133016E+01 3.20568871268E+00 6.04690617097E+01 3.02362425533E+00 6.74456452775E+01 3.37425956721E+00 5.80287332301E+01 2.90208219546E+00 6.67960018297E+01 3.33998241880E+00 7.16323626233E+01 3.58235010912E+00 6.03539666124E+01 3.01952658768E+00 
5.40000000000E+01 5.45000000000E+01 5.50000000000E+01 6.68913073169E+01 3.34255121438E+00 6.30677728331E+01 3.15346613979E+00 7.03880928298E+01 3.51347994895E+00 6.05588743904E+01 3.02600587394E+00 6.96627796851E+01 3.48336400212E+00 7.47461739862E+01 3.73524816173E+00 6.29915396430E+01 3.14412475688E+00 
5.50000000000E+01 5.55000000000E+01 5.60000000000E+01 5.48851846264E+01 3.10772214504E+00 5.16571146196E+01 2.92238444445E+00 5.78878657278E+01 3.27989955508E+00 4.96852534274E+01 2.81314119505E+00 5.70635475988E+01 3.22841476717E+00 6.13367689018E+01 3.47327290728E+00 5.17992768712E+01 2.93471833470E+00 
5.60000000000E+01 5.65000000000E+01 5.70000000000E+01 5.34616997532E+01 2.93389873565E+00 5.03471208341E+01 2.76710870282E+00 5.63538487749E+01 3.08601215926E+00 4.84001276237E+01 2.65602218124E+00 5.56125006575E+01 3.05663512082E+00 5.97403559829E+01 3.27863763858E+00 5.04313838658E+01 2.76156396095E+00 
5.70000000000E+01 5.75000000000E+01 5.80000000000E+01 5.75709173520E+01 3.30737915840E+00 5.40932402301E+01 3.10931986476E+00 6.08479855801E+01 3.49234252151E+00 5.21245026662E+01 2.99463514384E+00 5.97457233458E+01 3.43411191039E+00 6.43257377703E+01 3.69523376884E+00 5.44588510167E+01 3.12587894503E+00 
5.80000000000E+01 5.85000000000E+01 5.90000000000E+01 5.30283328012E+01 3.26373652536E+00 4.98628794758E+01 3.07228455697E+00 5.59679677354E+01 3.43832477980E+00 4.80003352667E+01 2.95280972619E+00 5.50863502379E+01 3.39588755658E+00 5.92679897309E+01 3.65013093978E+00 5.00762842294E+01 3.07449714786E+00 
5.90000000000E+01 5.95000000000E+01 6.00000000000E+01 5.10366384582E+01 2.95496312442E+00 4.80275628699E+01 2.78487871069E+00 5.38235464334E+01 3.10983791463E+00 4.61953779397E+01 2.67386492881E+00 5.30612819069E+01 3.07775142491E+00 5.70451322694E+01 3.30412364449E+00 4.81550311082E+01 2.78135766343E+00 
6.00000000000E+01 6.05000000000E+01 6.10000000000E+01 4.59207589667E+01 2.71168784812E+00 4.31603030835E+01 2.55432894257E+00 4.84913618687E+01 2.85467341246E+00 4.15705478109E+01 2.45473173758E+00 4.76770566207E+01 2.82173069565E+00 5.13178656012E+01 3.03051185800E+00 4.33917827916E+01 2.55437602523E+00 
6.10000000000E+01 6.15000000000E+01 6.20000000000E+01 4.66363098708E+01 2.85993850122E+00 4.36751409980E+01 2.67878185290E+00 4.94618998873E+01 3.03189305347E+00 4.22243647163E+01 2.58941612143E+00 4.82388685125E+01 2.95867852620E+00 5.21081831684E+01 3.19545420613E+00 4.42681899191E+01 2.71360342861E+00 
6.20000000000E+01 6.25000000000E+01 6.30000000000E+01 4.64119889042E+01 2.82647370450E+00 4.34851897156E+01 2.65114700326E+00 4.92042395240E+01 2.99122294291E+00 4.20220454009E+01 2.55937891651E+00 4.80280702160E+01 2.92782484988E+00 5.18562310222E+01 3.15764094874E+00 4.40385704789E+01 2.67751992318E+00 
6.30000000000E+01 6.35000000000E+01 6.40000000000E+01 4.09447674976E+01 2.54085424677E+00 3.83572602964E+01 2.38595270655E+00 4.34221434317E+01 2.68497092785E+00 3.70716780908E+01 2.30055244142E+00 4.23646744881E+01 2.63517896391E+00 4.57479929588E+01 2.83885097524E+00 3.88631388890E+01 2.40313286556E+00 
6.40000000000E+01 6.45000000000E+01 6.50000000000E+01 4.19111196295E+01 2.63582488699E+00 3.92457256210E+01 2.47042587637E+00 4.44512537193E+01 2.79120836997E+00 3.79428611778E+01 2.38620766897E+00 4.33503822233E+01 2.72887061273E+00 4.68338136393E+01 2.94550588250E+00 3.97792121446E+01 2.49777856257E+00 
6.50000000000E+01 6.55000000000E+01 6.60000000000E+01 3.48898238429E+01 2.32739436644E+00 3.25893909552E+01 2.17405683341E+00 3.71129981782E+01 2.47458197643E+00 3.15885168295E+01 2.10730396008E+00 3.59954064090E+01 2.40113095005E+00 3.89843099654E+01 2.60032478151E+00 3.32152101688E+01 2.21486640648E+00 
6.60000000000E+01 6.65000000000E+01 6.70000000000E+01 3.30946678809E+01 2.35720954750E+00 3.09770080937E+01 2.21180078943E+00 3.51072535296E+01 2.49150328687E+00 2.99611227106E+01 2.13403729782E+00 3.42168785368E+01 2.44311631589E+00 3.69817395786E+01 2.63405198917E+00 3.14173232736E+01 2.22965952061E+00 
6.70000000000E+01 6.75000000000E+01 6.80000000000E+01 3.50048409399E+01 2.40709805723E+00 3.26863802726E+01 2.25050818514E+00 3.72469172098E+01 2.55677991972E+00 3.16904378715E+01 2.17922883213E+00 3.61049727237E+01 2.48583064427E+00 3.91163271649E+01 2.68975731384E+00 3.33319686596E+01 2.28809499721E+00 
6.80000000000E+01 6.85000000000E+01 6.90000000000E+01 3.26369025811E+01 2.37670780099E+00 3.04535106650E+01 2.22535747412E+00 3.47521086189E+01 2.51881341734E+00 2.95458448231E+01 2.15111464065E+00 3.36396838525E+01 2.45878550521E+00 3.64716273788E+01 2.65675698237E+00 3.10984235298E+01 2.25337901153E+00 
6.90000000000E+01 6.95000000000E+01 7.00000000000E+01 3.20194040745E+01 2.36438918458E+00 2.98503268018E+01 2.20571536804E+00 3.41243942072E+01 2.51700244610E+00 2.89897002945E+01 2.14053028037E+00 3.29700967954E+01 2.43641893063E+00 3.57771077823E+01 2.64209485914E+00 3.05404553616E+01 2.25248457884E+00 
7.00000000000E+01 7.05000000000E+01 7.10000000000E+01 3.09427378832E+01 2.12563824332E+00 2.88834602554E+01 1.98660487152E+00 3.29484734055E+01 2.25874437166E+00 2.80098206755E+01 1.92399756683E+00 3.19079421936E+01 2.19481909478E+00 3.45820342195E+01 2.37590136982E+00 2.94812282997E+01 2.02084114992E+00 
7.10000000000E+01 7.15000000000E+01 7.20000000000E+01 3.04650866507E+01 2.24088830182E+00 2.84453474264E+01 2.09547504382E+00 3.24211036635E+01 2.38113311100E+00 2.75782386729E+01 2.02800692657E+00 3.14231735909E+01 2.31550164298E+00 3.40470686306E+01 2.50523815345E+00 2.90104799766E+01 2.12995762828E+00 
7.20000000000E+01 7.25000000000E+01 7.30000000000E+01 2.39120964070E+01 1.93700185430E+00 2.22428968667E+01 1.80446157507E+00 2.55552060039E+01 2.06583077439E+00 2.16499957118E+01 1.75350474752E+00 2.45671096942E+01 1.99334436648E+00 2.67176245495E+01 2.16467627907E+00 2.28719846601E+01 1.84863264350E+00 
7.30000000000E+01 7.35000000000E+01 7.40000000000E+01 3.05115600148E+01 2.19226334990E+00 2.83219639573E+01 2.03232813357E+00 3.26919473590E+01 2.35237099202E+00 2.76201956378E+01 1.98447051882E+00 3.12869381429E+01 2.24515765175E+00 3.40990352954E+01 2.45010396300E+00 2.92527141977E+01 2.10484994169E+00 
7.40000000000E+01 7.45000000000E+01 7.50000000000E+01 2.61551489380E+01 2.05710655589E+00 2.43331415268E+01 1.91512283059E+00 2.79381365325E+01 2.19504724641E+00 2.36799248507E+01 1.86241569500E+00 2.68767447804E+01 2.11534876131E+00 2.92252971219E+01 2.29861054946E+00 2.50033557588E+01 1.96446000603E+00 
7.50000000000E+01 7.55000000000E+01 7.60000000000E+01 2.28088094887E+01 1.85146955252E+00 2.11852520516E+01 1.72252385720E+00 2.44197973635E+01 1.97731875099E+00 2.06492351045E+01 1.67615823785E+00 2.34010257386E+01 1.90271554186E+00 2.54877763092E+01 2.06895653312E+00 2.18532954199E+01 1.76950937892E+00 
7.60000000000E+01 7.65000000000E+01 7.70000000000E+01 2.40218614283E+01 2.01378375248E+00 2.22618597966E+01 1.86611381243E+00 2.57844826461E+01 2.16034901812E+00 2.17466492295E+01 1.82291947775E+00 2.45910112857E+01 2.06150808737E+00 2.68443901248E+01 2.25060576578E+00 2.30734566091E+01 1.93303423593E+00 
7.70000000000E+01 7.75000000000E+01 7.80000000000E+01 2.08935539568E+01 1.74776107784E+00 1.93693167436E+01 1.62115745542E+00 2.24193530830E+01 1.87357117990E+00 1.89166767426E+01 1.58239606433E+00 2.13934977280E+01 1.79057017187E+00 2.33453849819E+01 1.95285531476E+00 2.00647869704E+01 1.67680058561E+00 
7.80000000000E+01 7.85000000000E+01 7.90000000000E+01 2.13474615391E+01 1.78044487092E+00 1.98201674177E+01 1.65510399882E+00 2.28688417742E+01 1.90275586325E+00 1.93280549999E+01 1.61206268292E+00 2.18910049726E+01 1.82798482985E+00 2.38518567282E+01 1.98925003707E+00 2.04676828586E+01 1.70303320819E+00 
7.90000000000E+01 7.95000000000E+01 8.00000000000E+01 2.12187785239E+01 1.63649425626E+00 1.96341817046E+01 1.51528825676E+00 2.28205181004E+01 1.75800502322E+00 1.92124697725E+01 1.48176408612E+00 2.16846649794E+01 1.67354612099E+00 2.37067595402E+01 1.82837889271E+00 2.04257496640E+01 1.57354715450E+00 
8.00000000000E+01 8.05000000000E+01 8.10000000000E+01 2.10396327064E+01 1.73570672847E+00 1.95044372890E+01 1.61289557318E+00 2.25708914098E+01 1.85589671769E+00 1.90483885801E+01 1.57132259645E+00 2.15434071191E+01 1.78164241567E+00 2.35094292391E+01 1.93963696571E+00 2.01997640678E+01 1.66078673481E+00 
8.10000000000E+01 8.15000000000E+01 8.20000000000E+01 1.86822586631E+01 1.66780382201E+00 1.73052070158E+01 1.54728454764E+00 2.00609495997E+01 1.78639130743E+00 1.69123046264E+01 1.50983549461E+00 1.91163437446E+01 1.70918464519E+00 2.08782286890E+01 1.86378988612E+00 1.79510428565E+01 1.59856511106E+00 
8.20000000000E+01 8.25000000000E+01 8.30000000000E+01 1.79097387117E+01 1.71292225281E+00 1.65156712283E+01 1.57516879339E+00 1.93268608869E+01 1.85405488145E+00 1.62170402933E+01 1.55085677672E+00 1.82395594892E+01 1.73976952241E+00 2.00085657778E+01 1.91393050473E+00 1.72995739382E+01 1.65932701194E+00 
8.30000000000E+01 8.35000000000E+01 8.40000000000E+01 1.93351235069E+01 1.67587089830E+00 1.78775893639E+01 1.55015429233E+00 2.08071375404E+01 1.80178814092E+00 1.75069070423E+01 1.51759517978E+00 1.97445515201E+01 1.71183196373E+00 2.16021601467E+01 1.87208350668E+00 1.86235886911E+01 1.61295289674E+00 
8.40000000000E+01 8.45000000000E+01 8.50000000000E+01 1.74377210856E+01 1.51784023869E+00 1.60708999833E+01 1.39792948624E+00 1.88316741094E+01 1.64004936850E+00 1.57885557137E+01 1.37433776636E+00 1.77495759654E+01 1.54389900238E+00 1.94828276028E+01 1.69578324180E+00 1.68549490867E+01 1.46796028942E+00 
8.50000000000E+01 8.55000000000E+01 8.60000000000E+01 1.71363576969E+01 1.50109563811E+00 1.58113909910E+01 1.38639080887E+00 1.84776465023E+01 1.61613683990E+00 1.55153406172E+01 1.35910551140E+00 1.74633482564E+01 1.53123171747E+00 1.91466471629E+01 1.67718204152E+00 1.65376158397E+01 1.44646081740E+00 
8.60000000000E+01 8.65000000000E+01 8.70000000000E+01 1.35946116315E+01 1.28561890955E+00 1.25281378002E+01 1.18546692865E+00 1.46882655561E+01 1.38777801163E+00 1.23075546300E+01 1.16388035426E+00 1.38383037018E+01 1.30947170668E+00 1.51911569507E+01 1.43664227397E+00 1.31446403773E+01 1.24190477864E+00 
8.70000000000E+01 8.75000000000E+01 8.80000000000E+01 1.34397812109E+01 1.32045761270E+00 1.23671197198E+01 1.20882475562E+00 1.45427664741E+01 1.43841170464E+00 1.21676234737E+01 1.19552092574E+00 1.36601909832E+01 1.33518046030E+00 1.50177475741E+01 1.47541342216E+00 1.30147966661E+01 1.28738709881E+00 
8.80000000000E+01 8.85000000000E+01 8.90000000000E+01 1.32403307730E+01 1.27554149441E+00 1.22008493070E+01 1.17459239146E+00 1.42945820494E+01 1.37732394326E+00 1.19870611162E+01 1.15496863355E+00 1.34764964941E+01 1.29722091919E+00 1.47949021617E+01 1.42505142052E+00 1.27926221610E+01 1.23283129401E+00 
8.90000000000E+01 8.95000000000E+01 9.00000000000E+01 1.33823533184E+01 1.21352500017E+00 1.22946154105E+01 1.11454754468E+00 1.45091766216E+01 1.31597491764E+00 1.21169024302E+01 1.09877497284E+00 1.35786423220E+01 1.23094859348E+00 1.49515852631E+01 1.35582306947E+00 1.29864016884E+01 1.17786448444E+00 
9.00000000000E+01 9.05000000000E+01 9.10000000000E+01 1.42211641523E+01 1.31620617891E+00 1.30557804982E+01 1.20852476903E+00 1.54255018999E+01 1.42683921556E+00 1.28767791741E+01 1.19187568553E+00 1.44188974457E+01 1.33460074628E+00 1.58881877187E+01 1.47034756215E+00 1.38070922662E+01 1.27727191474E+00 
9.10000000000E+01 9.15000000000E+01 9.20000000000E+01 1.47534186481E+01 1.36047442876E+00 1.35411899414E+01 1.24814798843E+00 1.60073541118E+01 1.47648508709E+00 1.33565283542E+01 1.23168839957E+00 1.49574032269E+01 1.37865724603E+00 1.64862469719E+01 1.52023146343E+00 1.43248786621E+01 1.32132880490E+00 
9.20000000000E+01 9.25000000000E+01 9.30000000000E+01 1.39253864502E+01 1.35797601338E+00 1.27691542818E+01 1.23987339390E+00 1.51272015660E+01 1.48286051739E+00 1.26095205168E+01 1.23022306124E+00 1.41017750381E+01 1.36867335714E+00 1.55569407715E+01 1.51622245404E+00 1.35408577756E+01 1.32816356859E+00 
9.30000000000E+01 9.35000000000E+01 9.40000000000E+01 1.27368281214E+01 1.27244507983E+00 1.16910996666E+01 1.16668210492E+00 1.38210564134E+01 1.38225514012E+00 1.15314231097E+01 1.15214576205E+00 1.29132743095E+01 1.28852572470E+00 1.42319822887E+01 1.42163516994E+00 1.23691879663E+01 1.23723622026E+00 
9.40000000000E+01 9.45000000000E+01 9.50000000000E+01 1.09123426332E+01 1.10098683465E+00 9.98547577934E+00 1.00547133935E+00 1.18872758870E+01 1.20141311668E+00 9.87972728202E+00 9.96852635076E-01 1.10291949419E+01 1.11051894377E+00 1.21930926835E+01 1.23012903519E+00 1.06387217533E+01 1.07530366516E+00 
9.50000000000E+01 9.55000000000E+01 9.60000000000E+01 1.09541594858E+01 1.14017666245E+00 1.00068042137E+01 1.03928955452E+00 1.19558967742E+01 1.24722936440E+00 9.91787365380E+00 1.03235894463E+00 1.10524128365E+01 1.14783727936E+00 1.22393249222E+01 1.27387398402E+00 1.07005374702E+01 1.11633735993E+00 
9.60000000000E+01 9.65000000000E+01 9.70000000000E+01 1.07005201246E+01 1.05005605775E+00 9.76372702608E+00 9.55972376185E-01 1.16881878948E+01 1.15021092475E+00 9.68864259923E+00 9.50709179177E-01 1.07835055113E+01 1.05588484216E+00 1.19553504713E+01 1.17327585273E+00 1.04614919923E+01 1.02943709198E+00 
9.70000000000E+01 9.75000000000E+01 9.80000000000E+01 1.12739917960E+01 1.16925163928E+00 1.03030569655E+01 1.06885480033E+00 1.22960802498E+01 1.27504538932E+00 1.02067210425E+01 1.05853416669E+00 1.13804178769E+01 1.18066235671E+00 1.25979256207E+01 1.30661535109E+00 1.10038911253E+01 1.14101303868E+00 
9.80000000000E+01 9.85000000000E+01 9.90000000000E+01 1.02988765725E+01 1.04409969547E+00 9.40298657523E+00 9.54387244839E-01 1.12424705393E+01 1.13783038707E+00 9.32490151404E+00 9.45417121405E-01 1.03851428267E+01 1.05400934527E+00 1.15066651648E+01 1.16645233928E+00 1.00624545046E+01 1.01848500835E+00 
9.90000000000E+01 9.95000000000E+01 1.00000000000E+02 9.68382124918E+00 1.06080436853E+00 8.81266885851E+00 9.57265237360E-01 1.06128062547E+01 1.17537004594E+00 8.76772184556E+00 9.60745621454E-01 9.73353079856E+00 1.05699271386E+00 1.08200005060E+01 1.18481847953E+00 9.49848588395E+00 1.05239349356E+00 
#nx: 3
