#ylo yhi qTlo qThi PDF0  uncertainty
-5 -4 0 1 -1635.308889490756 2.596654843644168
-5 -4 1 2 -4956.127293923378 7.680528306477545
-5 -4 2 3 -2563.765208225756 5.348284248374567
-5 -4 3 4 -1331.418859786105 3.895592537097055
-5 -4 4 5 -691.5025776581074 2.883654009974441
-5 -4 5 6 -341.41743311147 2.187307414140627
-5 -4 6 7 -142.8002032509314 1.711608668421334
-5 -4 7 8 -27.30955191589896 1.38027744644944
-5 -4 8 9 40.7056631918806 1.14404488610409
-5 -4 9 10 80.69135835881264 0.9704063121931329
-5 -4 10 11 103.6151174740777 0.8388036974362174
-5 -4 11 12 115.9538257395423 0.7367515834608451
-5 -4 12 13 121.630593123919 0.6555238963716551
-5 -4 13 14 123.0786174129814 0.5891476189005285
-5 -4 14 15 121.8417840637401 0.5339861259820063
-5 -4 15 16 118.9202422059931 0.4876080854907372
-5 -4 16 17 114.9711478057637 0.4480649438005084
-5 -4 17 18 110.4294143454933 0.413816028636802
-5 -4 18 19 105.5838299358983 0.383771507389826
-5 -4 19 20 100.6263213607525 0.3571924945553395
-5 -4 20 21 95.68399465215529 0.3335358924051602
-5 -4 21 22 90.84004438143771 0.3123568781173565
-5 -4 22 23 86.14759294440921 0.2932788528305041
-5 -4 23 24 81.63904776148334 0.2759910537108048
-5 -4 24 25 77.33254558145001 0.2602448207013756
-5 -4 25 26 73.23643570879423 0.2458424699832704
-5 -4 26 27 69.35240922749244 0.2326237144232063
-5 -4 27 28 65.67768466848563 0.2204545674716366
-5 -4 28 29 62.20653630725916 0.2092202488966158
-5 -4 29 30 58.93136491438605 0.1988212358510507
-5 -4 30 31 55.84344916490085 0.1891710113109507
-5 -4 31 32 52.93347257112835 0.1801944521590094
-5 -4 32 33 50.191891217557 0.1718263645495966
-5 -4 33 34 47.60918770565107 0.1640100601370277
-5 -4 34 35 45.17604337871042 0.1566960237198865
-5 -4 35 36 42.88345176831481 0.1498407417188197
-5 -4 36 37 40.7227898654594 0.143405726133233
-5 -4 37 38 38.68585928254704 0.1373567283804239
-5 -4 38 39 36.76490608339311 0.1316631162152473
-5 -4 39 40 34.95262567504363 0.1262973789940374
-5 -4 40 41 33.24215740775216 0.1212347275775207
-5 -4 41 42 31.62707224142743 0.1164527649543287
-5 -4 42 43 30.10135589040443 0.1119312080906091
-5 -4 43 44 28.65938923204193 0.1076516495784409
-5 -4 44 45 27.29592718568989 0.1035973497226822
-5 -4 45 46 26.00561073909032 0.1001419843928349
-5 -4 46 47 24.78431458139501 0.09865629908424843
-5 -4 47 48 23.62737611022769 0.09905697513903329
-5 -4 48 49 22.53089025261849 0.1008524462397834
-5 -4 49 50 21.49064991920855 0.1028232733154785
-4 -3.75 0 1 -1198.524064796863 1.186709764796515
-4 -3.75 1 2 -4937.003029116629 24.13145165314596
-4 -3.75 2 3 -2946.268401686776 11.10444005865481
-4 -3.75 3 4 -1702.17627801234 6.439005834864886
-4 -3.75 4 5 -997.2030875255143 4.164645836017758
-4 -3.75 5 6 -583.9904231882456 2.870579121618376
-4 -3.75 6 7 -333.5291989117015 2.061102313662654
-4 -3.75 7 8 -177.3503320550012 1.521432855942401
-4 -3.75 8 9 -77.78869441840516 1.144849096955472
-4 -3.75 9 10 -13.3293532788681 0.8735633310480019
-4 -3.75 10 11 28.70747637944601 0.6735793831105593
-4 -3.75 11 12 56.08877772026676 0.5241578889599185
-4 -3.75 12 13 73.69781494368669 0.4120967661670981
-4 -3.75 13 14 84.68792301817496 0.3288098379489914
-4 -3.75 14 15 91.14179863740719 0.2989442398855674
-4 -3.75 15 16 94.4620523241224 0.2744885081913508
-4 -3.75 16 17 95.60912993122577 0.2527189073988244
-4 -3.75 17 18 95.25000105487646 0.2332518390199279
-4 -3.75 18 19 93.85325982095907 0.2157703851745589
-4 -3.75 19 20 91.75123641213588 0.2000108984763668
-4 -3.75 20 21 89.18133246367751 0.1860081592000939
-4 -3.75 21 22 86.31399752675128 0.1905839889062149
-4 -3.75 22 23 83.27195226967302 0.1955748416182658
-4 -3.75 23 24 80.1435772553892 0.2004295566970412
-4 -3.75 24 25 76.99235196278056 0.2048593039278803
-4 -3.75 25 26 73.86358194371235 0.2087304254179029
-4 -3.75 26 27 70.78924003376258 0.2119981878889504
-4 -3.75 27 28 67.79148057251405 0.2146672178850739
-4 -3.75 28 29 64.88520998786825 0.2167682588806665
-4 -3.75 29 30 62.07997977886109 0.2183446555612246
-4 -3.75 30 31 59.38138866350863 0.2194445849182105
-4 -3.75 31 32 56.79212630094786 0.2201166764068496
-4 -3.75 32 33 54.31275336929005 0.2204076308639357
-4 -3.75 33 34 51.94228644250001 0.2203610164052628
-4 -3.75 34 35 49.67863749216399 0.2200167525183511
-4 -3.75 35 36 47.51894453762347 0.219410990833526
-4 -3.75 36 37 45.4598204219546 0.218576217452332
-4 -3.75 37 38 43.49753975982252 0.217541472309027
-4 -3.75 38 39 41.62817902526901 0.2163326230292554
-4 -3.75 39 40 39.84772103269631 0.214972656748348
-4 -3.75 40 41 38.15213231065532 0.2134819686212798
-4 -3.75 41 42 36.53741979989502 0.2118786356274153
-4 -3.75 42 43 34.99967176299354 0.2101786701032335
-4 -3.75 43 44 33.53508668386279 0.2083962503415253
-4 -3.75 44 45 32.13999297893486 0.2065439284502811
-4 -3.75 45 46 30.81039299757792 0.2046808095804302
-4 -3.75 46 47 29.54364442409562 0.2029827808721683
-4 -3.75 47 48 28.33606815138687 0.2014576267515229
-4 -3.75 48 49 27.18461371685147 0.2000827431580482
-4 -3.75 49 50 26.08609932553318 0.1987110684027819
-3.75 -3.5 0 1 -1166.613455518425 9.286898162820785
-3.75 -3.5 1 2 -6211.122768385295 25.25132421617538
-3.75 -3.5 2 3 -3999.320080939084 15.79913926196971
-3.75 -3.5 3 4 -2417.813471129348 10.95971130480605
-3.75 -3.5 4 5 -1481.238509421738 8.138298982888449
-3.75 -3.5 5 6 -914.7147937593584 6.321634834927281
-3.75 -3.5 6 7 -561.7542869107394 5.068724407493147
-3.75 -3.5 7 8 -335.7085325632613 4.160727154279105
-3.75 -3.5 8 9 -187.5536095927541 3.477557624144052
-3.75 -3.5 9 10 -88.66268456230296 2.948466939082016
-3.75 -3.5 10 11 -21.84916553534822 2.528985597472824
-3.75 -3.5 11 12 23.59460876081903 2.190005815313576
-3.75 -3.5 12 13 54.50637787074209 1.911680452962359
-3.75 -3.5 13 14 75.36785766981245 1.680053184987271
-3.75 -3.5 14 15 89.18267549188579 1.485046282692221
-3.75 -3.5 15 16 98.00353614111464 1.319215732940633
-3.75 -3.5 16 17 103.2573284013806 1.176953926484798
-3.75 -3.5 17 18 105.950615284676 1.053963523357091
-3.75 -3.5 18 19 106.8024771991362 0.9469011106823872
-3.75 -3.5 19 20 106.3321674484466 0.8531302714664389
-3.75 -3.5 20 21 104.918032443657 0.7705469647305812
-3.75 -3.5 21 22 102.837784667532 0.6974537856422984
-3.75 -3.5 22 23 100.2964487104369 0.6324679391089116
-3.75 -3.5 23 24 97.44601976276863 0.5744528918291306
-3.75 -3.5 24 25 94.39946386548138 0.522466929424387
-3.75 -3.5 25 26 91.24080036179174 0.4757239649117712
-3.75 -3.5 26 27 88.0324366131527 0.4335633471169288
-3.75 -3.5 27 28 84.82055276029763 0.3954263647359639
-3.75 -3.5 28 29 81.63908773846805 0.3608377885820553
-3.75 -3.5 29 30 78.51271189983163 0.3293912468998902
-3.75 -3.5 30 31 75.45905878741144 0.3007375448984465
-3.75 -3.5 31 32 72.49041073550376 0.2745752685082484
-3.75 -3.5 32 33 69.61497871788964 0.2506431749671265
-3.75 -3.5 33 34 66.83787863294017 0.2287139944593727
-3.75 -3.5 34 35 64.16187901689207 0.2085893545264524
-3.75 -3.5 35 36 61.58797560831763 0.1900956070852778
-3.75 -3.5 36 37 59.11583405530189 0.173080386700288
-3.75 -3.5 37 38 56.74413171416219 0.1574097691156005
-3.75 -3.5 38 39 54.47082187063418 0.1429659275989512
-3.75 -3.5 39 40 52.29333809167113 0.1296452117635111
-3.75 -3.5 40 41 50.20875221878836 0.1173565904273597
-3.75 -3.5 41 42 48.21389633781212 0.106020420768474
-3.75 -3.5 42 43 46.30545667856383 0.09556752048522449
-3.75 -3.5 43 44 44.48004564521459 0.08593853574605635
-3.75 -3.5 44 45 42.73425669972993 0.07708361259736726
-3.75 -3.5 45 46 41.06407625735113 0.06917497071454431
-3.75 -3.5 46 47 39.46722739879665 0.06305950763497428
-3.75 -3.5 47 48 37.93983755136246 0.05899445713736897
-3.75 -3.5 48 49 36.47876422677632 0.0569999079759974
-3.75 -3.5 49 50 35.08066454774379 0.05863315511171256
-3.5 -3.25 0 1 -953.3556300108276 5.939402558204748
-3.5 -3.25 1 2 -6998.071455104483 21.21192347459429
-3.5 -3.25 2 3 -4818.931772934551 15.07758985342806
-3.5 -3.25 3 4 -3015.865706715802 11.02086013802123
-3.5 -3.25 4 5 -1906.806861997551 8.456036355555016
-3.5 -3.25 5 6 -1219.249444713056 6.729578345335871
-3.5 -3.25 6 7 -781.9735916039567 5.502954820166901
-3.5 -3.25 7 8 -496.4687350166639 4.594127432000541
-3.5 -3.25 8 9 -305.6809871822111 3.898185232615511
-3.5 -3.25 9 10 -175.7048110472072 3.351251772841532
-3.5 -3.25 10 11 -85.88334698220569 2.912117759321329
-3.5 -3.25 11 12 -23.18134536282741 2.553281561240057
-3.5 -3.25 12 13 20.82381807750971 2.25568142992003
-3.5 -3.25 13 14 51.71388367999157 2.005728278678278
-3.5 -3.25 14 15 73.2696962856088 1.793492919631229
-3.5 -3.25 15 16 88.10232361952114 1.611564607516546
-3.5 -3.25 16 17 98.0459783969402 1.454308991927567
-3.5 -3.25 17 18 104.40853699591 1.317372125038699
-3.5 -3.25 18 19 108.1348077045109 1.197340739923691
-3.5 -3.25 19 20 109.915091428948 1.091504479544277
-3.5 -3.25 20 21 110.2586944448935 0.9976862454078049
-3.5 -3.25 21 22 109.5445383884412 0.9141190424542065
-3.5 -3.25 22 23 108.0565293947049 0.8393551752983458
-3.5 -3.25 23 24 106.0086148602883 0.7721983474365316
-3.5 -3.25 24 25 103.5627555222731 0.7116522310976108
-3.5 -3.25 25 26 100.8419618911194 0.656881053156671
-3.5 -3.25 26 27 97.93984796682219 0.6071790632957382
-3.5 -3.25 27 28 94.92769835116803 0.5619466469792717
-3.5 -3.25 28 29 91.85974072317998 0.5206714655622859
-3.5 -3.25 29 30 88.77711003374651 0.4829134387882937
-3.5 -3.25 30 31 85.7108502307284 0.4482926921997105
-3.5 -3.25 31 32 82.68420184615672 0.4164798129174464
-3.5 -3.25 32 33 79.71435553285309 0.3871879173929254
-3.5 -3.25 33 34 76.81380331645619 0.3601661530975068
-3.5 -3.25 34 35 73.99138479070467 0.3351943422060622
-3.5 -3.25 35 36 71.25310052481683 0.3120785421586413
-3.5 -3.25 36 37 68.60274682081604 0.2906473463105776
-3.5 -3.25 37 38 66.04241264992146 0.2707487857598433
-3.5 -3.25 38 39 63.5728697267829 0.2522477228176089
-3.5 -3.25 39 40 61.1938793674249 0.2350236478656785
-3.5 -3.25 40 41 58.90443429220761 0.2189688096723287
-3.5 -3.25 41 42 56.70294935181036 0.2039866223866504
-3.5 -3.25 42 43 54.58741202512195 0.1899903033007098
-3.5 -3.25 43 44 52.55550118390703 0.1769017037627467
-3.5 -3.25 44 45 50.60468067178 0.1646503029081988
-3.5 -3.25 45 46 48.73151684562862 0.153296858129366
-3.5 -3.25 46 47 46.93455691384727 0.1432721194138036
-3.5 -3.25 47 48 45.2102526936963 0.1346482588722613
-3.5 -3.25 48 49 43.55581762599381 0.1274164718244378
-3.5 -3.25 49 50 41.9681776674951 0.1211124288730688
-3.25 -3 0 1 -631.2536712571954 3.633277705707814
-3.25 -3 1 2 -7373.642993968393 12.6053039624496
-3.25 -3 2 3 -5399.148498589671 10.43549041540089
-3.25 -3 3 4 -3476.347752455952 8.038658104594894
-3.25 -3 4 5 -2252.248148261046 6.361511785389463
-3.25 -3 5 6 -1477.353728134978 5.175925979658969
-3.25 -3 6 7 -976.1876725748566 4.3071718827743
-3.25 -3 7 8 -643.9390595441628 3.64907921651322
-3.25 -3 8 9 -418.5965697922977 3.136322121512907
-3.25 -3 9 10 -262.7373547994757 2.727671116463837
-3.25 -3 10 11 -153.2749830588825 2.395611924815001
-3.25 -3 11 12 -75.4847104315354 2.121436769120596
-3.25 -3 12 13 -19.76025117670565 1.891940616805438
-3.25 -3 13 14 20.32126774122003 1.697573133706964
-3.25 -3 14 15 49.14716074043258 1.5312704681692
-3.25 -3 15 16 69.77209881768022 1.387704462231118
-3.25 -3 16 17 84.35923960388595 1.262786300740768
-3.25 -3 17 18 94.46351579559018 1.153330016301942
-3.25 -3 18 19 101.2174880150318 1.056819191479384
-3.25 -3 19 20 105.455691954108 0.9712419299707583
-3.25 -3 20 21 107.7993395373859 0.8949719937532506
-3.25 -3 21 22 108.7149643929503 0.8266817869629477
-3.25 -3 22 23 108.5556348515415 0.7652777071971382
-3.25 -3 23 24 107.590310968139 0.7098514656177972
-3.25 -3 24 25 106.0250159588037 0.6596429796919857
-3.25 -3 25 26 104.0182774292617 0.6140117672000335
-3.25 -3 26 27 101.6925059843338 0.5724146652442876
-3.25 -3 27 28 99.14245952150191 0.5343883088202516
-3.25 -3 28 29 96.44159431455694 0.4995352303590805
-3.25 -3 29 30 93.64686832289607 0.4675127409884335
-3.25 -3 30 31 90.80240043526408 0.4380239686853943
-3.25 -3 31 32 87.94227675356871 0.4108105833448237
-3.25 -3 32 33 85.09271589664439 0.3856468517695725
-3.25 -3 33 34 82.27374906497323 0.3623347490271877
-3.25 -3 34 35 79.50053026071561 0.3406999148784987
-3.25 -3 35 36 76.78436280268181 0.3205882907798345
-3.25 -3 36 37 74.13350693125011 0.3018633081616184
-3.25 -3 37 38 71.55381758703965 0.2844035261384724
-3.25 -3 38 39 69.04924974590475 0.2681006379463146
-3.25 -3 39 40 66.62225998527563 0.2528577803912246
-3.25 -3 40 41 64.2741264139635 0.238588094972908
-3.25 -3 41 42 62.00520407805735 0.2252134982308428
-3.25 -3 42 43 59.81512919135574 0.212663626524864
-3.25 -3 43 44 57.70298268781505 0.2008749276378084
-3.25 -3 44 45 55.66742124233886 0.1897898764465312
-3.25 -3 45 46 53.70593437594977 0.1794817839039963
-3.25 -3 46 47 51.81812027545674 0.1703844341798669
-3.25 -3 47 48 50.00107063359772 0.1625551788775872
-3.25 -3 48 49 48.25262080188143 0.1559693389057709
-3.25 -3 49 50 46.57022521557057 0.1501583950996339
-3 -2.75 0 1 -274.3828946475384 0.9131504241064365
-3 -2.75 1 2 -7486.767781797192 7.250060573784447
-3 -2.75 2 3 -5795.485324166522 6.686499220813319
-3 -2.75 3 4 -3818.358556274731 5.315986195542592
-3 -2.75 4 5 -2520.733466592042 4.283260731917671
-3 -2.75 5 6 -1685.053522626603 3.529583207676992
-3 -2.75 6 7 -1137.30476366304 2.966472481685941
-3 -2.75 7 8 -769.8380119809372 2.533992199023173
-3 -2.75 8 9 -517.7709263022302 2.193273154011274
-3 -2.75 9 10 -341.4420452500337 1.91937861129547
-3 -2.75 10 11 -216.1317175549616 1.69511913358777
-3 -2.75 11 12 -125.9383235904345 1.50873590030932
-3 -2.75 12 13 -60.40791853396991 1.351817448844469
-3 -2.75 13 14 -12.50181271380529 1.218223342595127
-3 -2.75 14 15 22.61966778379315 1.103375722870457
-3 -2.75 15 16 48.34748822684401 1.003797709539114
-3 -2.75 16 17 67.09782478530269 0.9168048276792503
-3 -2.75 17 18 80.6181749965358 0.8402938682591521
-3 -2.75 18 19 90.18924833877509 0.7725953389227597
-3 -2.75 19 20 96.76071069659019 0.7123683670339179
-3 -2.75 20 21 101.0440809499316 0.6585245381322923
-3 -2.75 21 22 103.577338963821 0.6101718317541363
-3 -2.75 22 23 104.7705261667892 0.566572759447132
-3 -2.75 23 24 104.9383664187103 0.5271126983792239
-3 -2.75 24 25 104.3238904116608 0.4912756503306162
-3 -2.75 25 26 103.1157383029164 0.4586254806756146
-3 -2.75 26 27 101.4609636600561 0.4287912519022118
-3 -2.75 27 28 99.47459844977323 0.4014556501140309
-3 -2.75 28 29 97.24686086994751 0.3763457735487957
-3 -2.75 29 30 94.84863047422385 0.3532257416485231
-3 -2.75 30 31 92.33563787549201 0.331890720621098
-3 -2.75 31 32 89.7516926034902 0.3121620597687721
-3 -2.75 32 33 87.13118548245109 0.2938833068783076
-3 -2.75 33 34 84.50103975221873 0.2769169227151418
-3 -2.75 34 35 81.88224042953726 0.2611415574150199
-3 -2.75 35 36 79.29103888461162 0.246449779411831
-3 -2.75 36 37 76.73990582280766 0.23274617275329
-3 -2.75 37 38 74.23828828693573 0.219945735184914
-3 -2.75 38 39 71.79321318294816 0.2079725227746272
-3 -2.75 39 40 69.40977004328892 0.1967584991651812
-3 -2.75 40 41 67.09149835491056 0.1862425533829039
-3 -2.75 41 42 64.84069911146904 0.1763696595017544
-3 -2.75 42 43 62.6586859817557 0.1670901535004169
-3 -2.75 43 44 60.54598822627588 0.1583591108101764
-3 -2.75 44 45 58.50251483561215 0.1501358063524037
-3 -2.75 45 46 56.52677381932639 0.1425623826690305
-3 -2.75 46 47 54.61943662442451 0.1362894312063208
-3 -2.75 47 48 52.7783428865165 0.1314195948921753
-3 -2.75 48 49 51.00203442711438 0.1279257183276377
-3 -2.75 49 50 49.28858174304432 0.1251497866450884
-2.75 -2.5 0 1 82.46493733691159 0.8703150510127915
-2.75 -2.5 1 2 -7455.817442634518 2.727843688195664
-2.75 -2.5 2 3 -6069.377409470544 3.38642765800404
-2.75 -2.5 3 4 -4073.786081422963 2.897050337007599
-2.75 -2.5 4 5 -2728.494163910399 2.433809998730242
-2.75 -2.5 5 6 -1849.910592530819 2.066330218205783
-2.75 -2.5 6 7 -1267.943471968857 1.777866791713565
-2.75 -2.5 7 8 -873.9140047318069 1.548465221302091
-2.75 -2.5 8 9 -601.2771500577519 1.362536438607948
-2.75 -2.5 9 10 -408.9258815022131 1.209779258971217
-2.75 -2.5 10 11 -271.0265461486326 1.082253771908517
-2.75 -2.5 11 12 -170.8488738699923 0.9744948405883113
-2.75 -2.5 12 13 -97.32733627145808 0.8824365663305445
-2.75 -2.5 13 14 -42.97047199238841 0.8030337112710556
-2.75 -2.5 14 15 -2.600777400898551 0.7339659880961555
-2.75 -2.5 15 16 27.4272532062671 0.6734374755035374
-2.75 -2.5 16 17 49.72357982227459 0.6200381621596401
-2.75 -2.5 17 18 66.18475538846792 0.5726466642787994
-2.75 -2.5 18 19 78.20727879861249 0.5303606898280306
-2.75 -2.5 19 20 86.83160534991873 0.4924465254477718
-2.75 -2.5 20 21 92.84106259489147 0.4583017869239656
-2.75 -2.5 21 22 96.83088668601386 0.4274275664313871
-2.75 -2.5 22 23 99.2571144730191 0.3994073381127398
-2.75 -2.5 23 24 100.4716754354913 0.3738907926546724
-2.75 -2.5 24 25 100.7478890392406 0.3505813132860248
-2.75 -2.5 25 26 100.2991999125031 0.3292261755318628
-2.75 -2.5 26 27 99.29308689742288 0.3096088056060601
-2.75 -2.5 27 28 97.86148742218649 0.2915426128924918
-2.75 -2.5 28 29 96.10867869085257 0.2748660355810032
-2.75 -2.5 29 30 94.11728414036389 0.2594385322197472
-2.75 -2.5 30 31 91.95288519452123 0.2451373145442471
-2.75 -2.5 31 32 89.66758644946293 0.2318546673279185
-2.75 -2.5 32 33 87.30278924121359 0.2194957371586496
-2.75 -2.5 33 34 84.89136198009032 0.2079766954724731
-2.75 -2.5 34 35 82.45934762452555 0.1972232066642677
-2.75 -2.5 35 36 80.02731368248448 0.1871691419641499
-2.75 -2.5 36 37 77.61142447036013 0.1777554954245344
-2.75 -2.5 37 38 75.22429637464046 0.1689294662821595
-2.75 -2.5 38 39 72.87568265203384 0.1606436777734747
-2.75 -2.5 39 40 70.57302368230827 0.152855510748657
-2.75 -2.5 40 41 68.32189054697736 0.1455265315468418
-2.75 -2.5 41 42 66.12634362738254 0.1386220003664785
-2.75 -2.5 42 43 63.98922325539178 0.1321104461810312
-2.75 -2.5 43 44 61.91238586958835 0.1259632987381983
-2.75 -2.5 44 45 59.89689622165039 0.1201545685397689
-2.75 -2.5 45 46 57.94222087308066 0.1149087937153112
-2.75 -2.5 46 47 56.05000955432271 0.1111423661909047
-2.75 -2.5 47 48 54.21882183267786 0.1089876205897657
-2.75 -2.5 48 49 52.44787319402744 0.1083773535392407
-2.75 -2.5 49 50 50.73582499150544 0.1084020688493866
-2.5 -2.25 0 1 419.8817730025156 0.8350375828442795
-2.5 -2.25 1 2 -7365.634660526282 1.852072156436822
-2.5 -2.25 2 3 -6272.95759592565 1.943189835840121
-2.5 -2.25 3 4 -4272.054171347767 1.672103973308846
-2.5 -2.25 4 5 -2892.047284056147 1.465624592512604
-2.5 -2.25 5 6 -1981.091718820998 1.285172692780935
-2.5 -2.25 6 7 -1372.961651005191 1.134450063715932
-2.5 -2.25 7 8 -958.4274406771115 1.008937271454936
-2.5 -2.25 8 9 -669.775004806243 0.9031008549580057
-2.5 -2.25 9 10 -464.8490655439896 0.8135833237848352
-2.5 -2.25 10 11 -316.9927191816648 0.7368617655051075
-2.5 -2.25 11 12 -208.8601822702112 0.670606139256027
-2.5 -2.25 12 13 -128.9274585140124 0.6129377254043167
-2.5 -2.25 13 14 -69.36100164384493 0.5623849683207924
-2.5 -2.25 14 15 -24.72612699993397 0.5177836481235432
-2.5 -2.25 15 16 8.817851662915245 0.4782031921487082
-2.5 -2.25 16 17 34.03050778708416 0.4428923210582898
-2.5 -2.25 17 18 52.92422018303273 0.411238738579889
-2.5 -2.25 18 19 66.98601226172013 0.3827389818627227
-2.5 -2.25 19 20 77.32772531655712 0.3569756521549327
-2.5 -2.25 20 21 84.78945228273631 0.3336000469451852
-2.5 -2.25 21 22 90.0119192471866 0.312318780094838
-2.5 -2.25 22 23 93.48787924938347 0.2928833775255421
-2.5 -2.25 23 24 95.59909340818024 0.2750821118764542
-2.5 -2.25 24 25 96.64326828218248 0.2587335398109816
-2.5 -2.25 25 26 96.85389838729191 0.2436813459971565
-2.5 -2.25 26 27 96.41503387874241 0.2297901962743013
-2.5 -2.25 27 28 95.47237591271266 0.2169423799613786
-2.5 -2.25 28 29 94.14168602876993 0.2050350721379852
-2.5 -2.25 29 30 92.51521123779708 0.1939780870616998
-2.5 -2.25 30 31 90.66662969828991 0.1836920228549609
-2.5 -2.25 31 32 88.65488385387346 0.1741067219529351
-2.5 -2.25 32 33 86.52717022154155 0.1651599853105651
-2.5 -2.25 33 34 84.32128512760295 0.1567964937882995
-2.5 -2.25 34 35 82.06747517299698 0.1489668989475605
-2.5 -2.25 35 36 79.78990435267701 0.1416270527837089
-2.5 -2.25 36 37 77.50782266075703 0.1347373529836032
-2.5 -2.25 37 38 75.23650094413637 0.1282621829751154
-2.5 -2.25 38 39 72.98798171369111 0.1221694332477516
-2.5 -2.25 39 40 70.77168434809863 0.1164300876381923
-2.5 -2.25 40 41 68.59489458296883 0.1110178674988756
-2.5 -2.25 41 42 66.46316159348982 0.1059089233264847
-2.5 -2.25 42 43 64.38062101242588 0.1010815651828574
-2.5 -2.25 43 44 62.35025839130716 0.09651603027764939
-2.5 -2.25 44 45 60.37412450993332 0.09219427710698666
-2.5 -2.25 45 46 58.45250710816413 0.08845481695143295
-2.5 -2.25 46 47 56.58788938869722 0.0866131991357116
-2.5 -2.25 47 48 54.77945244056232 0.08682080487165847
-2.5 -2.25 48 49 53.02699389579072 0.08890174693217795
-2.5 -2.25 49 50 51.32968461448041 0.09339015057259063
-2.25 -2 0 1 725.7369304905624 0.2281656634510444
-2.25 -2 1 2 -7281.895323115643 1.779685338678393
-2.25 -2 2 3 -6468.540651445435 1.916413310739309
-2.25 -2 3 4 -4460.012128789796 1.626042359216828
-2.25 -2 4 5 -3043.36088737287 1.384755601841345
-2.25 -2 5 6 -2099.075172495876 1.199248478642548
-2.25 -2 6 7 -1464.684965437056 1.053428049870648
-2.25 -2 7 8 -1030.098107387609 0.9352031126727153
-2.25 -2 8 9 -726.1723846408668 0.8377601451435973
-2.25 -2 9 10 -509.5351295124028 0.7553448150776251
-2.25 -2 10 11 -352.6069403780332 0.6850606144711924
-2.25 -2 11 12 -237.3742174970887 0.6243833878176613
-2.25 -2 12 13 -151.829530772437 0.5715196362063877
-2.25 -2 13 14 -87.78767447856171 0.525102710327234
-2.25 -2 14 15 -39.55543931184752 0.4840691537085049
-2.25 -2 15 16 -3.099770007605002 0.4475772051455942
-2.25 -2 16 17 24.48381442338018 0.4149510208846061
-2.25 -2 17 18 45.31814261409841 0.3856413193980234
-2.25 -2 18 19 60.97535773779691 0.3591969188489815
-2.25 -2 19 20 72.63357095660092 0.3352437236453741
-2.25 -2 20 21 81.18495244967085 0.3134689395700637
-2.25 -2 21 22 87.3115016418011 0.2936090392103054
-2.25 -2 22 23 91.53893647600512 0.2754404667852321
-2.25 -2 23 24 94.27553332885952 0.258772376059074
-2.25 -2 24 25 95.84046387766841 0.2434408970954655
-2.25 -2 25 26 96.48470193244145 0.2293045690459433
-2.25 -2 26 27 96.40660809651411 0.2162406692904051
-2.25 -2 27 28 95.76365767475852 0.2041422395857268
-2.25 -2 28 29 94.68134373538453 0.1929156613153854
-2.25 -2 29 30 93.2599903518369 0.1824786625476179
-2.25 -2 30 31 91.58000555983455 0.1727586708157743
-2.25 -2 31 32 89.70595930258958 0.1636914440552285
-2.25 -2 32 33 87.68976940921237 0.1552199258347231
-2.25 -2 33 34 85.57320542178451 0.1472932829448736
-2.25 -2 34 35 83.38986710804869 0.1398660927084237
-2.25 -2 35 36 81.16675578996399 0.132897654274461
-2.25 -2 36 37 78.92552813936544 0.1263514005609925
-2.25 -2 37 38 76.68350096837418 0.1201943958535062
-2.25 -2 38 39 74.4544596831584 0.1143969052011735
-2.25 -2 39 40 72.24931117435858 0.1089320204203037
-2.25 -2 40 41 70.07661289800245 0.1037753402451703
-2.25 -2 41 42 67.94300293591016 0.09890469036923433
-2.25 -2 42 43 65.85355057395233 0.09429987949768119
-2.25 -2 43 44 63.81204286151419 0.08994248825286597
-2.25 -2 44 45 61.82121933783807 0.08581568273468444
-2.25 -2 45 46 59.88191652165199 0.08258737379635338
-2.25 -2 46 47 57.99720743225686 0.08275043165197599
-2.25 -2 47 48 56.16666860314317 0.08637400365531241
-2.25 -2 48 49 54.39047556086385 0.09281123888283489
-2.25 -2 49 50 52.66811966259249 0.09960504353055925
-2 -1.75 0 1 1024.3045706326 0.8689382382230854
-2 -1.75 1 2 -7170.570805225263 3.616425089850964
-2 -1.75 2 3 -6623.42554357814 2.955317430327391
-2 -1.75 3 4 -4622.4494753397 2.298642594335334
-2 -1.75 4 5 -3183.127284473401 1.846880347291689
-2 -1.75 5 6 -2214.883380017106 1.529238671256438
-2 -1.75 6 7 -1559.962451466478 1.296188784869741
-2 -1.75 7 8 -1108.622748453412 1.118441317733522
-2 -1.75 8 9 -791.1955989813787 0.9788407500566139
-2 -1.75 9 10 -563.6806098327538 0.8662373215008994
-2 -1.75 10 11 -397.9499779539269 0.7735023453025741
-2 -1.75 11 12 -275.5504454827585 0.6958942445623412
-2 -1.75 12 13 -184.1313912542814 0.6300055601890006
-2 -1.75 13 14 -115.2421561860635 0.5734025172413916
-2 -1.75 14 15 -62.98417045804331 0.5242862948605131
-2 -1.75 15 16 -23.16482836465684 0.48129763262717
-2 -1.75 16 17 7.245089953875777 0.4433893958821304
-2 -1.75 17 18 30.46663593978587 0.4097411588234364
-2 -1.75 18 19 48.14987230856241 0.379700509422923
-2 -1.75 19 20 61.53517933879061 0.3527418001587991
-2 -1.75 20 21 71.564843690521 0.3284365638687869
-2 -1.75 21 22 78.96147355645076 0.3064319032194882
-2 -1.75 22 23 84.28390186094805 0.286434442068199
-2 -1.75 23 24 87.96757101309868 0.2681982279789707
-2 -1.75 24 25 90.35406371976853 0.251515488888204
-2 -1.75 25 26 91.71293941657893 0.2362094839261547
-2 -1.75 26 27 92.25804790927566 0.2221289116190063
-2 -1.75 27 28 92.15983287492134 0.2091434907343678
-2 -1.75 28 29 91.55469237752402 0.1971404365266294
-2 -1.75 29 30 90.55215792299077 0.1860216245194377
-2 -1.75 30 31 89.24044166014897 0.1757012914969971
-2 -1.75 31 32 87.69075231104335 0.1661041564283439
-2 -1.75 32 33 85.96067463274443 0.1571638754905602
-2 -1.75 33 34 84.09683132557683 0.1488217620761911
-2 -1.75 34 35 82.13699129795782 0.141025721417346
-2 -1.75 35 36 80.11174796903578 0.133729358273068
-2 -1.75 36 37 78.04586162088691 0.1268912258183104
-2 -1.75 37 38 75.95933779460245 0.1204741888770975
-2 -1.75 38 39 73.8682971492413 0.1144448852156235
-2 -1.75 39 40 71.78567976374893 0.1087732628162044
-2 -1.75 40 41 69.72181741182203 0.1034321855393529
-2 -1.75 41 42 67.68490002621616 0.09839709234583789
-2 -1.75 42 43 65.68135705861175 0.09364570357443078
-2 -1.75 43 44 63.71617014303695 0.08915776613683291
-2 -1.75 44 45 61.79313002167981 0.08491483227878562
-2 -1.75 45 46 59.91397085502672 0.08171126693976735
-2 -1.75 46 47 58.08263450499578 0.08221827319718371
-2 -1.75 47 48 56.29939299412797 0.08638385382977067
-2 -1.75 48 49 54.56506325024418 0.09353454452296216
-2 -1.75 49 50 52.87969490965403 0.1010681365306449
-1.75 -1.5 0 1 1303.053857599921 0.7959880805041489
-1.75 -1.5 1 2 -7045.234969234389 1.688379084473326
-1.75 -1.5 2 3 -6740.223925302028 2.036480068507101
-1.75 -1.5 3 4 -4735.771419693187 1.804868839766488
-1.75 -1.5 4 5 -3270.562073009695 1.555970162746891
-1.75 -1.5 5 6 -2280.010822408809 1.341590865431604
-1.75 -1.5 6 7 -1608.383992358373 1.164670097996215
-1.75 -1.5 7 8 -1144.829992333051 1.020114126089149
-1.75 -1.5 8 9 -818.4563555638201 0.8995970011673254
-1.75 -1.5 9 10 -584.3041127752585 0.8013920209923463
-1.75 -1.5 10 11 -413.5842278498671 0.7177805311608879
-1.75 -1.5 11 12 -287.391977268519 0.6470660503242246
-1.75 -1.5 12 13 -193.0584789525651 0.5864598857883339
-1.75 -1.5 13 14 -121.9104941426463 0.5340508020347047
-1.75 -1.5 14 15 -67.89013555572137 0.4883638179898683
-1.75 -1.5 15 16 -26.68882481579112 0.4482480526311383
-1.75 -1.5 16 17 4.808415662298103 0.4127951149500294
-1.75 -1.5 17 18 28.88696418544623 0.3812798718409499
-1.75 -1.5 18 19 47.24575583323895 0.3531172393933865
-1.75 -1.5 19 20 61.16272532015773 0.3278303862767946
-1.75 -1.5 20 21 71.60930738831166 0.3050270874969478
-1.75 -1.5 21 22 79.33093420550358 0.2843819441596389
-1.75 -1.5 22 23 84.90445001233343 0.265622864548732
-1.75 -1.5 23 24 88.77960811652235 0.248520676353745
-1.75 -1.5 24 25 91.30943050352596 0.2328810608557018
-1.75 -1.5 25 26 92.77266892605667 0.2185382303255488
-1.75 -1.5 26 27 93.39059424308391 0.2053499279247454
-1.75 -1.5 27 28 93.33966558749444 0.1931934357725042
-1.75 -1.5 28 29 92.76117436636457 0.1819623687575893
-1.75 -1.5 29 30 91.7686447862086 0.1715640736065338
-1.75 -1.5 30 31 90.45355529165067 0.1619175086956365
-1.75 -1.5 31 32 88.88979244447728 0.1529515025734259
-1.75 -1.5 32 33 87.13714024256717 0.1446033147115658
-1.75 -1.5 33 34 85.24402997357538 0.1368174402656999
-1.75 -1.5 34 35 83.2497192277113 0.1295446104361551
-1.75 -1.5 35 36 81.1860273679747 0.1227409534212961
-1.75 -1.5 36 37 79.07872426231211 0.1163672865087906
-1.75 -1.5 37 38 76.94864645173186 0.1103885154810399
-1.75 -1.5 38 39 74.8125978763066 0.1047731242115645
-1.75 -1.5 39 40 72.68407948393269 0.09949273616427887
-1.75 -1.5 40 41 70.5738823136212 0.09452174135110764
-1.75 -1.5 41 42 68.49057111529788 0.08983697231077455
-1.75 -1.5 42 43 66.44087989358974 0.08541742470641082
-1.75 -1.5 43 44 64.43003632029649 0.08124401624262012
-1.75 -1.5 44 45 62.46202841818447 0.07729937539822281
-1.75 -1.5 45 46 60.53870668011331 0.07431797980348147
-1.75 -1.5 46 47 58.66421237036769 0.07504615265103742
-1.75 -1.5 47 48 56.8388718502068 0.07958942460718321
-1.75 -1.5 48 49 55.06357335910377 0.08727189271917526
-1.75 -1.5 49 50 53.33842542241274 0.09539325755676535
-1.5 -1.25 0 1 1573.115621392634 2.197447005314725
-1.5 -1.25 1 2 -6905.064960700362 2.351558696405168
-1.5 -1.25 2 3 -6845.829282415229 1.981139834130255
-1.5 -1.25 3 4 -4853.619295460359 1.736477453967626
-1.5 -1.25 4 5 -3371.9853938344 1.495564416986346
-1.5 -1.25 5 6 -2363.36218808257 1.296027041758037
-1.5 -1.25 6 7 -1676.346118830214 1.133534411483943
-1.5 -1.25 7 8 -1200.377848223186 1.000200196817981
-1.5 -1.25 8 9 -864.1412200171821 0.8897079949676711
-1.5 -1.25 9 10 -622.1662588575546 0.7983241041545135
-1.5 -1.25 10 11 -445.1118376763807 0.7193702195171736
-1.5 -1.25 11 12 -313.8235679679497 0.6523087994203542
-1.5 -1.25 12 13 -215.3398160774632 0.5943569940782778
-1.5 -1.25 13 14 -140.7865425086877 0.5438611243351452
-1.5 -1.25 14 15 -83.95271860715116 0.4995355698949762
-1.5 -1.25 15 16 -40.41208795610987 0.4603684375058421
-1.5 -1.25 16 17 -6.958453488920895 0.4255537583229225
-1.5 -1.25 17 18 18.76491021102333 0.3944423726375441
-1.5 -1.25 18 19 38.51323294180247 0.3665059796862044
-1.5 -1.25 19 20 53.60923831359878 0.341310516391172
-1.5 -1.25 20 21 65.06027418647432 0.3184962083014822
-1.5 -1.25 21 22 73.64077787201632 0.2977624461027532
-1.5 -1.25 22 23 79.95117677332496 0.2809196220476504
-1.5 -1.25 23 24 84.46051786938551 0.266256185590575
-1.5 -1.25 24 25 87.53769809878736 0.2526799225722909
-1.5 -1.25 25 26 89.47460066097301 0.2400852930178758
-1.5 -1.25 26 27 90.50341210575823 0.2283792650482718
-1.5 -1.25 27 28 90.80970708409541 0.2174796090052287
-1.5 -1.25 28 29 90.54242189030083 0.2073134444956558
-1.5 -1.25 29 30 89.82151800660824 0.1978160033684382
-1.5 -1.25 30 31 88.74391474326922 0.1889295744914633
-1.5 -1.25 31 32 87.3881136746071 0.1806026021006502
-1.5 -1.25 32 33 85.81782642091184 0.172788913899318
-1.5 -1.25 33 34 84.08483746912259 0.1654470591909276
-1.5 -1.25 34 35 82.23127578328416 0.1585397381464578
-1.5 -1.25 35 36 80.29142650459914 0.1520333107134451
-1.5 -1.25 36 37 78.29318270139339 0.1458973712786849
-1.5 -1.25 37 38 76.25921383551326 0.1401043797543979
-1.5 -1.25 38 39 74.20791005052354 0.1346293410771582
-1.5 -1.25 39 40 72.15414819282347 0.1294495256200664
-1.5 -1.25 40 41 70.10991543502195 0.1245442250516636
-1.5 -1.25 41 42 68.08481858946431 0.119894538222203
-1.5 -1.25 42 43 66.08650133654186 0.1154831833104721
-1.5 -1.25 43 44 64.12098699042411 0.1112943324787363
-1.5 -1.25 44 45 62.1929607602396 0.1073134659586929
-1.5 -1.25 45 46 60.30485674280277 0.103892530316303
-1.5 -1.25 46 47 58.4613948305024 0.102390161523879
-1.5 -1.25 47 48 56.66334789302172 0.1030184007724481
-1.5 -1.25 48 49 54.91202257608887 0.1057077118972499
-1.5 -1.25 49 50 53.20787935761933 0.1091468156577558
-1.25 -1 0 1 1796.7920418105 0.8515993618518158
-1.25 -1 1 2 -6809.77634110534 2.009303116958924
-1.25 -1 2 3 -6953.406766880733 2.459763299713343
-1.25 -1 3 4 -4963.578780880674 2.120909630385368
-1.25 -1 4 5 -3461.898189156086 1.797554334039602
-1.25 -1 5 6 -2433.890587987787 1.53995623808223
-1.25 -1 6 7 -1731.285283708217 1.336858752307892
-1.25 -1 7 8 -1243.284521151135 1.174326296216025
-1.25 -1 8 9 -897.8093971355811 1.042556448852887
-1.25 -1 9 10 -648.7399136176955 0.9325209033528076
-1.25 -1 10 11 -466.1526092725653 0.840820241800048
-1.25 -1 11 12 -330.5307330319097 0.7625873387786918
-1.25 -1 12 13 -228.6183272668761 0.6952828605008382
-1.25 -1 13 14 -151.3307764735675 0.6368249970646352
-1.25 -1 14 15 -92.30119060488505 0.5856271992321604
-1.25 -1 15 16 -46.98665838147303 0.5404597659682081
-1.25 -1 16 17 -12.09265963072085 0.5003549575797208
-1.25 -1 17 18 14.80515624238592 0.4645407206181391
-1.25 -1 18 19 35.51434454901005 0.4323935380510328
-1.25 -1 19 20 51.39851152335359 0.4034042939169762
-1.25 -1 20 21 63.49723212544313 0.3771531543241912
-1.25 -1 21 22 72.6105537074809 0.3532908034196997
-1.25 -1 22 23 79.35940489050711 0.3315242322392752
-1.25 -1 23 24 84.22935348823057 0.3116058389140707
-1.25 -1 24 25 87.60269010677848 0.2933249721801132
-1.25 -1 25 26 89.78221593216665 0.2765013003523512
-1.25 -1 26 27 91.00906183101142 0.2609795613265934
-1.25 -1 27 28 91.47616320516431 0.2466253680874737
-1.25 -1 28 29 91.33853904649561 0.2333218297904924
-1.25 -1 29 30 90.72119646785632 0.2209668098122594
-1.25 -1 30 31 89.72525469193863 0.2094706824481973
-1.25 -1 31 32 88.43272235806842 0.1987544880897705
-1.25 -1 32 33 86.91024812056219 0.188748404049826
-1.25 -1 33 34 85.21208266343109 0.1793904718361243
-1.25 -1 34 35 83.38243081195634 0.1706255303438685
-1.25 -1 35 36 81.45732886368268 0.162404317979316
-1.25 -1 36 37 79.4661500672288 0.154682712910698
-1.25 -1 37 38 77.43281725325255 0.147421087595842
-1.25 -1 38 39 75.37678355576452 0.1405837578040486
-1.25 -1 39 40 73.31382859482346 0.134138509943822
-1.25 -1 40 41 71.25670715258701 0.1280561951875764
-1.25 -1 41 42 69.21567935707071 0.1223103786297763
-1.25 -1 42 43 67.1989453515319 0.1168770347371835
-1.25 -1 43 44 65.21300267220391 0.1117342838960818
-1.25 -1 44 45 63.26294078703876 0.1068621611977546
-1.25 -1 45 46 61.35151056299713 0.1026657164800655
-1.25 -1 46 47 59.48378214287666 0.1007407913201936
-1.25 -1 47 48 57.66075084443466 0.1013532253621104
-1.25 -1 48 49 55.88393611429623 0.1043915420119259
-1.25 -1 49 50 54.15398059762484 0.1115129929231483
-1 -0.75 0 1 1997.588353405482 1.313644537892498
-1 -0.75 1 2 -6693.435691140262 1.499229958589213
-1 -0.75 2 3 -7013.305398459795 1.881639619854361
-1 -0.75 3 4 -5030.744018633688 1.641636560250444
-1 -0.75 4 5 -3516.967513431448 1.411593422446796
-1 -0.75 5 6 -2476.699582975237 1.227966353964679
-1 -0.75 6 7 -1764.280105667608 1.08185139992393
-1 -0.75 7 8 -1268.794446880283 0.9633604545278983
-1 -0.75 8 9 -917.6459094737584 0.8651094201728446
-1 -0.75 9 10 -664.2541345659633 0.7819676139138481
-1 -0.75 10 11 -478.3424887807669 0.7114640873591359
-1 -0.75 11 12 -340.1365351559593 0.6503285495377197
-1 -0.75 12 13 -236.1976553769282 0.5969899836573501
-1 -0.75 13 14 -157.3082319681878 0.5500765689206736
-1 -0.75 14 15 -97.00390580995759 0.5085255048393601
-1 -0.75 15 16 -50.66938397071249 0.4714985433165863
-1 -0.75 16 17 -14.9556850050833 0.4383244449747986
-1 -0.75 17 18 12.60302860156139 0.408458664674348
-1 -0.75 18 19 33.8462756375568 0.3814544113344724
-1 -0.75 19 20 50.16254189298684 0.3569414308347302
-1 -0.75 20 21 62.61094644499894 0.3346101655449176
-1 -0.75 21 22 72.00701575600601 0.314199738965067
-1 -0.75 22 23 78.98402781797358 0.2954887151413726
-1 -0.75 23 24 84.03746713151554 0.2782879037648333
-1 -0.75 24 25 87.55763379596124 0.2624346953399804
-1 -0.75 25 26 89.85383163604763 0.247788557967749
-1 -0.75 26 27 91.17249524534918 0.2342274237820142
-1 -0.75 27 28 91.71090380036128 0.2216447644172549
-1 -0.75 28 29 91.62764703532764 0.2099472090811069
-1 -0.75 29 30 91.05067705314059 0.1990525867323874
-1 -0.75 30 31 90.08354913634685 0.1888883087787431
-1 -0.75 31 32 88.81029227713748 0.1793900251733667
-1 -0.75 32 33 87.29923458499877 0.1705004987342812
-1 -0.75 33 34 85.60602563444286 0.1621686606197531
-1 -0.75 34 35 83.7760374670288 0.1543488105992565
-1 -0.75 35 36 81.84628170725114 0.1469999393905616
-1 -0.75 36 37 79.84694754981064 0.1400851499634069
-1 -0.75 37 38 77.80264104697267 0.1335711620162708
-1 -0.75 38 39 75.73338776579288 0.1274278872161269
-1 -0.75 39 40 73.65544707902683 0.1216280599383396
-1 -0.75 40 41 71.58197583446679 0.1161469213588393
-1 -0.75 41 42 69.52357098597639 0.1109619414705036
-1 -0.75 42 43 67.48871462684946 0.1060525787146629
-1 -0.75 43 44 65.48414001467114 0.1014000694924447
-1 -0.75 44 45 63.51513334397299 0.09698724349927554
-1 -0.75 45 46 61.58458438252126 0.09365288905482308
-1 -0.75 46 47 59.69774224853836 0.09453513795174125
-1 -0.75 47 48 57.85568985286113 0.09976818625278441
-1 -0.75 48 49 56.06003898942271 0.1085869440082141
-1 -0.75 49 50 54.31149722671381 0.1179303640407006
-0.75 -0.5 0 1 2155.249612650796 2.014056752588239
-0.75 -0.5 1 2 -6605.207672209279 1.473571043907708
-0.75 -0.5 2 3 -7067.250134333601 1.893286992121959
-0.75 -0.5 3 4 -5092.316981246388 1.661312827236401
-0.75 -0.5 4 5 -3569.546838586514 1.430549678421623
-0.75 -0.5 5 6 -2519.37225616116 1.243672890179771
-0.75 -0.5 6 7 -1798.625865939705 1.095705254023938
-0.75 -0.5 7 8 -1296.530974992336 0.9989350467143675
-0.75 -0.5 8 9 -940.1937992372314 0.9122415371677217
-0.75 -0.5 9 10 -682.7163099818358 0.8351839259942635
-0.75 -0.5 10 11 -493.5679228183117 0.7675694099289796
-0.75 -0.5 11 12 -352.7707793159407 0.7075247299777595
-0.75 -0.5 12 13 -246.7406492624896 0.6541893912820544
-0.75 -0.5 13 14 -166.1498084516575 0.6066267569085499
-0.75 -0.5 14 15 -104.4510806618923 0.5640380303154678
-0.75 -0.5 15 16 -56.96626309731664 0.5257487933663659
-0.75 -0.5 16 17 -20.29807532356062 0.4911911694125948
-0.75 -0.5 17 18 8.056793266832756 0.4598865152030744
-0.75 -0.5 18 19 29.96722618821786 0.4314302282961924
-0.75 -0.5 19 20 46.84493367323034 0.4054789673821558
-0.75 -0.5 20 21 59.76755926895862 0.3817401099662747
-0.75 -0.5 21 22 69.56551976085848 0.3599631310599599
-0.75 -0.5 22 23 76.8841468177792 0.3399325720518473
-0.75 -0.5 23 24 82.22874511287114 0.3214623054520929
-0.75 -0.5 24 25 85.99766221350922 0.3043908457860918
-0.75 -0.5 25 26 88.5068321063651 0.2885775040114705
-0.75 -0.5 26 27 90.00817876795395 0.2738992207331781
-0.75 -0.5 27 28 90.70354689201008 0.2602479481945252
-0.75 -0.5 28 29 90.75533929415758 0.2475284754937362
-0.75 -0.5 29 30 90.29470514116633 0.2356566153740837
-0.75 -0.5 30 31 89.42789001392089 0.2245576838490853
-0.75 -0.5 31 32 88.24119444565076 0.2141652218924238
-0.75 -0.5 32 33 86.80487060874236 0.2044199148179451
-0.75 -0.5 33 34 85.17620268709391 0.1952686751365317
-0.75 -0.5 34 35 83.40195532845297 0.1866638619755712
-0.75 -0.5 35 36 81.52032973915567 0.1785626127909743
-0.75 -0.5 36 37 79.56253381633962 0.1709262706787985
-0.75 -0.5 37 38 77.55404804939195 0.1637198904408811
-0.75 -0.5 38 39 75.51565029112572 0.1569118121378004
-0.75 -0.5 39 40 73.46424848535014 0.1504732917296937
-0.75 -0.5 40 41 71.41355975657666 0.1443781790715648
-0.75 -0.5 41 42 69.37466598064555 0.1386026378079436
-0.75 -0.5 42 43 67.35646970389371 0.1331248999690701
-0.75 -0.5 43 44 65.36606935567477 0.127925050972635
-0.75 -0.5 44 45 63.4090687927922 0.1229848406381326
-0.75 -0.5 45 46 61.488617557449 0.1187024444464107
-0.75 -0.5 46 47 59.61023373732507 0.1166362708141288
-0.75 -0.5 47 48 57.77519487296252 0.1170462529806845
-0.75 -0.5 48 49 55.98529773168465 0.1198474859994646
-0.75 -0.5 49 50 54.24140928039489 0.1235399129764144
-0.5 -0.25 0 1 2260.350455296861 1.988936337827881
-0.5 -0.25 1 2 -6551.013667477691 1.412792564510074
-0.5 -0.25 2 3 -7108.003817993647 1.879080893007767
-0.5 -0.25 3 4 -5136.957911728406 1.698947832831277
-0.5 -0.25 4 5 -3607.048808285992 1.578513437262244
-0.5 -0.25 5 6 -2549.367053773392 1.42726786312213
-0.5 -0.25 6 7 -1822.398237819545 1.285281422354021
-0.5 -0.25 7 8 -1315.408985547916 1.159876330991224
-0.5 -0.25 8 9 -955.2620637970331 1.051356882463818
-0.5 -0.25 9 10 -694.8080012924866 0.9564318785886948
-0.5 -0.25 10 11 -503.3211940559727 0.8743727607418714
-0.5 -0.25 11 12 -360.6680130402642 0.8024202600758461
-0.5 -0.25 12 13 -253.153123769895 0.739115428637025
-0.5 -0.25 13 14 -171.3653578868032 0.6831093703990858
-0.5 -0.25 14 15 -108.6950976889962 0.6332973119725787
-0.5 -0.25 15 16 -60.41694296490232 0.5887734001945898
-0.5 -0.25 16 17 -23.09755041083258 0.5487917930565884
-0.5 -0.25 17 18 5.794241642229736 0.5127349921386873
-0.5 -0.25 18 19 28.1490447534286 0.4800886401195391
-0.5 -0.25 19 20 45.39568014424685 0.4504216243458691
-0.5 -0.25 20 21 58.62538262117118 0.4233703860713366
-0.5 -0.25 21 22 68.67944913339124 0.3986265160690982
-0.5 -0.25 22 23 76.21198307431337 0.375926905413303
-0.5 -0.25 23 24 81.73540647856078 0.3550458834185428
-0.5 -0.25 24 25 85.65387560286376 0.3357889049185614
-0.5 -0.25 25 26 88.28809018943593 0.3179874516831346
-0.5 -0.25 26 27 89.89390315952699 0.3014948892576546
-0.5 -0.25 27 28 90.67641255366664 0.286183080542141
-0.5 -0.25 28 29 90.80072599160439 0.2719396020025727
-0.5 -0.25 29 30 90.40024974126277 0.2586654424622317
-0.5 -0.25 30 31 89.58311933142727 0.246273090648257
-0.5 -0.25 31 32 88.43722281523083 0.2346849378093739
-0.5 -0.25 32 33 87.03414975288206 0.2238319369979706
-0.5 -0.25 33 34 85.43231404776941 0.2136524721292056
-0.5 -0.25 34 35 83.6794370437002 0.2040914003638183
-0.5 -0.25 35 36 81.81453200552386 0.1950992375295212
-0.5 -0.25 36 37 79.86949760466564 0.1866314619623572
-0.5 -0.25 37 38 77.87040310526555 0.178647918371201
-0.5 -0.25 38 39 75.83852911752081 0.1711123039713164
-0.5 -0.25 39 40 73.79121361407437 0.1639917257117738
-0.5 -0.25 40 41 71.74254210425806 0.1572563158591687
-0.5 -0.25 41 42 69.70391247724285 0.1508788984007988
-0.5 -0.25 42 43 67.68449870199333 0.1448346976633297
-0.5 -0.25 43 44 65.69163258392962 0.139101084543848
-0.5 -0.25 44 45 63.73111882868363 0.1336573526141846
-0.5 -0.25 45 46 61.8062682888193 0.1288751798891381
-0.5 -0.25 46 47 59.92277037571904 0.1262236773727275
-0.5 -0.25 47 48 58.08201960588741 0.1259663555347127
-0.5 -0.25 48 49 56.28592358019043 0.1280572994696162
-0.5 -0.25 49 50 54.53544447239571 0.1310897644087332
-0.25 0 0 1 2314.548097868854 2.216379043510802
-0.25 0 1 2 -6520.711336609248 1.449793033888425
-0.25 0 2 3 -7125.762962069561 1.897931756878668
-0.25 0 3 4 -5156.35723411348 1.671621573960364
-0.25 0 4 5 -3622.703786122881 1.442343048523426
-0.25 0 5 6 -2561.286280141882 1.281908795306487
-0.25 0 6 7 -1831.340938896928 1.169696246380103
-0.25 0 7 8 -1322.094117897973 1.065641916694365
-0.25 0 8 9 -960.2481074067041 0.9726685436042265
-0.25 0 9 10 -698.5125184270946 0.8907032484720034
-0.25 0 10 11 -506.0499152002462 0.8178658781615002
-0.25 0 11 12 -362.6477517036546 0.7536133269986872
-0.25 0 12 13 -254.5536119414805 0.6965859644596166
-0.25 0 13 14 -172.3151029107112 0.6457701658331536
-0.25 0 14 15 -109.2925109438863 0.600301809105633
-0.25 0 15 16 -60.73818018073007 0.5594517411622308
-0.25 0 16 17 -23.20209272328634 0.5226064360950079
-0.25 0 17 18 5.859563392642258 0.4892491932062666
-0.25 0 18 19 28.34710831527536 0.4589436172190423
-0.25 0 19 20 45.69689221998487 0.4313197164172169
-0.25 0 20 21 59.00604294778714 0.4060624351381382
-0.25 0 21 22 69.12050787112321 0.3829022783919327
-0.25 0 22 23 76.69808657499425 0.3616076698141785
-0.25 0 23 24 82.25415723793014 0.3419787229093323
-0.25 0 24 25 86.19525322230197 0.3238421511680716
-0.25 0 25 26 88.84399472489645 0.3070470983103239
-0.25 0 26 27 90.45779245294693 0.2914617067628684
-0.25 0 27 28 91.24301240067462 0.2769702829559143
-0.25 0 28 29 91.36579723163777 0.2634709454650841
-0.25 0 29 30 90.9604001663937 0.2508736643778365
-0.25 0 30 31 90.13565112398067 0.2390986200098757
-0.25 0 31 32 88.98000831999593 0.2280748229604717
-0.25 0 32 33 87.56552997035055 0.2177389490541317
-0.25 0 33 34 85.951015437622 0.2080343508563783
-0.25 0 34 35 84.18450314794063 0.1989102173012151
-0.25 0 35 36 82.30526711456366 0.1903208546424985
-0.25 0 36 37 80.34542024720378 0.1822250704356206
-0.25 0 37 38 78.33120757567735 0.1745856427589336
-0.25 0 38 39 76.28405360137288 0.1673688626810016
-0.25 0 39 40 74.2214137428885 0.1605441365901218
-0.25 0 40 41 72.15746899158216 0.1540836424638856
-0.25 0 41 42 70.10369445933839 0.1479620278348952
-0.25 0 42 43 68.06932614936449 0.1421561482642411
-0.25 0 43 44 66.0617452633378 0.1366448362158579
-0.25 0 44 45 64.08679538526667 0.1314086986552234
-0.25 0 45 46 62.14781044295108 0.1268329438002722
-0.25 0 46 47 60.25051603069727 0.1244323568706372
-0.25 0 47 48 58.39631630678031 0.1244719579980016
-0.25 0 48 49 56.58713052026479 0.1268933176829137
-0.25 0 49 50 54.82392676663673 0.1302442993079427
0 0.25 0 1 2314.087212094034 2.216373531675091
0 0.25 1 2 -6521.539462304936 1.449738608630376
0 0.25 2 3 -7126.213649780264 1.897873837407764
0 0.25 3 4 -5156.330714710421 1.671580014189082
0 0.25 4 5 -3622.403220461859 1.442338540715303
0 0.25 5 6 -2560.874855968945 1.28194025960915
0 0.25 6 7 -1830.905268557302 1.169751210242854
0 0.25 7 8 -1321.675226457211 1.065709621653727
0 0.25 8 9 -959.8624911775778 0.9727400476668988
0 0.25 9 10 -698.1644989872939 0.890771598236346
0 0.25 10 11 -505.7388822448706 0.8179315632757124
0 0.25 11 12 -362.3700026099905 0.7536737299206648
0 0.25 12 13 -254.3050421242669 0.6966407087839829
0 0.25 13 14 -172.0917369601323 0.6458193734216152
0 0.25 14 15 -109.090812140402 0.6003458498617456
0 0.25 15 16 -60.55513374747125 0.5594910870761494
0 0.25 16 17 -23.03518516882127 0.5226415807067637
0 0.25 17 18 6.01240628400592 0.4892806102042994
0 0.25 18 19 28.48759402048108 0.4589717413187982
0 0.25 19 20 45.82643040012067 0.4313449367772524
0 0.25 20 21 59.12580519677635 0.406085095004188
0 0.25 21 22 69.23147696922979 0.3829226781630888
0 0.25 22 23 76.80109587071126 0.3616260714685611
0 0.25 23 24 82.34992153194355 0.3419953541363205
0 0.25 24 25 86.28439269128023 0.3238572102792255
0 0.25 25 26 88.92705332411242 0.3070607579835881
0 0.25 26 27 90.53525202688718 0.2914741175264935
0 0.25 27 28 91.3153035081591 0.2769815764921525
0 0.25 28 29 91.4333074806616 0.2634812373180839
0 0.25 29 30 91.02348067447281 0.2508830557667178
0 0.25 30 31 90.19462157411283 0.2391072003745844
0 0.25 31 32 89.03516096743647 0.2280826711710034
0 0.25 32 33 87.6171328633302 0.2177461348433686
0 0.25 33 34 85.99931504906885 0.2080409362507648
0 0.25 34 35 84.22972656258401 0.1989162573929365
0 0.25 35 36 82.3476238782572 0.1903263985810438
0 0.25 36 37 80.38510395522331 0.1822301621127089
0 0.25 37 38 78.36839725861051 0.1745903215487901
0 0.25 38 39 76.3189149474905 0.1673731638511309
0 0.25 39 40 74.25410019135205 0.1605480919730006
0 0.25 40 41 72.18812271573597 0.1540872805030939
0 0.25 41 42 70.13244725913017 0.1479653745074636
0 0.25 42 43 68.09630026442164 0.1421592269007126
0 0.25 43 44 66.08705411698452 0.1366476679207125
0 0.25 44 45 64.11054426790184 0.1314113027996899
0 0.25 45 46 62.17009696377943 0.1268353812848861
0 0.25 46 47 60.27143114769689 0.124434845037331
0 0.25 47 48 58.41594440584259 0.1244747206999517
0 0.25 48 49 56.60555009640805 0.1268965454602451
0 0.25 49 50 54.84121075304714 0.1302480233527488
0.25 0.5 0 1 2259.047732291376 1.988925241055553
0.25 0.5 1 2 -6553.346684544817 1.412696774531412
0.25 0.5 2 3 -7109.255005503933 1.878991854376537
0.25 0.5 3 4 -5136.849968198698 1.698903762420467
0.25 0.5 4 5 -3606.1631590662 1.578538878163053
0.25 0.5 5 6 -2548.168858873457 1.427349127435538
0.25 0.5 6 7 -1821.133749091877 1.28539743701093
0.25 0.5 7 8 -1314.194469104079 1.160010878636409
0.25 0.5 8 9 -954.1439679155274 1.051488370671792
0.25 0.5 9 10 -693.7982722564448 0.9565685729388094
0.25 0.5 10 11 -502.4177472592437 0.8744983409840517
0.25 0.5 11 12 -359.8601186114561 0.8025363308447758
0.25 0.5 12 13 -252.4289663882664 0.7392214928585407
0.25 0.5 13 14 -170.7135454049921 0.683205676008405
0.25 0.5 14 15 -108.1055249398951 0.6333844792732627
0.25 0.5 15 16 -59.88101480086561 0.5888522038726409
0.25 0.5 16 17 -22.60811238922679 0.5488630409943831
0.25 0.5 17 18 6.243087220901316 0.5127994624886281
0.25 0.5 18 19 28.56215028563884 0.4801470519137286
0.25 0.5 19 20 45.77705197278215 0.4504746266206067
0.25 0.5 20 21 58.97835278950629 0.423418557046137
0.25 0.5 21 22 69.00681631646603 0.3986703672672812
0.25 0.5 22 23 76.51612478377399 0.3759668876685209
0.25 0.5 23 24 82.01836669557804 0.3550823938832932
0.25 0.5 24 25 85.91743239105915 0.3358222933375453
0.25 0.5 25 26 88.5338074933893 0.3180180266509814
0.25 0.5 26 27 90.12317036868455 0.3015229233224195
0.25 0.5 27 28 90.89047474092933 0.2862088153310687
0.25 0.5 28 29 91.00070711588387 0.2719632517843328
0.25 0.5 29 30 90.58717058155094 0.2586871979975854
0.25 0.5 30 31 89.7579114926142 0.2462931219952427
0.25 0.5 31 32 88.60073981440905 0.2347033970323096
0.25 0.5 32 33 87.18717593094607 0.2238489602461995
0.25 0.5 33 34 85.57557186061149 0.213668181631498
0.25 0.5 34 35 83.81359313651694 0.2041059061805751
0.25 0.5 35 36 81.94020236536937 0.1951126387493553
0.25 0.5 36 37 79.98725200656105 0.1866438481736209
0.25 0.5 37 38 77.98076900695213 0.1786593703187682
0.25 0.5 38 39 75.94199511673861 0.1711228951911319
0.25 0.5 39 40 73.88823255052841 0.1640015228200786
0.25 0.5 40 41 71.83353386662662 0.1572653793153426
0.25 0.5 41 42 69.78926656050396 0.1508872833719596
0.25 0.5 42 43 67.76457654697793 0.1448424545521101
0.25 0.5 43 44 65.76676972718434 0.1391082592367899
0.25 0.5 44 45 63.80162688077377 0.1336639871435775
0.25 0.5 45 46 61.87243626171335 0.1288814323196084
0.25 0.5 46 47 59.98486764256529 0.1262301380621537
0.25 0.5 47 48 58.14029617618263 0.1259736415414871
0.25 0.5 48 49 56.34061207497891 0.1280659449437194
0.25 0.5 49 50 54.58676109453066 0.1310998600410067
0.5 0.75 0 1 2153.208557858095 2.014063669828212
0.5 0.75 1 2 -6608.832630089772 1.473593380727753
0.5 0.75 2 3 -7069.126652867033 1.893264540829933
0.5 0.75 3 4 -5092.037638911857 1.661286725626245
0.5 0.75 4 5 -3568.053434514857 1.430577645099921
0.5 0.75 5 6 -2517.405483784908 1.243761846872469
0.5 0.75 6 7 -1796.572112343013 1.095834591080989
0.5 0.75 7 8 -1294.569385637025 0.9990772279510112
0.5 0.75 8 9 -938.393755548972 0.9123866854955807
0.5 0.75 9 10 -681.0936567357912 0.8353336689728863
0.5 0.75 10 11 -492.1173868461069 0.7677044821547694
0.5 0.75 11 12 -351.4740801601006 0.7076500465237028
0.5 0.75 12 13 -245.5782885294857 0.6543046780471865
0.5 0.75 13 14 -165.1032680529709 0.6067323527107179
0.5 0.75 14 15 -103.5040713690451 0.5641345675496083
0.5 0.75 15 16 -56.10500183406248 0.5258370208399742
0.5 0.75 16 17 -19.5111284823322 0.4912718554490647
0.5 0.75 17 18 8.778829616385565 0.4599603972594403
0.5 0.75 18 19 30.63207817964349 0.4314979882342918
0.5 0.75 19 20 47.45897524979591 0.4055412223060751
0.5 0.75 20 21 60.33609003959168 0.3817974110507878
0.5 0.75 21 22 70.09299151825871 0.3600159667209359
0.5 0.75 22 23 77.37434306108287 0.3399813735143598
0.5 0.75 23 24 82.68492077055635 0.3215074528678669
0.5 0.75 24 25 86.42265114638508 0.3044326743257662
0.5 0.75 25 26 88.90312927576372 0.2886163097451439
0.5 0.75 26 27 90.37800287308562 0.2739352657930478
0.5 0.75 27 28 91.0488881608361 0.2602814651800993
0.5 0.75 28 29 91.07799610185168 0.2475596719109117
0.5 0.75 29 30 90.59631228108947 0.2356856763801888
0.5 0.75 30 31 89.70994075808335 0.2245847758252082
0.5 0.75 31 32 88.50505799540304 0.2141904945179717
0.5 0.75 32 33 87.05180612389813 0.2044435031883405
0.5 0.75 33 34 85.40737076504286 0.1952907018838401
0.5 0.75 34 35 83.61842757520361 0.1866844383517178
0.5 0.75 35 36 81.72309689526134 0.1785818402498515
0.5 0.75 36 37 79.75251277744729 0.1709442420037141
0.5 0.75 37 38 77.7320880257156 0.1637366903870073
0.5 0.75 38 39 75.68253828219491 0.1569275189053483
0.5 0.75 39 40 73.62071419998256 0.1504879769089171
0.5 0.75 40 41 71.56028007138008 0.1443919088630131
0.5 0.75 41 42 69.51226900683213 0.1386154732250756
0.5 0.75 42 43 67.48553851414107 0.1331368974824287
0.5 0.75 43 44 65.48714541122564 0.1279362629247132
0.5 0.75 44 45 63.52265510113318 0.1229953155166698
0.5 0.75 45 46 61.59518081508787 0.1187124229929569
0.5 0.75 46 47 59.7102089923348 0.1166467041176141
0.5 0.75 47 48 57.86898604208534 0.117058134438051
0.5 0.75 48 49 56.07328073649938 0.1198616614838448
0.5 0.75 49 50 54.32393360823446 0.1235564976418135
0.75 1 0 1 1994.888268149739 1.313507051292428
0.75 1 1 2 -6698.201713902141 1.498572296353114
0.75 1 2 3 -7015.702010666002 1.881260811628461
0.75 1 3 4 -5030.250960236348 1.641840024135677
0.75 1 4 5 -3514.85855856808 1.412259739639265
0.75 1 5 6 -2473.969854848454 1.22882132839041
0.75 1 6 7 -1761.446623036445 1.082717698674445
0.75 1 7 8 -1266.095694603971 0.9641511405607928
0.75 1 8 9 -915.1732479286361 0.8658019793573049
0.75 1 9 10 -662.0273753942884 0.7825733293261227
0.75 1 10 11 -476.3533675912968 0.7119689498821399
0.75 1 11 12 -338.3595589876372 0.6507541418996705
0.75 1 12 13 -234.605863873677 0.597348408334016
0.75 1 13 14 -155.8761097658644 0.5503787784698324
0.75 1 14 15 -95.70902950758887 0.5087809789161328
0.75 1 15 16 -49.49277412384049 0.4717153012867815
0.75 1 16 17 -13.88158154263988 0.4385091819794239
0.75 1 17 18 13.58760604944268 0.4086169232471248
0.75 1 18 19 34.75200803421308 0.3815907537602778
0.75 1 19 20 50.99825424439587 0.3570595976310691
0.75 1 20 21 63.38398609565184 0.3347132151216857
0.75 1 21 22 72.72356101773153 0.3142901680461858
0.75 1 22 23 79.64933293464185 0.295568560515899
0.75 1 23 24 84.65605333807207 0.2783588270961255
0.75 1 24 25 88.13343671467487 0.2624980538370956
0.75 1 25 26 90.39031429582587 0.2478454617646625
0.75 1 26 27 91.67273455179202 0.2342787832380985
0.75 1 27 28 92.17765677809427 0.221691328367534
0.75 1 28 29 92.06340180458653 0.2099895959711917
0.75 1 29 30 91.45769236004276 0.1990913092365515
0.75 1 30 31 90.46388533327058 0.1889237945072973
0.75 1 31 32 89.16583592843756 0.1794226324132045
0.75 1 32 33 87.63171831286684 0.1705305295256538
0.75 1 33 34 85.91704440044867 0.1621963714822274
0.75 1 34 35 84.067062165344 0.154374420533193
0.75 1 35 36 82.11867071297308 0.1470236370310109
0.75 1 36 37 80.10195668917231 0.1401070984485484
0.75 1 37 38 78.04143233264722 0.1335915038847603
0.75 1 38 39 75.95703714558164 0.1274467476055931
0.75 1 39 40 73.86495138201707 0.1216455496703242
0.75 1 40 41 71.77825904717128 0.1161631388234987
0.75 1 41 42 69.70748996184199 0.1109769750661159
0.75 1 42 43 67.66106430281343 0.1060665077799592
0.75 1 43 44 65.64565819510904 0.1014129661038247
0.75 1 44 45 63.66650509666044 0.0969991729962658
0.75 1 45 46 61.72644502682232 0.09366415416258189
0.75 1 46 47 59.830683788545 0.09454690636540765
0.75 1 47 48 57.98026171801166 0.0997815936689718
0.75 1 48 49 56.17675235628653 0.108602843421838
0.75 1 49 50 54.42082718598277 0.1179487759281919
1 1.25 0 1 1793.489690554278 0.8521388865670697
1 1.25 1 2 -6815.592802419948 2.010227451858858
1 1.25 2 3 -6956.293670064233 2.460073562941551
1 1.25 3 4 -4962.895578071419 2.120603148890417
1 1.25 4 5 -3459.210957688549 1.797011672428539
1 1.25 5 6 -2430.428534293605 1.53945819880053
1 1.25 6 7 -1727.691713261278 1.336493749328346
1 1.25 7 8 -1239.858945679224 1.17409904446133
1 1.25 8 9 -894.6673018012812 1.041985549872696
1 1.25 9 10 -645.9107447030369 0.9329332378539498
1 1.25 10 11 -463.6240012021135 0.8408284201644395
1 1.25 11 12 -328.2722787332732 0.762634430234853
1 1.25 12 13 -226.5963481762744 0.6953569230386567
1 1.25 13 14 -149.5131494478251 0.6369174841514392
1 1.25 14 15 -90.65951899021798 0.5857319015743806
1 1.25 15 16 -45.49678668530487 0.5405720943680321
1 1.25 16 17 -10.73443985804397 0.5004714758288578
1 1.25 17 18 16.04838588842085 0.4646588402135128
1 1.25 18 19 36.65634405335572 0.4325113113780404
1 1.25 19 20 52.45068528412435 0.403520268660027
1 1.25 20 21 64.46909871283128 0.3772662653957565
1 1.25 21 22 73.5101315994234 0.353400290548945
1 1.25 22 23 80.19352043997014 0.331629574593865
1 1.25 23 24 85.00388250748358 0.3117067033748165
1 1.25 24 25 88.32274534528551 0.293421171405657
1 1.25 25 26 90.45229172179222 0.2765927592049067
1 1.25 26 27 91.63314547567325 0.2610662896372823
1 1.25 27 28 92.0578208947237 0.2467074390663543
1 1.25 28 29 91.88098243336788 0.2333993628144433
1 1.25 29 30 91.22733464934277 0.2210399565743945
1 1.25 30 31 90.19773521799118 0.2095396164518382
1 1.25 31 32 88.8739639900059 0.1988193961449179
1 1.25 32 33 87.32246738104584 0.1888094800813598
1 1.25 33 34 85.59731569256303 0.1794479120181988
1 1.25 34 35 83.74255165222905 0.170679529347893
1 1.25 35 36 81.79406499805253 0.1624550663750048
1 1.25 36 37 79.7810958240118 0.154730395568772
1 1.25 37 38 77.72744552134168 0.1474658819858012
1 1.25 38 39 75.65245614550707 0.1406258334639957
1 1.25 39 40 73.57180548975231 0.134178028063218
1 1.25 40 41 71.49815483380166 0.1280933083042664
1 1.25 41 42 69.4416783430043 0.1223452304586009
1 1.25 42 43 67.41049705644906 0.1169097607423544
1 1.25 43 44 65.4110356697654 0.1117650112064861
1 1.25 44 45 63.44831654248514 0.106891009105124
1 1.25 45 46 61.52502730877546 0.1026931976819184
1 1.25 46 47 59.64618327309202 0.1007688565688303
1 1.25 47 48 57.81272578846426 0.101383824405381
1 1.25 48 49 56.02612591486465 0.1044261952080955
1 1.25 49 50 54.28698071388018 0.1115506309946022
1.25 1.5 0 1 1569.60849375759 2.197794040944152
1.25 1.5 1 2 -6911.152292281648 2.353165291968653
1.25 1.5 2 3 -6848.642829099512 1.982742560073764
1.25 1.5 3 4 -4852.548341001235 1.736849859119243
1.25 1.5 4 5 -3368.775944339915 1.494974788175461
1.25 1.5 5 6 -2359.354800436321 1.295001068326944
1.25 1.5 6 7 -1672.23158285681 1.132421087618842
1.25 1.5 7 8 -1196.471947636834 0.9995464101654638
1.25 1.5 8 9 -860.5567483878408 0.8894892957068113
1.25 1.5 9 10 -618.9513515859608 0.7965689445742982
1.25 1.5 10 11 -442.2276117952324 0.7188320208448203
1.25 1.5 11 12 -311.2425141722638 0.6519078031779586
1.25 1.5 12 13 -213.0239712861121 0.5940698899192323
1.25 1.5 13 14 -138.7000887847937 0.5436662296264455
1.25 1.5 14 15 -82.06416632473179 0.4994140434530713
1.25 1.5 15 16 -38.69472347424517 0.4603044897137406
1.25 1.5 16 17 -5.390016064044175 0.4255344340712191
1.25 1.5 17 18 20.20283683398088 0.3944571842178989
1.25 1.5 18 19 39.83588026658094 0.3665465150928013
1.25 1.5 19 20 54.82926062574256 0.3413700759500842
1.25 1.5 20 21 66.18826641176111 0.3185694883867667
1.25 1.5 21 22 74.68569819333868 0.2978452720064339
1.25 1.5 22 23 80.92068247096574 0.2810080731511842
1.25 1.5 23 24 85.36122779790458 0.2663473955078517
1.25 1.5 24 25 88.37539577912298 0.2527719377005913
1.25 1.5 25 26 90.25439061641771 0.24017666009202
1.25 1.5 26 27 91.22984006821036 0.2284689202876035
1.25 1.5 27 28 91.4868526348597 0.2175667906331276
1.25 1.5 28 29 91.17397025714968 0.2073976239490388
1.25 1.5 29 30 90.41081618599469 0.1978968315381406
1.25 1.5 30 31 89.29401586949473 0.1890068391577666
1.25 1.5 31 32 87.90181258102155 0.1806761948380021
1.25 1.5 32 33 86.29768858405578 0.1728588046008567
1.25 1.5 33 34 84.53322295920464 0.1655132752763166
1.25 1.5 34 35 82.65035941521194 0.1586023493364046
1.25 1.5 35 36 80.6832150668256 0.1520924168127122
1.25 1.5 36 37 78.65952990790191 0.145953092769566
1.25 1.5 37 38 76.6018334706996 0.1401568506115533
1.25 1.5 38 39 74.52838765708287 0.1346787033738987
1.25 1.5 39 40 72.45395155839981 0.1294959253900745
1.25 1.5 40 41 70.39040407005552 0.1245878091704823
1.25 1.5 41 42 68.34725234180542 0.119935452019857
1.25 1.5 42 43 66.33204825435706 0.1155215693008013
1.25 1.5 43 44 64.35073051967026 0.1113303288029421
1.25 1.5 44 45 62.40790634908097 0.1073472056654044
1.25 1.5 45 46 60.50593638192518 0.1039246097030759
1.25 1.5 46 47 58.64947656082501 0.1024228545797009
1.25 1.5 47 48 56.83923703058039 0.1030539803533549
1.25 1.5 48 49 55.076468087786 0.1057479541617247
1.25 1.5 49 50 53.36157715825968 0.1091917704053569
1.5 1.75 0 1 1299.441429663079 0.7983527604683838
1.5 1.75 1 2 -7051.403733205356 1.693608569022265
1.5 1.75 2 3 -6742.820964534482 2.03963544953516
1.5 1.75 3 4 -4734.22712068036 1.805039302428448
1.5 1.75 4 5 -3266.773770973722 1.554238201897831
1.5 1.75 5 6 -2275.417257982779 1.339224124134181
1.5 1.75 6 7 -1603.719921021843 1.162343584634562
1.5 1.75 7 8 -1140.413514665511 1.018120290830033
1.5 1.75 8 9 -814.4436620972442 0.8977094284465172
1.5 1.75 9 10 -580.6942741507414 0.8003238153001223
1.5 1.75 10 11 -410.3521758211705 0.7167990063683565
1.5 1.75 11 12 -284.5023214327032 0.6463378278455836
1.5 1.75 12 13 -190.4679094261037 0.5859353007354724
1.5 1.75 13 14 -119.5785173346471 0.5336873998482168
1.5 1.75 14 15 -65.78127988940628 0.4881266076770452
1.5 1.75 15 16 -24.77302688447344 0.448108751227399
1.5 1.75 16 17 6.556222317881293 0.4127311171357342
1.5 1.75 17 18 30.48754681065748 0.3812732363970939
1.5 1.75 18 19 48.7163225264519 0.3531537968317723
1.5 1.75 19 20 62.51760081998646 0.3278989897334058
1.5 1.75 20 21 72.86050718596493 0.3051189997801862
1.5 1.75 21 22 80.48863274723942 0.2844903421573068
1.5 1.75 22 23 85.97735314808631 0.2657424427583784
1.5 1.75 23 24 89.77524486130801 0.2486473292881751
1.5 1.75 24 25 92.23437954174699 0.2330116307704307
1.5 1.75 25 26 93.63273370671698 0.2186703067669605
1.5 1.75 26 27 94.19093827286974 0.2054816879542579
1.5 1.75 27 28 94.08491727242824 0.1933235182154435
1.5 1.75 28 29 93.45550873769139 0.1820897735388165
1.5 1.75 29 30 92.41584776180548 0.171688082863225
1.5 1.75 30 31 91.05707476781856 0.1620376240055559
1.5 1.75 31 32 89.45277945379689 0.1530673951485437
1.5 1.75 32 33 87.66248259585143 0.1447147870110048
1.5 1.75 33 34 85.73438018286703 0.1369243943696328
1.5 1.75 34 35 83.70751804337038 0.1296470245373839
1.5 1.75 35 36 81.61352391402107 0.1228388624454544
1.5 1.75 36 37 79.47799349857354 0.1164607673383986
1.5 1.75 37 38 77.32160450262427 0.1104776752830604
1.5 1.75 38 39 75.16101562676158 0.1048580915012037
1.5 1.75 39 40 73.0095947428938 0.09957365371161965
1.5 1.75 40 41 70.8780107710225 0.09459876080420421
1.5 1.75 41 42 68.77471626897028 0.08991025002990898
1.5 1.75 42 43 66.70634207630843 0.08548711882825029
1.5 1.75 43 44 64.67802093852629 0.08131028404430968
1.5 1.75 44 45 62.69365348597762 0.07736237173765108
1.5 1.75 45 46 60.75500802182128 0.07437829368499434
1.5 1.75 46 47 58.86615429354595 0.07510592402559663
1.5 1.75 47 48 57.0273486426195 0.0796506763794705
1.5 1.75 48 49 55.23941645275673 0.08733604574135324
1.5 1.75 49 50 53.50240709981981 0.0954602491626077
1.75 2 0 1 1020.737974254584 0.869262254729068
1.75 2 1 2 -7176.586625260772 3.616740852076749
1.75 2 2 3 -6625.757787299863 2.955499285034369
1.75 2 3 4 -4620.55682379693 2.298555661590089
1.75 2 4 5 -3178.940587211684 1.846716513759535
1.75 2 5 6 -2209.869230665088 1.52914537239218
1.75 2 6 7 -1554.877903173006 1.296168663821704
1.75 2 7 8 -1103.813868587783 1.118627725298084
1.75 2 8 9 -786.7955596896327 0.9790423218292765
1.75 2 9 10 -559.7156593744148 0.8663436417511104
1.75 2 10 11 -394.397259252416 0.7737279049952782
1.75 2 11 12 -272.3690504674589 0.6961306311404788
1.75 2 12 13 -181.276096154244 0.6302453957736054
1.75 2 13 14 -112.6701979846355 0.5736410283128132
1.75 2 14 15 -60.65776060742451 0.5245203515782724
1.75 2 15 16 -21.05169357926025 0.4815251521494476
1.75 2 16 17 9.172051407583695 0.4436089868968932
1.75 2 17 18 32.23003112857486 0.4099519083162111
1.75 2 18 19 49.7685562569286 0.3799018510910393
1.75 2 19 20 63.02494401871741 0.3529334275659757
1.75 2 20 21 72.93900927962522 0.328618368934777
1.75 2 21 22 80.23137438707136 0.3066039301522723
1.75 2 22 23 85.45927567021693 0.2865968512701471
1.75 2 23 24 89.05686594385156 0.2683512667487606
1.75 2 24 25 91.36467835169083 0.2516594677910629
1.75 2 25 26 92.65140973285588 0.2363447576709518
1.75 2 26 27 93.13019295783761 0.2222558633562099
1.75 2 27 28 92.97086864749031 0.2092625200102767
1.75 2 28 29 92.30932141518974 0.1972519490828867
1.75 2 29 30 91.25464045361957 0.1861260251603518
1.75 2 30 31 89.89465270350365 0.1757989783423279
1.75 2 31 32 88.30022810220629 0.1661955166761548
1.75 2 32 33 86.52865088538289 0.1572492821494502
1.75 2 33 34 84.62627521784839 0.1489015724509816
1.75 2 34 35 82.6306285873755 0.1411002754817473
1.75 2 35 36 80.57208628409484 0.1337989781858523
1.75 2 36 37 78.47521071247695 0.1269562155253932
1.75 2 37 38 76.35982733120471 0.1205348346620357
1.75 2 38 39 74.2418924987029 0.1145014555043807
1.75 2 39 40 72.13419609523743 0.1088260094702321
1.75 2 40 41 70.04693237588396 0.1034813438168805
1.75 2 41 42 67.98816521053084 0.09844288225416421
1.75 2 42 43 65.9642083802496 0.0936883304622578
1.75 2 43 44 63.97993729984236 0.08919742168360673
1.75 2 44 45 62.03904511090155 0.08495169520548655
1.75 2 45 46 60.14317432479447 0.08174587002983193
1.75 2 46 47 58.29618731414166 0.08225255709759362
1.75 2 47 48 56.49827826885135 0.0864197210926921
1.75 2 48 49 54.75019437166699 0.09357338674691755
1.75 2 49 50 53.05191982729761 0.1011099635382448
2 2.25 0 1 722.3268632568953 0.2280170226347469
2 2.25 1 2 -7287.474789565682 1.779559040385593
2 2.25 2 3 -6470.271596243942 1.916345127166138
2 2.25 3 4 -4457.497944084636 1.62624935080308
2 2.25 4 5 -3038.61951641404 1.385264605131376
2 2.25 5 6 -2093.596254696637 1.199937053799834
2 2.25 6 7 -1459.218197679216 1.054176748942331
2 2.25 7 8 -1024.974650964105 0.9359451393587652
2 2.25 8 9 -721.5095325626298 0.8384476556296439
2 2.25 9 10 -505.34854345748 0.7559736570183474
2 2.25 10 11 -348.8652412305228 0.6856257544360882
2 2.25 11 12 -234.0300170528933 0.6248881625313789
2 2.25 12 13 -148.8329498249873 0.5719696187568575
2 2.25 13 14 -85.09241662631484 0.5255040687128054
2 2.25 14 15 -37.12095742027759 0.4844278685701761
2 2.25 15 16 -0.8915795235304813 0.4478987315414297
2 2.25 16 17 26.49462656647552 0.415240173411695
2 2.25 17 18 47.15569153747742 0.3859022689991381
2 2.25 18 19 62.65976853097118 0.3594332399638058
2 2.25 19 20 74.18171361759335 0.3354584621484278
2 2.25 20 21 82.61106698940034 0.3136646847310739
2 2.25 21 22 88.62771005638729 0.2937879921572701
2 2.25 22 23 92.75565273349605 0.2756045019797734
2 2.25 23 24 95.40178733555479 0.2589230944021764
2 2.25 24 25 96.88415564095624 0.243579671616811
2 2.25 25 26 97.45280043213313 0.2294325823378574
2 2.25 26 27 97.30530703417401 0.2163589456287413
2 2.25 27 28 96.59849793125966 0.2042516703134514
2 2.25 28 29 95.45731027552847 0.1930170266868224
2 2.25 29 30 93.98158957467285 0.182572648925958
2 2.25 30 31 92.25132768511776 0.1728458854139018
2 2.25 31 32 90.33072928279705 0.1637724266588312
2 2.25 32 33 88.27138900126681 0.1552951584984123
2 2.25 33 34 86.11478840465031 0.1473631980846432
2 2.25 34 35 83.89426913605286 0.1399310802311644
2 2.25 35 36 81.63660000647502 0.1329580664141527
2 2.25 36 37 79.36322739506477 0.1264075572512937
2 2.25 37 38 77.09127728583348 0.1202465883995662
2 2.25 38 39 74.83436145427908 0.1144453995383607
2 2.25 39 40 72.60322846585711 0.1089770601168204
2 2.25 40 41 70.40629115459956 0.1038171489912537
2 2.25 41 42 68.25005530926342 0.09894347380010109
2 2.25 42 43 66.13946905965892 0.09433582727856354
2 2.25 43 44 64.07820838894762 0.08997577559668694
2 2.25 44 45 62.06891093601391 0.08584647182134633
2 2.25 45 46 60.11231768548845 0.08261623602772045
2 2.25 46 47 58.21141883119094 0.08277941219663576
2 2.25 47 48 56.36570996567144 0.08640502704342599
2 2.25 48 49 54.57529412181469 0.09284567893119326
2 2.25 49 50 52.83959470554166 0.09964282304930362
2.25 2.5 0 1 417.0704859668485 0.8350573762170203
2.25 2.5 1 2 -7369.964147882485 1.852141585697607
2.25 2.5 2 3 -6273.619613597133 1.943329462636317
2.25 2.5 3 4 -4268.918084896117 1.672361071012111
2.25 2.5 4 5 -2887.017014319644 1.466000251821484
2.25 2.5 5 6 -1975.503658417138 1.285624753828716
2.25 2.5 6 7 -1367.466468429083 1.134931415042003
2.25 2.5 7 8 -953.3031534737215 1.009217607090308
2.25 2.5 8 9 -665.1151456996404 0.9037631183083626
2.25 2.5 9 10 -460.6580736122955 0.8140130316242684
2.25 2.5 10 11 -313.2370109872131 0.7372616270661204
2.25 2.5 11 12 -205.4930729634755 0.6709763895627393
2.25 2.5 12 13 -125.9010094340579 0.6132798021176276
2.25 2.5 13 14 -66.63109415781355 0.5627008031210388
2.25 2.5 14 15 -22.25419162476874 0.5180753082082884
2.25 2.5 15 16 11.06467705890987 0.4784727036534823
2.25 2.5 16 17 36.07988982989218 0.4431415869022169
2.25 2.5 17 18 54.79936617003523 0.4114695059695955
2.25 2.5 18 19 68.70642076903914 0.3829528352876829
2.25 2.5 19 20 78.90986206319735 0.3571740196391865
2.25 2.5 20 21 86.24732222755654 0.3337842118512115
2.25 2.5 21 22 91.35753426192559 0.312489895633561
2.25 2.5 22 23 94.7316326697412 0.2930424809947736
2.25 2.5 23 24 96.7500565114176 0.2752301382858308
2.25 2.5 24 25 97.70942363205552 0.2588713342526471
2.25 2.5 25 26 97.84232326148901 0.2438096739965904
2.25 2.5 26 27 97.33204479116694 0.2299097535204557
2.25 2.5 27 28 96.32364307912019 0.2170538002572649
2.25 2.5 28 29 94.93232472268073 0.2051389342758902
2.25 2.5 29 30 93.24985540851213 0.1940749209304624
2.25 2.5 30 31 91.34949195615513 0.183782314339564
2.25 2.5 31 32 89.28980494143769 0.1741909177586312
2.25 2.5 32 33 87.11766032628253 0.1652384964679646
2.25 2.5 33 34 84.87055881396952 0.1568696994439776
2.25 2.5 34 35 82.57848127095383 0.1490351489972224
2.25 2.5 35 36 80.26535181564014 0.141690670676729
2.25 2.5 36 37 77.95020315732302 0.134796638097708
2.25 2.5 37 38 75.64810876896502 0.128317412641838
2.25 2.5 38 39 73.37093146373473 0.1222208646849151
2.25 2.5 39 40 71.12792671338832 0.1164779594701398
2.25 2.5 40 41 68.92623052366443 0.1110624017065601
2.25 2.5 41 42 66.77125512115387 0.1059503259982738
2.25 2.5 42 43 64.66701074875377 0.1011200283268609
2.25 2.5 43 44 62.61636805046538 0.09655173270468183
2.25 2.5 44 45 60.62127242159954 0.09222738545980114
2.25 2.5 45 46 58.68191292096299 0.08848598834882966
2.25 2.5 46 47 56.80068702488705 0.08664485659541855
2.25 2.5 47 48 54.97669232389109 0.08685530491827501
2.25 2.5 48 49 53.20965160843377 0.08894087201356056
2.25 2.5 49 50 51.49866567259153 0.09343299254056317
2.5 2.75 0 1 80.20704588583123 0.8703726988878612
2.5 2.75 1 2 -7459.034315880802 2.727962983471729
2.5 2.75 2 3 -6069.140035492946 3.386550401808468
2.5 2.75 3 4 -4070.140561750015 2.897183353065332
2.5 2.75 4 5 -2723.21078551342 2.433988697215372
2.5 2.75 5 6 -1844.201671235593 2.066562285979713
2.5 2.75 6 7 -1262.390692107459 1.778135151455276
2.5 2.75 7 8 -868.7608635715051 1.548747536871262
2.5 2.75 8 9 -596.5994608133296 1.362824150891889
2.5 2.75 9 10 -404.7218117362575 1.210058942830899
2.5 2.75 10 11 -267.2594666255018 1.082522019606505
2.5 2.75 11 12 -167.4714593196643 0.9747492832064185
2.5 2.75 12 13 -94.29182278960025 0.8826762970044724
2.5 2.75 13 14 -40.23313343323207 0.8032586557818436
2.5 2.75 14 15 -0.123395834744997 0.7341765288179075
2.5 2.75 15 16 29.67731947850416 0.6736342324794605
2.5 2.75 16 17 51.77391919771048 0.6202218670198997
2.5 2.75 17 18 68.05861723575731 0.5728180883808742
2.5 2.75 18 19 79.92429217547146 0.5305206037459237
2.5 2.75 19 20 88.4084237040945 0.4925956768696714
2.5 2.75 20 21 94.2919097360317 0.4584408890679911
2.5 2.75 21 22 98.16800448025515 0.4275572926777905
2.5 2.75 22 23 100.4911231919627 0.3995283202775033
2.5 2.75 23 24 101.6118608675267 0.3740036210686396
2.5 2.75 24 25 101.802430234157 0.3506865383962512
2.5 2.75 25 26 101.2753497947099 0.329324309534638
2.5 2.75 26 27 100.1973159331257 0.3097003247902235
2.5 2.75 27 28 98.69959854267825 0.2916279598638264
2.5 2.75 28 29 96.8858999279704 0.2749456215004269
2.5 2.75 29 30 94.83834398800798 0.2595127390268782
2.5 2.75 30 31 92.62207455261597 0.2452064967939867
2.5 2.75 31 32 90.28881009779076 0.2319191545168811
2.5 2.75 32 33 87.87960908882098 0.2195558351489288
2.5 2.75 33 34 85.4270338030754 0.2080326886211602
2.5 2.75 34 35 82.95685259310193 0.1972753590887074
2.5 2.75 35 36 80.48938567658865 0.1872176990798839
2.5 2.75 36 37 78.0405739469482 0.17780068559531
2.5 2.75 37 38 75.62283137933099 0.1689715017346969
2.5 2.75 38 39 73.24572743769903 0.1606827561311665
2.5 2.75 39 40 70.91653529490515 0.1528918158790737
2.5 2.75 40 41 68.64067367132427 0.1455602347493444
2.5 2.75 41 42 66.42206392303945 0.138653261267849
2.5 2.75 42 43 64.26341937574921 0.1321394135282451
2.5 2.75 43 44 62.16648031914784 0.1259901114547927
2.5 2.75 44 45 60.13220518703537 0.1201793561830362
2.5 2.75 45 46 58.15996116421448 0.1149320819392406
2.5 2.75 46 47 56.25131180271768 0.1111661145566292
2.5 2.75 47 48 54.4047328487861 0.1090137952405118
2.5 2.75 48 49 52.61936474739699 0.1084075545939742
2.5 2.75 49 50 50.89379873693539 0.1084363935918933
2.75 3 0 1 -276.0253812808421 0.9132071641855599
2.75 3 1 2 -7488.762598146413 7.250116788702138
2.75 3 2 3 -5794.306279719811 6.686583277745939
2.75 3 3 4 -3814.256893909376 5.316071469994245
2.75 3 4 5 -2515.315295979141 4.283360787573203
2.75 3 5 6 -1679.371978925599 3.529708743247516
2.75 3 6 7 -1131.849527282207 2.966619217186582
2.75 3 7 8 -764.8053640268404 2.534150107057155
2.75 3 8 9 -513.2145252836317 2.193438030181043
2.75 3 9 10 -337.3508644697031 1.919542744841424
2.75 3 10 11 -212.4665666280414 1.695280023002636
2.75 3 11 12 -122.6521936178497 1.508891553225948
2.75 3 12 13 -57.45446880869486 1.351966727876634
2.75 3 13 14 -9.838976658576257 1.218365658104002
2.75 3 14 15 25.02859060439027 1.103510832853891
2.75 3 15 16 50.53389552060389 1.003925592434655
2.75 3 16 17 69.08834907639266 0.9169256011889519
2.75 3 17 18 82.43536327492279 0.8404077370406824
2.75 3 18 19 91.85223070884661 0.7727025603699241
2.75 3 19 20 98.28579537901624 0.7124692286384867
2.75 3 20 21 102.4452573886516 0.6586193424307973
2.75 3 21 22 104.8666912937208 0.6102608860157384
2.75 3 22 23 105.9585676176497 0.5666563690449623
2.75 3 23 24 106.0343075502155 0.5271911621048254
2.75 3 24 25 105.33585363061 0.4913492574645142
2.75 3 25 26 104.0509295616869 0.4586945091752979
2.75 3 26 27 102.3258103919998 0.4288559671487616
2.75 3 27 28 100.2748610337954 0.4015163044251412
2.75 3 28 29 97.98772338432707 0.3764026059113777
2.75 3 29 30 95.53477523314905 0.3532789778842106
2.75 3 30 31 92.97130722295088 0.3319405735527221
2.75 3 31 32 90.34074064588106 0.3122087296826339
2.75 3 32 33 87.67712181777762 0.2939269819336839
2.75 3 33 34 85.00706678447756 0.2769577795483368
2.75 3 34 35 82.35128548812963 0.2611797616907585
2.75 3 35 36 79.72578209926814 0.2464854863203379
2.75 3 36 37 77.14280448851576 0.2327795277977914
2.75 3 37 38 74.61159830032616 0.2199768745196837
2.75 3 38 39 72.13900800651848 0.2080015738888081
2.75 3 39 40 69.72995756386391 0.1967855814761899
2.75 3 40 41 67.38783593122167 0.1862677786776275
2.75 3 41 42 65.11480705316143 0.1763931323969333
2.75 3 42 43 62.91205965656047 0.1671119720985157
2.75 3 43 44 60.78000896383583 0.1583793668485618
2.75 3 44 45 58.71845976665088 0.1501545858489341
2.75 3 45 46 56.72582285291517 0.1425800787896136
2.75 3 46 47 54.80268547617564 0.1363075536519088
2.75 3 47 48 52.9468055202895 0.1314396915827118
2.75 3 48 49 51.15665169145637 0.1279491049701043
2.75 3 49 50 49.43022630600396 0.1251766117622324
3 3.25 0 1 -632.2943016772125 3.633284175507638
3 3.25 1 2 -7374.478685332722 12.60532829059878
3 3.25 2 3 -5397.15586068807 10.43554097957183
3 3.25 3 4 -3471.959096665836 8.03871848626156
3 3.25 4 5 -2246.87602069036 6.361587058586871
3 3.25 5 6 -1471.876063406068 5.176020362872718
3 3.25 6 7 -970.9955871424308 4.307281051928527
3 3.25 7 8 -639.1794923947073 3.649195906351443
3 3.25 8 9 -414.3008910764991 3.136442945430836
3 3.25 9 10 -258.8860498322888 2.727790971195012
3 3.25 10 11 -149.8273333854238 2.395729001120219
3 3.25 11 12 -72.39511604494169 2.121549704767832
3 3.25 12 13 -16.98483904862496 1.892048647900129
3 3.25 13 14 22.82195089987658 1.697675880568196
3 3.25 14 15 51.40744562823443 1.531367796165148
3 3.25 15 16 71.82138490969032 1.387796392331458
3 3.25 16 17 86.22253827919053 1.262872951898693
3 3.25 17 18 96.16208485035634 1.153411567583411
3 3.25 18 19 102.7694400556281 1.056895857184226
3 3.25 19 20 106.8765305414838 0.9713139429467864
3 3.25 20 21 109.1024114832114 0.8950395943395074
3 3.25 21 22 109.9118322178991 0.8267452156287163
3 3.25 22 23 109.6563794919908 0.7653371997303946
3 3.25 23 24 108.603776261432 0.7099072501433291
3 3.25 24 25 106.9590057909022 0.6596952746814606
3 3.25 25 26 104.879714985065 0.6140607805989533
3 3.25 26 27 102.4875629188581 0.5724605937830859
3 3.25 27 28 99.87666135225322 0.5344313381338305
3 3.25 28 29 97.11990702843462 0.4995755349687627
3 3.25 29 30 94.27377011253253 0.4675504847373804
3 3.25 30 31 91.38194161755803 0.4380593050659251
3 3.25 31 32 88.47813024415899 0.4108436560734574
3 3.25 32 33 85.58822008327479 0.3856777952191011
3 3.25 33 34 82.73194451703836 0.3623636888666616
3 3.25 34 35 79.92419139544899 0.3407269685011736
3 3.25 35 36 77.17602538913326 0.3206135678730463
3 3.25 36 37 74.49549212699256 0.3018869112072051
3 3.25 37 38 71.88825306124394 0.2844255508813961
3 3.25 38 39 69.35808833169204 0.2681211738154959
3 3.25 39 40 66.90729622185137 0.2528769110200873
3 3.25 40 41 64.53701127049573 0.2386058985391438
3 3.25 41 42 62.24745810123343 0.225230047776874
3 3.25 42 43 60.03815427953035 0.2126789903926131
3 3.25 43 44 57.90807265843432 0.2008891698655803
3 3.25 44 45 55.85577133824273 0.1898030568069323
3 3.25 45 46 53.87864803214879 0.1794941800536618
3 3.25 46 47 51.97622153917942 0.1703971141516025
3 3.25 47 48 50.14550659636363 0.1625692407118089
3 3.25 48 49 48.38426980259241 0.1559857307546041
3 3.25 49 50 46.68990161775395 0.150177241614655
3.25 3.5 0 1 -953.9026923865873 5.939401658633668
3.25 3.5 1 2 -6998.00162189974 21.21193259431212
3.25 3.5 2 3 -4816.410549658287 15.0776208215262
3.25 3.5 3 4 -3011.455321817835 11.02090346691929
3.25 3.5 4 5 -1901.719718828747 8.45609219016559
3.25 3.5 5 6 -1214.19128372573 6.729647832251693
3.25 3.5 6 7 -777.2400533845666 5.503034542214655
3.25 3.5 7 8 -492.1598353519926 4.594212453837098
3.25 3.5 8 9 -301.8077236641757 3.898273223586534
3.25 3.5 9 10 -172.240780650832 3.351339392184363
3.25 3.5 10 11 -82.78766153392962 2.912203781178309
3.25 3.5 11 12 -20.41101374560662 2.55336505093928
3.25 3.5 12 13 23.30912606255242 2.25576183622469
3.25 3.5 13 14 53.95003518431986 2.005805298455602
3.25 3.5 14 15 75.28776760552853 1.79356641123251
3.25 3.5 15 16 89.9289100950067 1.611634535398545
3.25 3.5 16 17 99.70373626868036 1.454375390575039
3.25 3.5 17 18 105.9167672599052 1.317435074838191
3.25 3.5 18 19 109.5099993759706 1.19740035070327
3.25 3.5 19 20 111.1713942549886 1.091560879164944
3.25 3.5 20 21 111.408315965131 0.9977395718285299
3.25 3.5 21 22 110.5980710753807 0.9141694381476434
3.25 3.5 22 23 109.0232174882153 0.839402783431125
3.25 3.5 23 24 106.8965710980636 0.7722433092423756
3.25 3.5 24 25 104.3791371231447 0.7116946840334947
3.25 3.5 25 26 101.5931138027589 0.6569211298523698
3.25 3.5 26 27 98.63141997840029 0.60721689074602
3.25 3.5 27 28 95.56474138812484 0.5619823461728375
3.25 3.5 28 29 92.44678654897308 0.5207051513335578
3.25 3.5 29 30 89.31823769097059 0.4829452197810111
3.25 3.5 30 31 86.20974183549583 0.4483226708788481
3.25 3.5 31 32 83.14418978895674 0.416508085820508
3.25 3.5 32 33 80.13846269468769 0.3872145753382693
3.25 3.5 33 34 77.20477756852858 0.3601912813415519
3.25 3.5 34 35 74.35172877949125 0.3352180207702047
3.25 3.5 35 36 71.58509753792794 0.3121008460490527
3.25 3.5 36 37 68.90848337000304 0.2906683457391012
3.25 3.5 37 38 66.32379828352944 0.2707685465228953
3.25 3.5 38 39 63.83165448690053 0.2522663063983163
3.25 3.5 39 40 61.43166923089288 0.2350411117373398
3.25 3.5 40 41 59.12270487485469 0.2189852074877482
3.25 3.5 41 42 56.90305810934035 0.2040020042076906
3.25 3.5 42 43 54.77060914380772 0.1900047157324776
3.25 3.5 43 44 52.7229393253883 0.1769151901960806
3.25 3.5 44 45 50.75742371187829 0.1646629036092882
3.25 3.5 45 46 48.87054611777847 0.1533088195010754
3.25 3.5 46 47 47.06078247866593 0.1432844409008103
3.25 3.5 47 48 45.32451564457216 0.1346619711068933
3.25 3.5 48 49 43.65889750854886 0.127432444481427
3.25 3.5 49 50 42.06079688653286 0.1211307247895998
3.5 3.75 0 1 -1166.833210419587 9.286894954138392
3.5 3.75 1 2 -6210.529066981566 25.25132624020197
3.5 3.75 2 3 -3996.681970746369 15.79916013586979
3.5 3.75 3 4 -2413.744171403978 10.95974912042251
3.5 3.75 4 5 -1476.746035774122 8.138351602902965
3.5 3.75 5 6 -910.343408637548 6.321700663002334
3.5 3.75 6 7 -557.7133834447311 5.068799565821664
3.5 3.75 7 8 -332.0577854407643 4.160807190647887
3.5 3.75 8 9 -184.2882280853987 3.477640468480037
3.5 3.75 9 10 -85.75265942562783 2.948549737565864
3.5 3.75 10 11 -19.25585500871807 2.529067272375026
3.5 3.75 11 12 25.90969391561339 2.190085530355096
3.5 3.75 12 13 56.57847080306829 1.911757695097171
3.5 3.75 13 14 77.22791286673248 1.680127654824363
3.5 3.75 14 15 90.85735258254749 1.485117823928556
3.5 3.75 15 16 99.51559213198789 1.319284286116286
3.5 3.75 16 17 104.6261369959892 1.17701949800405
3.5 3.75 17 18 107.1926866522505 1.054026164075036
3.5 3.75 18 19 107.9319266103017 0.9469609008603372
3.5 3.75 19 20 107.3611169428049 0.8531873101538076
3.5 3.75 20 21 105.856945937937 0.7706013621501593
3.5 3.75 21 22 103.6957435268516 0.6975056578291591
3.5 3.75 22 23 101.0813767808844 0.6325174042372659
3.5 3.75 23 24 98.1648667193997 0.5745000674936481
3.5 3.75 24 25 95.0583547344977 0.5225119310447225
3.5 3.75 25 26 91.84515783394562 0.4757669043727343
3.5 3.75 26 27 88.58708155647065 0.4336043322642208
3.5 3.75 27 28 85.32978727860811 0.3954654987573349
3.5 3.75 28 29 82.10676422973779 0.3608751699511099
3.5 3.75 29 30 78.94229084883602 0.3294269691907065
3.5 3.75 30 31 75.8536574492698 0.3007716969374967
3.5 3.75 31 32 72.85284441326195 0.2746079344113996
3.5 3.75 32 33 69.94779598176817 0.2506744343020506
3.5 3.75 33 34 67.14339155059545 0.22874392241309
3.5 3.75 34 35 64.44218924639597 0.2086180221057292
3.5 3.75 35 36 61.84499703927361 0.1901230812042241
3.5 3.75 36 37 59.35131254713559 0.173106730466974
3.5 3.75 37 38 56.95966237927243 0.1574350417046681
3.5 3.75 38 39 54.66786426948663 0.1429901845360939
3.5 3.75 39 40 52.47322963751461 0.1296685047688522
3.5 3.75 40 41 50.37272004371636 0.1173789672850054
3.5 3.75 41 42 48.36306782621317 0.1060419250266159
3.5 3.75 42 43 46.44086884318118 0.09558819093895371
3.5 3.75 43 44 44.60265349260749 0.08595840551300786
3.5 3.75 44 45 42.84494071091518 0.07710270781124554
3.5 3.75 45 46 41.16364775596965 0.06919359626642989
3.5 3.75 46 47 39.55643807354176 0.06307897759121248
3.5 3.75 47 48 38.01938150054839 0.05901595470173775
3.5 3.75 48 49 36.54928421203827 0.05702403470440438
3.5 3.75 49 50 35.14275579651679 0.05865816179334561
3.75 4 0 1 -1198.579204281755 1.186661255852856
3.75 4 1 2 -4936.274958052858 24.13144646326434
3.75 4 2 3 -2943.957911806534 11.10445144172116
3.75 4 3 4 -1698.853280602358 6.439048175931121
3.75 4 4 5 -993.6519741479626 4.164718021719907
3.75 4 5 6 -580.6006899078998 2.870677938073061
3.75 4 6 7 -330.4340718344324 2.061223965846259
3.75 4 7 8 -174.5774909696856 1.521573222611961
3.75 4 8 9 -75.32376895145899 1.145007893030085
3.75 4 9 10 -11.14328893566199 0.8737377597829753
3.75 4 10 11 30.6476723500532 0.6737694702358948
3.75 4 11 12 57.81445997515675 0.5243633839831436
3.75 4 12 13 75.23700825453614 0.412317090799878
3.75 4 13 14 86.06492074510641 0.3290431689000504
3.75 4 14 15 92.37735975219334 0.2991616884741009
3.75 4 15 16 95.57381454400092 0.2746897036809525
3.75 4 16 17 96.61206700306292 0.252905053448868
3.75 4 17 18 96.15685169634111 0.2334240799663593
3.75 4 18 19 94.67490235908843 0.2159297939353277
3.75 4 19 20 92.49700436079206 0.2001584710378163
3.75 4 20 21 89.85927528178757 0.1861446264247333
3.75 4 21 22 86.93109397745081 0.1906987710479558
3.75 4 22 23 83.83428429022931 0.19567141083064
3.75 4 23 24 80.65647159701874 0.2005110447091881
3.75 4 24 25 77.46049582193365 0.2049283497104793
3.75 4 25 26 74.29111771708034 0.2087891878012348
3.75 4 26 27 71.17984334763938 0.2120484130179373
3.75 4 27 28 68.1484248984178 0.214710315297951
3.75 4 28 29 65.21142047131073 0.2168053696950056
3.75 4 29 30 62.37807835922123 0.2183767084311213
3.75 4 30 31 59.65373212680748 0.2194723404453782
3.75 4 31 32 57.04083856610164 0.2201407617466404
3.75 4 32 33 54.53975304051905 0.2204285666827163
3.75 4 33 34 52.14931045143912 0.2203792376903252
3.75 4 34 35 49.86726148890467 0.2200326250206119
3.75 4 35 36 47.69060056286348 0.2194248238624293
3.75 4 36 37 45.61581229020356 0.2185882739496899
3.75 4 37 38 43.63905650528963 0.21755197700262
3.75 4 38 39 41.75630669815438 0.2163417688204268
3.75 4 39 40 39.96345308353534 0.2149806099851194
3.75 4 40 41 38.25637876122121 0.2134888732565161
3.75 4 41 42 36.63101536447572 0.2118846167743476
3.75 4 42 43 35.08338306017581 0.210183836813903
3.75 4 43 44 33.60961865549309 0.2084006980004816
3.75 4 44 45 32.20599461646359 0.2065477406831902
3.75 4 45 46 30.86846147684091 0.2046841249676536
3.75 4 46 47 29.5943322930753 0.2029859260015397
3.75 4 47 48 28.37988497217078 0.2014608531854439
3.75 4 48 49 27.22203077793953 0.2000861871656894
3.75 4 49 50 26.11755260773199 0.1987146344517919
4 5 0 1 -1635.258091471072 2.594575339927305
4 5 1 2 -4955.080128629312 7.678799528721171
4 5 2 3 -2561.027603736003 5.351829411238346
4 5 3 4 -1327.737645361255 3.903824736415593
4 5 4 5 -687.7353772685406 2.890788848686561
4 5 5 6 -337.9327938034269 2.19150832965449
4 5 6 7 -139.6909802781367 1.713657827703413
4 5 7 8 -24.57211993913711 1.38107272856012
4 5 8 9 43.10436767477574 1.144376237869085
4 5 9 10 82.79353629893069 0.9704264222462283
4 5 10 11 105.4604864351826 0.8387057152426571
4 5 11 12 117.5784127539335 0.7366260004334542
4 5 12 13 123.0653725532131 0.6554278462653836
4 5 13 14 124.3498232714734 0.5891139350273341
4 5 14 15 122.971490093371 0.5340315014872403
4 5 15 16 119.9270021522652 0.4877386913563012
4 5 16 17 115.870583127781 0.4482795714456441
4 5 17 18 111.2347222178458 0.4141086821241209
4 5 18 19 106.30621059011 0.3841337722693996
4 5 19 20 101.2753304362887 0.3576151405850387
4 5 20 21 96.2678295797931 0.3340096732350792
4 5 21 22 91.36577562984607 0.3128729047081444
4 5 22 23 86.621350747094 0.2938288309879437
4 5 23 24 82.0661734231735 0.2765674627816599
4 5 24 25 77.71771464505306 0.2608410149687011
4 5 25 26 73.58375869707703 0.2464526938300928
4 5 26 27 69.66551445369095 0.2332430526221116
4 5 27 28 65.95978667612579 0.2210788625888962
4 5 28 29 62.46049276143259 0.2098460111039545
4 5 29 30 59.15972417884117 0.1994455569872155
4 5 30 31 56.04849032883162 0.1897914876249766
4 5 31 32 53.11723932147653 0.1808091153731058
4 5 32 33 50.35622066007184 0.1724336201019146
4 5 33 34 47.7557350158035 0.1646086319304467
4 5 34 35 45.30630298745884 0.1572849049504636
4 5 35 36 42.99877565162307 0.1504191518424622
4 5 36 37 40.82440339994479 0.1439730732409775
4 5 37 38 38.77487504400749 0.1379125772216771
4 5 38 39 36.84233589921936 0.1322071611007552
4 5 39 40 35.01939118560626 0.1268294205915021
4 5 40 41 33.2990993513577 0.1217546539291152
4 5 41 42 31.67495863868982 0.1169605353456962
4 5 42 43 30.14088927960307 0.1124268398851678
4 5 43 44 28.69121307993514 0.1081352067907922
4 5 44 45 27.32063158132489 0.104068934127092
4 5 45 46 26.02373659819306 0.1006019703603094
4 5 46 47 24.79636077086474 0.09910546947161865
4 5 47 48 23.63380112015019 0.09949499622564069
4 5 48 49 22.53211670161726 0.1012778215600661
4 5 49 50 21.48706804436026 0.1032338827940301
-5 5 0 50 -750113.7902019781 92.69057301867441
