#ylo yhi qTlo qThi PDF0  uncertainty
-5 -4 0 1 3980.493719215409 15.48535724184531
-5 -4 1 2 133.5297010331387 17.49222920518238
-5 -4 2 3 -20542.55173435544 61.60577514811187
-5 -4 3 4 8989.5028905581 51.08045543795792
-5 -4 4 5 6558.291208610866 36.11675994672763
-5 -4 5 6 -7529.463384500097 33.72846875005604
-5 -4 6 7 -912.0474349331085 3.60232504713985
-5 -4 7 8 1427.454191088334 11.38800895763969
-5 -4 8 9 140.8815693530491 4.275461862642864
-5 -4 9 10 -183.089482064409 4.196825509950843
-5 -4 10 11 -27.18970368059149 2.621390316270067
-5 -4 11 12 51.62981405035998 3.67963910183722
-5 -4 12 13 72.92680790209806 0.7405282909251546
-5 -4 13 14 114.8680853827165 2.925154874510074
-5 -4 14 15 40.54341566536914 1.357016060708763
-5 -4 15 16 100.7719806247771 2.602803268711983
-5 -4 16 17 76.08628036101709 2.538854950613019
-5 -4 17 18 49.26691063476403 2.40163828031619
-5 -4 18 19 79.99791119755446 1.999114430033263
-5 -4 19 20 48.56364803447576 1.55955715035643
-5 -4 20 21 65.17604222507782 1.120960382647274
-5 -4 21 22 61.49829492555401 0.5860811352814697
-5 -4 22 23 51.10976047757487 0.2763576677339729
-5 -4 23 24 53.12384849081846 1.436244106957124
-5 -4 24 25 40.26849276107555 1.286548540608532
-5 -4 25 26 48.50939425607129 0.8351508872759658
-5 -4 26 27 55.7298968680592 0.6537925873154335
-5 -4 27 28 33.33364756299886 0.4398757900416932
-5 -4 28 29 31.76330087975686 0.4396148489093205
-5 -4 29 30 42.51693109651761 0.2238860251404123
-5 -4 30 31 40.11532132059305 0.719013199705635
-5 -4 31 32 27.68900278681194 0.2948219141146123
-5 -4 32 33 27.55306341128974 0.3598858081740489
-5 -4 33 34 29.51122388168206 0.6393289808122262
-5 -4 34 35 29.37347338584595 0.4712565670612005
-5 -4 35 36 25.09687057899264 0.4009131400928724
-5 -4 36 37 24.2430201228095 0.3300780246928063
-5 -4 37 38 22.37816221264038 0.1352441640539658
-5 -4 38 39 21.04828635095967 0.128226487919959
-5 -4 39 40 19.80567124885639 0.1181670512313327
-5 -4 40 41 18.63320305318491 0.1056536238759006
-5 -4 41 42 17.52049235031598 0.09397469692675636
-5 -4 42 43 16.4644326771113 0.0851230476873166
-5 -4 43 44 15.46544069670327 0.07912531054387793
-5 -4 44 45 14.52383517138831 0.07502496797929911
-5 -4 45 46 13.73987895339094 0.08191424828183422
-5 -4 46 47 12.71797537319073 0.1486387518819985
-5 -4 47 48 11.84283707591337 0.2384377352255075
-5 -4 48 49 11.19971228615267 0.1421441476127147
-5 -4 49 50 10.74643803243359 0.105025608611451
-4 -3.75 0 1 922.8088996686436 1.693099183982744
-4 -3.75 1 2 -2369.383472901125 0.7704695641469066
-4 -3.75 2 3 -2290.187163729023 13.25416182078608
-4 -3.75 3 4 -1497.779867409829 8.013182817313195
-4 -3.75 4 5 -948.5509794171041 5.361827559604201
-4 -3.75 5 6 -598.289073982854 3.81190760408902
-4 -3.75 6 7 -375.1172919947041 2.820801238857852
-4 -3.75 7 8 -230.7521045172762 2.146943568386345
-4 -3.75 8 9 -135.7171639008354 1.667793303894321
-4 -3.75 9 10 -72.17860851852686 1.315543879387508
-4 -3.75 10 11 -29.23453235031513 1.049706589554098
-4 -3.75 11 12 -0.02925190417715839 0.8449671811660574
-4 -3.75 12 13 19.83640085874856 0.6847505424947978
-4 -3.75 13 14 33.25191551262799 0.5578386189884853
-4 -3.75 14 15 42.15474530716119 0.4564345689732905
-4 -3.75 15 16 47.86815671716602 0.3750051290857458
-4 -3.75 16 17 51.31072532022546 0.3095625993932178
-4 -3.75 17 18 53.12919641743406 0.2572051163475353
-4 -3.75 18 19 53.78451851308262 0.2239507933906398
-4 -3.75 19 20 53.6086403709981 0.2076635940164818
-4 -3.75 20 21 52.84268486767041 0.1929144089584544
-4 -3.75 21 22 51.66302864323296 0.1795148983528886
-4 -3.75 22 23 50.19938329050427 0.1673051482735156
-4 -3.75 23 24 48.54749864399503 0.1561487763166796
-4 -3.75 24 25 46.7781959915134 0.1459287462547856
-4 -3.75 25 26 44.94386219735827 0.1365440227761055
-4 -3.75 26 27 43.08316493376282 0.1279069707614226
-4 -3.75 27 28 41.22450703319876 0.123805245645213
-4 -3.75 28 29 39.38857762575321 0.1258255110683167
-4 -3.75 29 30 37.5902499043579 0.1279460483498044
-4 -3.75 30 31 35.84000206539326 0.1299843360742703
-4 -3.75 31 32 34.14498738224827 0.1318328781102318
-4 -3.75 32 33 32.50984414839917 0.1334335605247095
-4 -3.75 33 34 30.93731142890189 0.1347600433439188
-4 -3.75 34 35 29.42869892783852 0.1358059996504265
-4 -3.75 35 36 27.98424662538318 0.1365773779112431
-4 -3.75 36 37 26.60340068333089 0.1370873582659861
-4 -3.75 37 38 25.28502545879498 0.1373530882612
-4 -3.75 38 39 24.02756654624358 0.1373935881183072
-4 -3.75 39 40 22.82917612986621 0.1372284235886118
-4 -3.75 40 41 21.68780928889167 0.1368768814435308
-4 -3.75 41 42 20.60129776082327 0.1363574749045788
-4 -3.75 42 43 19.56740626416635 0.1356876641995931
-4 -3.75 43 44 18.58387524691737 0.1348837170607181
-4 -3.75 44 45 17.64845307127845 0.1339606593142353
-4 -3.75 45 46 16.75845814203571 0.1330051399495083
-4 -3.75 46 47 15.91257629658485 0.1322828093015016
-4 -3.75 47 48 15.10824011501926 0.1318079779729557
-4 -3.75 48 49 14.34342109480681 0.1315519540198103
-4 -3.75 49 50 13.6160685846463 0.1312962610716622
-3.75 -3.5 0 1 1923.112183320404 4.206673906602799
-3.75 -3.5 1 2 -2309.999574145632 19.9161864573442
-3.75 -3.5 2 3 -2930.562363043658 14.98644438792908
-3.75 -3.5 3 4 -2041.127125994243 11.06435448950039
-3.75 -3.5 4 5 -1352.481510182911 8.496242006076306
-3.75 -3.5 5 6 -891.4765133952685 6.74517951548658
-3.75 -3.5 6 7 -587.7432662214135 5.494504349815943
-3.75 -3.5 7 8 -385.6136449903993 4.566182911528184
-3.75 -3.5 8 9 -248.9485582060865 3.855378214157149
-3.75 -3.5 9 10 -155.0718236039106 3.297418870452256
-3.75 -3.5 10 11 -89.76314428520277 2.850295394607016
-3.75 -3.5 11 12 -43.88452171622384 2.485814967206646
-3.75 -3.5 12 13 -11.46563601730918 2.184374701672582
-3.75 -3.5 13 14 11.47959897465421 1.931969409147139
-3.75 -3.5 14 15 27.66492023424121 1.718351998143601
-3.75 -3.5 15 16 38.97110220058892 1.535868600993497
-3.75 -3.5 16 17 46.72268646071916 1.378698135011364
-3.75 -3.5 17 18 51.86585646172796 1.242342427580059
-3.75 -3.5 18 19 55.08504428227752 1.123276150362073
-3.75 -3.5 19 20 56.88080278766017 1.018701355833058
-3.75 -3.5 20 21 57.62271066738737 0.9263720925252237
-3.75 -3.5 21 22 57.58588631709853 0.8444669581608101
-3.75 -3.5 22 23 56.97655488302934 0.7714950642350153
-3.75 -3.5 23 24 55.95018738117045 0.7062256846119996
-3.75 -3.5 24 25 54.6245254672009 0.6476349539468572
-3.75 -3.5 25 26 53.08903691416941 0.5948650138870245
-3.75 -3.5 26 27 51.41184901721999 0.5471923660785305
-3.75 -3.5 27 28 49.64487933136701 0.5040031159432254
-3.75 -3.5 28 29 47.82766431388973 0.4647734310069124
-3.75 -3.5 29 30 45.99023816192167 0.4290539849867195
-3.75 -3.5 30 31 44.1553126102003 0.3964574782702743
-3.75 -3.5 31 32 42.33993790973497 0.3666485527942138
-3.75 -3.5 32 33 40.55677576694262 0.3393355865937177
-3.75 -3.5 33 34 38.8150799809184 0.3142639748456259
-3.75 -3.5 34 35 37.12145543733334 0.2912105954352658
-3.75 -3.5 35 36 35.48044800071528 0.2699792244721322
-3.75 -3.5 36 37 33.8950046562974 0.250396718291218
-3.75 -3.5 37 38 32.36683358670672 0.2323098185306276
-3.75 -3.5 38 39 30.89668669559484 0.2155824653751197
-3.75 -3.5 39 40 29.48458173816559 0.2000935286873306
-3.75 -3.5 40 41 28.12997730976298 0.1857348831641539
-3.75 -3.5 41 42 26.83191076709073 0.1724097701340355
-3.75 -3.5 42 43 25.58910704980362 0.1600313965410276
-3.75 -3.5 43 44 24.40006449105204 0.1485217337829204
-3.75 -3.5 44 45 23.26312242308695 0.1378104840108852
-3.75 -3.5 45 46 22.17588846769294 0.1279461940364878
-3.75 -3.5 46 47 21.13771968584155 0.1193115662609194
-3.75 -3.5 47 48 20.14612640441236 0.1119689042514144
-3.75 -3.5 48 49 19.19924711045667 0.1059094158307025
-3.75 -3.5 49 50 18.29513195379245 0.1007221090662957
-3.5 -3.25 0 1 2991.062616333186 0.8932370576329183
-3.5 -3.25 1 2 -1880.720257416649 12.85766611436992
-3.5 -3.25 2 3 -3356.127848004518 12.91503697024108
-3.5 -3.25 3 4 -2465.99218212387 10.3397489969818
-3.5 -3.25 4 5 -1691.573411626749 8.296060072463836
-3.5 -3.25 5 6 -1150.56265870978 6.785524001402474
-3.5 -3.25 6 7 -784.2451489528116 5.654498000658499
-3.5 -3.25 7 8 -535.0333036632489 4.787450120641811
-3.5 -3.25 8 9 -363.1408861700252 4.107281729473376
-3.5 -3.25 9 10 -242.7572361462362 3.562998860057204
-3.5 -3.25 10 11 -157.3292071299143 3.119796184234669
-3.5 -3.25 11 12 -96.02870176347619 2.753520650590779
-3.5 -3.25 12 13 -51.67694638570811 2.446921720267206
-3.5 -3.25 13 14 -19.41892406493957 2.187409388393845
-3.5 -3.25 14 15 4.089731793639203 1.965608095495943
-3.5 -3.25 15 16 21.19261542394463 1.774409414638798
-3.5 -3.25 16 17 33.55789063665702 1.608336703784574
-3.5 -3.25 17 18 42.38976882581335 1.463109550038165
-3.5 -3.25 18 19 48.56852930582977 1.33533911482538
-3.5 -3.25 19 20 52.74487575160651 1.222311092225644
-3.5 -3.25 20 21 55.40457919740879 1.121828476722922
-3.5 -3.25 21 22 56.91344669797195 1.032095907763188
-3.5 -3.25 22 23 57.54904716027579 0.9516334025732052
-3.5 -3.25 23 24 57.52338537100951 0.8792111832519425
-3.5 -3.25 24 25 56.9993003429513 0.8137998589768933
-3.5 -3.25 25 26 56.10245475966741 0.7545319325557936
-3.5 -3.25 26 27 54.9301890415789 0.7006717588292347
-3.5 -3.25 27 28 53.55812030344902 0.6515918817225198
-3.5 -3.25 28 29 52.04510233680014 0.6067542353534038
-3.5 -3.25 29 30 50.43698272013137 0.5656950894245574
-3.5 -3.25 30 31 48.76946921347684 0.5280129036735217
-3.5 -3.25 31 32 47.07033101168361 0.4933584602520572
-3.5 -3.25 32 33 45.36109943306332 0.4614267949603672
-3.5 -3.25 33 34 43.65838917447746 0.4319505586638287
-3.5 -3.25 34 35 41.9749300046841 0.4046945240791129
-3.5 -3.25 35 36 40.32037609932638 0.3794510156236252
-3.5 -3.25 36 37 38.70194360657356 0.3560360876448502
-3.5 -3.25 37 38 37.12491482729382 0.3342863132206708
-3.5 -3.25 38 39 35.59303827429568 0.3140560734864883
-3.5 -3.25 39 40 34.10884704720362 0.2952152597160485
-3.5 -3.25 40 41 32.67391294104024 0.2776473169942401
-3.5 -3.25 41 42 31.28904962201727 0.2612475725429091
-3.5 -3.25 42 43 29.95447546885092 0.2459218018367756
-3.5 -3.25 43 44 28.6699442293656 0.2315849941156214
-3.5 -3.25 44 45 27.43484997382544 0.2181602864118461
-3.5 -3.25 45 46 26.24755627875606 0.2056671592786697
-3.5 -3.25 46 47 25.10842560343443 0.1943849042796468
-3.5 -3.25 47 48 24.01545578091641 0.1843305837132489
-3.5 -3.25 48 49 22.96730047388982 0.1754692436174902
-3.5 -3.25 49 50 21.9624394774512 0.1674551371906852
-3.25 -3 0 1 4013.779899227413 3.6388525009209
-3.25 -3 1 2 -1231.794711563818 5.02258584353761
-3.25 -3 2 3 -3590.586194054354 8.299575307131592
-3.25 -3 3 4 -2767.337893369221 7.258558906602799
-3.25 -3 4 5 -1952.83823998003 6.079352695488139
-3.25 -3 5 6 -1360.891857264512 5.111713286105981
-3.25 -3 6 7 -950.5153107573842 4.347307341654813
-3.25 -3 7 8 -666.1997340597704 3.740935534564723
-3.25 -3 8 9 -466.9524561342193 3.253482218094804
-3.25 -3 9 10 -325.3090782888703 2.856021610940929
-3.25 -3 10 11 -223.2914602922262 2.527386260915442
-3.25 -3 11 12 -148.9538924305293 2.25228990759378
-3.25 -3 12 13 -94.27689732367344 2.019453117423302
-3.25 -3 13 14 -53.77819016255989 1.820442604693612
-3.25 -3 14 15 -23.64477733295098 1.648855885441448
-3.25 -3 15 16 -1.180800530948545 1.499760795632717
-3.25 -3 16 17 15.54888690535893 1.369305892653024
-3.25 -3 17 18 27.95266849641791 1.254445834712789
-3.25 -3 18 19 37.06838141569699 1.152744940569044
-3.25 -3 19 20 43.6693887365451 1.062234621870712
-3.25 -3 20 21 48.33775456157991 0.9813084691971735
-3.25 -3 21 22 51.51547785548109 0.9086440316167249
-3.25 -3 22 23 53.54085994110028 0.8431437802053926
-3.25 -3 23 24 54.67464854396428 0.783890040021717
-3.25 -3 24 25 55.11905344260731 0.7301102182414561
-3.25 -3 25 26 55.03172707664612 0.6811497096746939
-3.25 -3 26 27 54.53614594654294 0.6364505893734669
-3.25 -3 27 28 53.72939030928967 0.5955347116989227
-3.25 -3 28 29 52.68802374229813 0.5579901969152228
-3.25 -3 29 30 51.47257145470985 0.5234605444022592
-3.25 -3 30 31 50.13095604522346 0.4916358007758689
-3.25 -3 31 32 48.70115104623079 0.462245347349396
-3.25 -3 32 33 47.21324301413875 0.4350519731510664
-3.25 -3 33 34 45.69104316090528 0.4098469766654249
-3.25 -3 34 35 44.15335357622735 0.386446094555916
-3.25 -3 35 36 42.61496691983456 0.364686100878824
-3.25 -3 36 37 41.08745921167045 0.3444219517791102
-3.25 -3 37 38 39.57982114826257 0.3255243777299505
-3.25 -3 38 39 38.098962726976 0.3078778434953848
-3.25 -3 39 40 36.65011795770926 0.2913788129342559
-3.25 -3 40 41 35.237170539261 0.2759342670942557
-3.25 -3 41 42 33.86291654956528 0.2614604335589025
-3.25 -3 42 43 32.52927697113131 0.2478816935582827
-3.25 -3 43 44 31.23746993824034 0.2351296383310914
-3.25 -3 44 45 29.98815062581775 0.2231422515073109
-3.25 -3 45 46 28.78067586353268 0.2119643209094056
-3.25 -3 46 47 27.61653835731991 0.2019294352774163
-3.25 -3 47 48 26.49444959785896 0.1930667357743534
-3.25 -3 48 49 25.41376141546115 0.185343803877682
-3.25 -3 49 50 24.37356053250545 0.1783773793040172
-3 -2.75 0 1 4936.930184006373 3.753053137275599
-3 -2.75 1 2 -501.4253391342852 1.299714894824678
-3 -2.75 2 3 -3691.722399331651 4.850390925735369
-3 -2.75 3 4 -2968.885590236823 4.554783095400063
-3 -2.75 4 5 -2144.380630864064 3.936120736669273
-3 -2.75 5 6 -1523.074608347316 3.374055736017623
-3 -2.75 6 7 -1083.534424590671 2.909398615693977
-3 -2.75 7 8 -774.4035271684438 2.530622199163635
-3 -2.75 8 9 -554.983993081567 2.220269081207793
-3 -2.75 9 10 -397.1630831623806 1.963642443768357
-3 -2.75 10 11 -282.1947223092038 1.749008925649148
-3 -2.75 11 12 -197.4533313533814 1.567645016732382
-3 -2.75 12 13 -134.3724336908508 1.412907499591441
-3 -2.75 13 14 -87.04303625286411 1.279724785628805
-3 -2.75 14 15 -51.32273882140248 1.164183638096445
-3 -2.75 15 16 -24.26159299421738 1.063229716027986
-3 -2.75 16 17 -3.727717384037078 0.974451752934113
-3 -2.75 17 18 11.84050333938694 0.8959253261133667
-3 -2.75 18 19 23.60107722508928 0.8260987778795488
-3 -2.75 19 20 32.42228821211131 0.763709042494581
-3 -2.75 20 21 38.96171271847652 0.7077188522971869
-3 -2.75 21 22 43.72183791301779 0.6572693769804181
-3 -2.75 22 23 47.08973871634896 0.6116441217209675
-3 -2.75 23 24 49.36573662270325 0.5702411268701897
-3 -2.75 24 25 50.78433987839708 0.5325513536734863
-3 -2.75 25 26 51.52970755020408 0.4981417261273112
-3 -2.75 26 27 51.74718256206654 0.4666417122673027
-3 -2.75 27 28 51.55197162746828 0.4377326201305122
-3 -2.75 28 29 51.03573321911273 0.4111389946189111
-3 -2.75 29 30 50.27161688153893 0.3866216540594826
-3 -2.75 30 31 49.3181459491289 0.3639720153777167
-3 -2.75 31 32 48.22222924377752 0.343007441249183
-3 -2.75 32 33 47.0215117192771 0.3235674014248032
-3 -2.75 33 34 45.74621978164538 0.3055102888727929
-3 -2.75 34 35 44.42061768720367 0.2887107644554064
-3 -2.75 35 36 43.06416273002839 0.2730575319098055
-3 -2.75 36 37 41.69242572440555 0.2584514635729948
-3 -2.75 37 38 40.31782762593957 0.2448040155136713
-3 -2.75 38 39 38.95023134548745 0.2320358813189877
-3 -2.75 39 40 37.59741892133965 0.2200758432918531
-3 -2.75 40 41 36.26547764165301 0.2088597893582582
-3 -2.75 41 42 34.95911331929807 0.1983298682433815
-3 -2.75 42 43 33.68190530625236 0.1884337604992904
-3 -2.75 43 44 32.43651452475197 0.179124048237178
-3 -2.75 44 45 31.22485359729802 0.1703576677382964
-3 -2.75 45 46 30.04731009035805 0.1622436379040792
-3 -2.75 46 47 28.90647169389175 0.1553091487333002
-3 -2.75 47 48 27.80182168364843 0.1496274965347394
-3 -2.75 48 49 26.73344718648636 0.1451719696371166
-3 -2.75 49 50 25.70108284941773 0.141399901677903
-2.75 -2.5 0 1 5756.896486704258 3.314731389488928
-2.75 -2.5 1 2 230.2741840806857 1.139910781570128
-2.75 -2.5 2 3 -3714.2910374816 2.159124900080916
-2.75 -2.5 3 4 -3101.954686401621 2.359189462625497
-2.75 -2.5 4 5 -2283.475715558332 2.167453919517025
-2.75 -2.5 5 6 -1646.159728941423 1.928284331304124
-2.75 -2.5 6 7 -1187.485445271932 1.707363986980686
-2.75 -2.5 7 8 -860.9153659537019 1.516032683397552
-2.75 -2.5 8 9 -626.7514589861439 1.352457523913082
-2.75 -2.5 9 10 -456.7816685300597 1.213190025916426
-2.75 -2.5 10 11 -331.881690777712 1.093856094419307
-2.75 -2.5 11 12 -239.0231695888883 0.9910265340467356
-2.75 -2.5 12 13 -169.2874256587238 0.9018313140462315
-2.75 -2.5 13 14 -116.4770297734633 0.8239572068202755
-2.75 -2.5 14 15 -76.21939549318836 0.7555458176094474
-2.75 -2.5 15 16 -45.38254938892396 0.6950999998174786
-2.75 -2.5 16 17 -21.69086047315704 0.6414069509996091
-2.75 -2.5 17 18 -3.468899886916233 0.5934775886971024
-2.75 -2.5 18 19 10.53185861314159 0.5504995090261809
-2.75 -2.5 19 20 21.25208123288701 0.5118006391932686
-2.75 -2.5 20 21 29.40756019964977 0.4768211131426416
-2.75 -2.5 21 22 35.54787899322184 0.4450914146882451
-2.75 -2.5 22 23 40.09843220385233 0.4162152933246339
-2.75 -2.5 23 24 43.39089281213933 0.389856321770733
-2.75 -2.5 24 25 45.68555542514935 0.3657272476821081
-2.75 -2.5 25 26 47.18789502592483 0.3435814995838434
-2.75 -2.5 26 27 48.06095913060847 0.323206366008614
-2.75 -2.5 27 28 48.43472595916126 0.304417481782775
-2.75 -2.5 28 29 48.41323096342239 0.2870543426748939
-2.75 -2.5 29 30 48.08003619901007 0.2709766344822744
-2.75 -2.5 30 31 47.5024583324689 0.2560612110616128
-2.75 -2.5 31 32 46.73485901260494 0.2421995927191242
-2.75 -2.5 32 33 45.82122154688398 0.2292958845870737
-2.75 -2.5 33 34 44.79718042324401 0.2172650358758722
-2.75 -2.5 34 35 43.69162850734148 0.2060313763172165
-2.75 -2.5 35 36 42.52799621122665 0.1955273815490854
-2.75 -2.5 36 37 41.32527432884615 0.1856926259721555
-2.75 -2.5 37 38 40.09883548979474 0.176472890760207
-2.75 -2.5 38 39 38.86109654472511 0.1678194027016005
-2.75 -2.5 39 40 37.62205465478849 0.1596881800263722
-2.75 -2.5 40 41 36.38972277872102 0.1520394697946398
-2.75 -2.5 41 42 35.17048442718146 0.14483726180905
-2.75 -2.5 42 43 33.96938366193385 0.1380488671750427
-2.75 -2.5 43 44 32.79036270526433 0.1316445520982762
-2.75 -2.5 44 45 31.63645715868947 0.1255972181396727
-2.75 -2.5 45 46 30.50899021824117 0.1201028996464608
-2.75 -2.5 46 47 29.41151553780438 0.1159720995829433
-2.75 -2.5 47 48 28.34422921941737 0.1133201634095096
-2.75 -2.5 48 49 27.30789145854774 0.1120926926896367
-2.75 -2.5 49 50 26.3028314678146 0.1114848593648517
-2.5 -2.25 0 1 6491.542622869017 2.332725253980326
-2.5 -2.25 1 2 925.6354151004216 1.347833260457908
-2.5 -2.25 2 3 -3698.742210751476 1.360713825053633
-2.5 -2.25 3 4 -3193.362023931851 1.406062944145944
-2.5 -2.25 4 5 -2387.10498607512 1.291460984498604
-2.5 -2.25 5 6 -1740.803636644333 1.186085519283254
-2.5 -2.25 6 7 -1268.977614692633 1.077465509098746
-2.5 -2.25 7 8 -929.7218321149885 0.9760561218716064
-2.5 -2.25 8 9 -684.5171089282421 0.8846834262540155
-2.5 -2.25 9 10 -505.2775837459608 0.8042121131853063
-2.5 -2.25 10 11 -372.6911451481731 0.7332468679929286
-2.5 -2.25 11 12 -273.4786976035698 0.6706985727601716
-2.5 -2.25 12 13 -198.4837254272175 0.6154158000906974
-2.5 -2.25 13 14 -141.3058210807337 0.5663751074513272
-2.5 -2.25 14 15 -97.40604184311405 0.5226976753567159
-2.5 -2.25 15 16 -63.51830384315008 0.4836397736661396
-2.5 -2.25 16 17 -37.25946486163889 0.4485752898339061
-2.5 -2.25 17 18 -16.86792500390106 0.416977408599332
-2.5 -2.25 18 19 -1.025912472222672 0.388401990974033
-2.5 -2.25 19 20 11.26310676007529 0.3624733595132328
-2.5 -2.25 20 21 20.7602112085608 0.3388724692916248
-2.5 -2.25 21 22 28.05187570540761 0.3173271921051083
-2.5 -2.25 22 23 33.5936980708708 0.2976043817026507
-2.5 -2.25 23 24 37.74220065735676 0.2795034005133543
-2.5 -2.25 24 25 40.77822010314526 0.2628508342597634
-2.5 -2.25 25 26 42.92429045125539 0.2474961658194922
-2.5 -2.25 26 27 44.35768782439652 0.2333082210861937
-2.5 -2.25 27 28 45.22030769729486 0.2201722389109202
-2.5 -2.25 28 29 45.62620649067799 0.2079874441122242
-2.5 -2.25 29 30 45.66740448814494 0.1966650300525447
-2.5 -2.25 30 31 45.41838319245909 0.1861264731454214
-2.5 -2.25 31 32 44.93959423233554 0.1763021188632984
-2.5 -2.25 32 33 44.28021415343204 0.1671299911781095
-2.5 -2.25 33 34 43.48031974349055 0.1585547854693805
-2.5 -2.25 34 35 42.57261508080438 0.1505270131947901
-2.5 -2.25 35 36 41.58380961514354 0.1430022729011386
-2.5 -2.25 36 37 40.53572294832014 0.1359406267338536
-2.5 -2.25 37 38 39.44617442061974 0.1293060648867964
-2.5 -2.25 38 39 38.3297023494776 0.1230660446330856
-2.5 -2.25 39 40 37.19814771229056 0.1171910912498227
-2.5 -2.25 40 41 36.06112961150353 0.1116544527282035
-2.5 -2.25 41 42 34.92643370581703 0.1064317991781089
-2.5 -2.25 42 43 33.80033067132723 0.1015009604025501
-2.5 -2.25 43 44 32.68783792709075 0.09684169729175758
-2.5 -2.25 44 45 31.59293534944115 0.09243549959507609
-2.5 -2.25 45 46 30.51773494501418 0.08859170874012604
-2.5 -2.25 46 47 29.46660180600813 0.08651746941942307
-2.5 -2.25 47 48 28.44033631967258 0.08635300817108911
-2.5 -2.25 48 49 27.44026984124656 0.08922469963706264
-2.5 -2.25 49 50 26.46723450893185 0.09560369818432807
-2.25 -2 0 1 7157.237294766098 1.461571671238805
-2.25 -2 1 2 1564.847390045532 0.6517590812048172
-2.25 -2 2 3 -3681.866630260715 1.312366112496451
-2.25 -2 3 4 -3271.782748031194 1.378331202467514
-2.25 -2 4 5 -2474.714349257397 1.272905389560802
-2.25 -2 5 6 -1819.340116928302 1.148036099289208
-2.25 -2 6 7 -1335.354676256387 1.031878557721777
-2.25 -2 7 8 -984.7703707335572 0.9293253768096047
-2.25 -2 8 9 -729.9402312549196 0.8401957643843019
-2.25 -2 9 10 -542.7728676570227 0.7623435944600691
-2.25 -2 10 11 -403.7162484196831 0.6945102768631292
-2.25 -2 11 12 -299.2293475919057 0.6350498436713148
-2.25 -2 12 13 -219.923445264144 0.5826678233387367
-2.25 -2 13 14 -159.2075668294669 0.536288114335241
-2.25 -2 14 15 -112.3906418279744 0.4950220572773725
-2.25 -2 15 16 -76.08629971873097 0.4581358602390842
-2.25 -2 16 17 -47.81641236179757 0.4250217535903409
-2.25 -2 17 18 -25.74417237504485 0.3951740336646141
-2.25 -2 18 19 -8.491987445599761 0.3681696892315998
-2.25 -2 19 20 4.984516340584378 0.3436529104312628
-2.25 -2 20 21 15.48489441744653 0.321322737652684
-2.25 -2 21 22 23.62674383844683 0.3009232135598265
-2.25 -2 22 23 29.89097434124847 0.2822355010343935
-2.25 -2 23 24 34.65480280628515 0.265071551614802
-2.25 -2 24 25 38.21606949738828 0.2492689944818982
-2.25 -2 25 26 40.81134500130077 0.2346869879719416
-2.25 -2 26 27 42.62954381001464 0.2212028342517204
-2.25 -2 27 28 43.82225140196135 0.2087092038523623
-2.25 -2 28 29 44.51162354097414 0.1971118450203823
-2.25 -2 29 30 44.79647522435357 0.1863276864817384
-2.25 -2 30 31 44.75700796846604 0.1762832558376134
-2.25 -2 31 32 44.45850447121529 0.1669133561220004
-2.25 -2 32 33 43.95423418454249 0.1581599526835278
-2.25 -2 33 34 43.287751581544 0.149971232856056
-2.25 -2 34 35 42.49472387432508 0.1423008082262614
-2.25 -2 35 36 41.60439186008807 0.1351070350469525
-2.25 -2 36 37 40.64074300604835 0.1283524336298625
-2.25 -2 37 38 39.62345761384228 0.1220031892800845
-2.25 -2 38 39 38.56867508115005 0.1160287232454279
-2.25 -2 39 40 37.48961680046557 0.1104013213944585
-2.25 -2 40 41 36.3970944297422 0.1050958122027989
-2.25 -2 41 42 35.29992584640962 0.1000892876779094
-2.25 -2 42 43 34.20527677526087 0.09536085828942636
-2.25 -2 43 44 33.11894205772057 0.09089144048162086
-2.25 -2 44 45 32.04557790437002 0.08666356887720268
-2.25 -2 45 46 30.98784370203981 0.08334651155600593
-2.25 -2 46 47 29.95069598527789 0.08344369600291944
-2.25 -2 47 48 28.93534248436944 0.08703615641229916
-2.25 -2 48 49 27.94350724047703 0.09349037744586593
-2.25 -2 49 50 26.97636145835762 0.100335992527626
-2 -1.75 0 1 7779.474202521023 1.054004099699738
-2 -1.75 1 2 2172.616461100308 0.4660829974166939
-2 -1.75 2 3 -3656.232048072531 1.961783769220331
-2 -1.75 3 4 -3342.683626916406 1.778710197040989
-2 -1.75 4 5 -2559.37805519253 1.535708528257415
-2 -1.75 5 6 -1898.325972765195 1.328131551894391
-2 -1.75 6 7 -1404.302806546484 1.159339497892063
-2 -1.75 7 8 -1043.595400632074 1.021599385803786
-2 -1.75 8 9 -779.7492172591596 0.9083518388802394
-2 -1.75 9 10 -584.8949014609407 0.8134253788790056
-2 -1.75 10 11 -439.3889151327353 0.7331494735011732
-2 -1.75 11 12 -329.5197223472378 0.664439423912347
-2 -1.75 12 13 -245.7228497442929 0.6050512262440911
-2 -1.75 13 14 -181.2513335114509 0.5532790487313768
-2 -1.75 14 15 -131.2831055215986 0.507805600277818
-2 -1.75 15 16 -92.324344809678 0.4675984119054174
-2 -1.75 16 17 -61.80962636246181 0.4318371492934796
-2 -1.75 17 18 -37.83140966368387 0.3998619239096987
-2 -1.75 18 19 -18.95473922556789 0.3711359551965733
-2 -1.75 19 20 -4.088591404139834 0.345218180997917
-2 -1.75 20 21 7.604669026322199 0.3217428661824894
-2 -1.75 21 22 16.7738547449303 0.3004042132289079
-2 -1.75 22 23 23.92557700112491 0.2809445985194813
-2 -1.75 23 24 29.45830759490445 0.2634785600999924
-2 -1.75 24 25 33.68754064094185 0.2480170030394335
-2 -1.75 25 26 36.86457125954712 0.2337365347575347
-2 -1.75 26 27 39.19064493413759 0.2205190061788122
-2 -1.75 27 28 40.82771374762638 0.2082610806646198
-2 -1.75 28 29 41.90668097643027 0.1968720128878629
-2 -1.75 29 30 42.53376910728934 0.1862718124646698
-2 -1.75 30 31 42.79547367066084 0.1763897175479
-2 -1.75 31 32 42.76244261422846 0.1671629183327467
-2 -1.75 32 33 42.4925331022007 0.1585354855640433
-2 -1.75 33 34 42.03323410170782 0.1504574655611555
-2 -1.75 34 35 41.42359669357853 0.1428841145961496
-2 -1.75 35 36 40.69577990040852 0.1357752452307857
-2 -1.75 36 37 39.8762944152416 0.1290946697840024
-2 -1.75 37 38 38.9870076961123 0.1228097211340813
-2 -1.75 38 39 38.04595954765819 0.1168908411873588
-2 -1.75 39 40 37.06802642333463 0.1113112252841906
-2 -1.75 40 41 36.06546457255678 0.106046512748447
-2 -1.75 41 42 35.04835544057391 0.1010745200525743
-2 -1.75 42 43 34.02497224867739 0.09637500536878041
-2 -1.75 43 44 33.00208244893929 0.09192946496346081
-2 -1.75 44 45 31.98519802148547 0.08772095326906752
-2 -1.75 45 46 30.97769990516133 0.08445317322633897
-2 -1.75 46 47 29.98526906554946 0.08475705752727879
-2 -1.75 47 48 29.00967003075846 0.08872455009834138
-2 -1.75 48 49 28.05314864754953 0.09569672346334353
-2 -1.75 49 50 27.11733116773289 0.1030790823420423
-1.75 -1.5 0 1 8358.197036527108 1.378370079639064
-1.75 -1.5 1 2 2760.278662147478 0.9646396249766431
-1.75 -1.5 2 3 -3600.197254342794 1.348976018518954
-1.75 -1.5 3 4 -3372.418827844414 1.448968219928994
-1.75 -1.5 4 5 -2602.301434285931 1.343309750363052
-1.75 -1.5 5 6 -1938.635486592733 1.207616276965788
-1.75 -1.5 6 7 -1438.675252932397 1.079221789481581
-1.75 -1.5 7 8 -1071.997056066223 0.9658929807401685
-1.75 -1.5 8 9 -802.9661661354803 0.8679939857259854
-1.75 -1.5 9 10 -603.8208964244118 0.7834902627232166
-1.75 -1.5 10 11 -454.8157574389784 0.7104915128333451
-1.75 -1.5 11 12 -342.1067441089815 0.6470741894079631
-1.75 -1.5 12 13 -256.0043767058924 0.5916546394335096
-1.75 -1.5 13 14 -189.6568630236352 0.5429342558434423
-1.75 -1.5 14 15 -138.1575491773131 0.4998569853556451
-1.75 -1.5 15 16 -97.9453218673068 0.461563928079137
-1.75 -1.5 16 17 -66.40141542538345 0.4273537058858261
-1.75 -1.5 17 18 -41.57595367609292 0.3966502290206626
-1.75 -1.5 18 19 -22.0002599870877 0.3689772056718998
-1.75 -1.5 19 20 -6.5563288232795 0.3439381950803588
-1.75 -1.5 20 21 5.615169754208409 0.3212010217847224
-1.75 -1.5 21 22 15.18057663326601 0.3004855736805406
-1.75 -1.5 22 23 22.66073102035978 0.2815541956773175
-1.75 -1.5 23 24 28.46570463964576 0.2642040876869268
-1.75 -1.5 24 25 32.92048781986296 0.2482612482663043
-1.75 -1.5 25 26 36.28417941466353 0.2335756180079097
-1.75 -1.5 26 27 38.76446050948675 0.220017159891398
-1.75 -1.5 27 28 40.5286078938384 0.207472675843361
-1.75 -1.5 28 29 41.71194374365518 0.19584320446394
-1.75 -1.5 29 30 42.42436796937204 0.1850418825197077
-1.75 -1.5 30 31 42.75544434799713 0.1749921758107924
-1.75 -1.5 31 32 42.77838687603082 0.1656264098367579
-1.75 -1.5 32 33 42.55320343727004 0.1568845411797963
-1.75 -1.5 33 34 42.12918920242754 0.1487131259492839
-1.75 -1.5 34 35 41.54691487250972 0.1410644504164549
-1.75 -1.5 35 36 40.83982007164843 0.1338957933042669
-1.75 -1.5 36 37 40.03549624929281 0.1271687989544337
-1.75 -1.5 37 38 39.15672413718346 0.1208489414367784
-1.75 -1.5 38 39 38.22231614566306 0.1149050649797854
-1.75 -1.5 39 40 37.24780294294931 0.1093089886167319
-1.75 -1.5 40 41 36.24599515774446 0.1040351646098281
-1.75 -1.5 41 42 35.22744427269276 0.09906038260521417
-1.75 -1.5 42 43 34.20082217404104 0.09436351218466919
-1.75 -1.5 43 44 33.17323448431682 0.08992527863388095
-1.75 -1.5 44 45 32.15048000386781 0.08572806709409882
-1.75 -1.5 45 46 31.13614518469325 0.08250533537063387
-1.75 -1.5 46 47 30.13618756240959 0.08300121949015675
-1.75 -1.5 47 48 29.15250848040091 0.08731805549279861
-1.75 -1.5 48 49 28.18750123179345 0.09477603577857055
-1.75 -1.5 49 50 27.24291660652821 0.1026710360362729
-1.5 -1.25 0 1 8893.411009453504 3.352636343337946
-1.5 -1.25 1 2 3310.919142652948 4.058462237537592
-1.5 -1.25 2 3 -3551.849804919028 1.294055014991846
-1.5 -1.25 3 4 -3411.557414074404 1.409674862471882
-1.5 -1.25 4 5 -2656.987847053771 1.315008812352973
-1.5 -1.25 5 6 -1991.528104850307 1.188986943907324
-1.5 -1.25 6 7 -1485.471867362618 1.06848090785288
-1.5 -1.25 7 8 -1112.146861564195 0.9609130690272396
-1.5 -1.25 8 9 -837.0924356473247 0.8677696432481737
-1.5 -1.25 9 10 -632.7138207405696 0.7867511009346938
-1.5 -1.25 10 11 -479.3012656149258 0.7157698127403747
-1.5 -1.25 11 12 -362.9042127243297 0.6539696565050374
-1.5 -1.25 12 13 -273.7195499974555 0.5996700695471233
-1.5 -1.25 13 14 -204.7927504035006 0.5517058245611609
-1.5 -1.25 14 15 -151.1293266194077 0.5091176010671329
-1.5 -1.25 15 16 -109.0953468051134 0.4711167753129098
-1.5 -1.25 16 17 -76.01245825673413 0.4370533093262922
-1.5 -1.25 17 18 -49.88225025888914 0.4063888906538349
-1.5 -1.25 18 19 -29.19652726552499 0.3786752380843529
-1.5 -1.25 19 20 -12.80504410839831 0.3535368329567135
-1.5 -1.25 20 21 0.1779114948076312 0.3306572322003586
-1.5 -1.25 21 22 10.44034874910972 0.3097682230671544
-1.5 -1.25 22 23 18.52097307876863 0.290641193810683
-1.5 -1.25 23 24 24.84464597927501 0.2730802424957182
-1.5 -1.25 24 25 29.74864892819028 0.2569166429068786
-1.5 -1.25 25 26 33.50233450735277 0.2420043739389909
-1.5 -1.25 26 27 36.32196944675832 0.228216488957346
-1.5 -1.25 27 28 38.38204499854533 0.2154421500793394
-1.5 -1.25 28 29 39.82396625502849 0.2040876603535562
-1.5 -1.25 29 30 40.76277870838908 0.1943752718678782
-1.5 -1.25 30 31 41.29241241735838 0.1852675035329623
-1.5 -1.25 31 32 41.48979747421095 0.1767161449039707
-1.5 -1.25 32 33 41.4181135621817 0.1686776792440272
-1.5 -1.25 33 34 41.12937052357955 0.1611127563159859
-1.5 -1.25 34 35 40.66646861693505 0.1539857295075669
-1.5 -1.25 35 36 40.06485160866964 0.1472642500474768
-1.5 -1.25 36 37 39.35383933021802 0.1409189096771856
-1.5 -1.25 37 38 38.5577065648863 0.1349229269986183
-1.5 -1.25 38 39 37.69656011979794 0.1292518715215037
-1.5 -1.25 39 40 36.78705451072227 0.1238834192451443
-1.5 -1.25 40 41 35.84297816842087 0.1187971392138084
-1.5 -1.25 41 42 34.8757350094682 0.1139743021180063
-1.5 -1.25 42 43 33.89474149425587 0.1093977126481332
-1.5 -1.25 43 44 32.90775480820128 0.1050515602623641
-1.5 -1.25 44 45 31.92114493642771 0.1009212863099406
-1.5 -1.25 45 46 30.93897071510798 0.09737145942663038
-1.5 -1.25 46 47 29.9676787646016 0.0958059320844893
-1.5 -1.25 47 48 29.00953068481792 0.09641139099859009
-1.5 -1.25 48 49 28.06726302450321 0.1000440890166017
-1.5 -1.25 49 50 27.14291959845892 0.1083235225866322
-1.25 -1 0 1 9354.805320557743 2.559650205618023
-1.25 -1 1 2 3777.930733278207 1.315497040270122
-1.25 -1 2 3 -3515.175999351414 1.215941870119353
-1.25 -1 3 4 -3446.054578249399 1.454394658683813
-1.25 -1 4 5 -2701.948906142982 1.389920509720072
-1.25 -1 5 6 -2033.225239593881 1.269994462157624
-1.25 -1 6 7 -1521.015752187796 1.148250101615528
-1.25 -1 7 8 -1141.582447493422 1.037272156919011
-1.25 -1 8 9 -861.1925840522449 0.9399762938713749
-1.25 -1 9 10 -652.4730185128974 0.8536659662302853
-1.25 -1 10 11 -495.4099051604653 0.7790285602309528
-1.25 -1 11 12 -376.0668170067133 0.7132620282382875
-1.25 -1 12 13 -284.4793908701859 0.6552772817366199
-1.25 -1 13 14 -213.5882807111323 0.6039084807933955
-1.25 -1 14 15 -158.3139374321627 0.5581829337403397
-1.25 -1 15 16 -114.9544666190543 0.5172933673703068
-1.25 -1 16 17 -80.77746177395784 0.4805694930445271
-1.25 -1 17 18 -53.74149114795523 0.4474529607410381
-1.25 -1 18 19 -32.30400860354007 0.4174765321444215
-1.25 -1 19 20 -15.28722083331877 0.3902471831233671
-1.25 -1 20 21 -1.783215682841274 0.3654325305966648
-1.25 -1 21 22 8.913994030642698 0.3427499607583376
-1.25 -1 22 23 17.35774261353527 0.3219579120151865
-1.25 -1 23 24 23.98484980151079 0.3028488641731759
-1.25 -1 24 25 29.14241449471501 0.2852436766811607
-1.25 -1 25 26 33.10788181519717 0.2689869931866994
-1.25 -1 26 27 36.1042144721356 0.253943493684101
-1.25 -1 27 28 38.31146372279125 0.2399948210733102
-1.25 -1 28 29 39.87566661680307 0.2270370482060071
-1.25 -1 29 30 40.91573930850768 0.2149785786693751
-1.25 -1 30 31 41.52885560852997 0.2037384001459474
-1.25 -1 31 32 41.79467123909808 0.1932446218964847
-1.25 -1 32 33 41.77866184620666 0.1834332462597716
-1.25 -1 33 34 41.53477577556464 0.1742471310589888
-1.25 -1 34 35 41.10755350290543 0.1656351097225802
-1.25 -1 35 36 40.53382939404469 0.157551242275872
-1.25 -1 36 37 39.84410442189164 0.1499541755680346
-1.25 -1 37 38 39.06365830457099 0.1428065930600209
-1.25 -1 38 39 38.21345418948181 0.1360747429747985
-1.25 -1 39 40 37.31087733439591 0.1297280286241591
-1.25 -1 40 41 36.37034052067952 0.123738654853078
-1.25 -1 41 42 35.40378170527197 0.1180813199869932
-1.25 -1 42 43 34.42107458045791 0.1127329467875948
-1.25 -1 43 44 33.4303681150962 0.1076724480964442
-1.25 -1 44 45 32.43836821271202 0.1028805202192006
-1.25 -1 45 46 31.44939367854613 0.09874768393278592
-1.25 -1 46 47 30.47019257077596 0.09680290465028094
-1.25 -1 47 48 29.50321060335045 0.09726736737352179
-1.25 -1 48 49 28.55136625393587 0.1045062712891138
-1.25 -1 49 50 27.61685783628363 0.1131048749735407
-1 -0.75 0 1 9748.78649142241 3.092308386369151
-1 -0.75 1 2 4193.990696906196 3.307482708905164
-1 -0.75 2 3 -3462.914629007167 1.176795680252838
-1 -0.75 3 4 -3457.615174050101 1.334739229262923
-1 -0.75 4 5 -2725.904305097242 1.261811368071883
-1 -0.75 5 6 -2057.365426033538 1.151441102801118
-1 -0.75 6 7 -1542.294564241843 1.043087607035154
-1 -0.75 7 8 -1159.533414281028 0.945399790807375
-1 -0.75 8 9 -876.0854549401715 0.8586160257997393
-1 -0.75 9 10 -664.7511248732576 0.7835470497468668
-1 -0.75 10 11 -505.5166705375191 0.7167683510435294
-1 -0.75 11 12 -384.3829930006809 0.6581348541792502
-1 -0.75 12 13 -291.3250357054822 0.6062206348187362
-1 -0.75 13 14 -219.2261331731222 0.5600433378865669
-1 -0.75 14 15 -162.9583293450871 0.5187820163560162
-1 -0.75 15 16 -118.7800544190081 0.4817528319975447
-1 -0.75 16 17 -83.92677143631317 0.4483854179729743
-1 -0.75 17 18 -56.33112573002722 0.4182023863917114
-1 -0.75 18 19 -34.42965052531781 0.3908023455190129
-1 -0.75 19 20 -17.02763049530722 0.3658461031469315
-1 -0.75 20 21 -3.203421886785236 0.3430455379406736
-1 -0.75 21 22 7.760145170212354 0.3221546502590013
-1 -0.75 22 23 16.42554536273451 0.3029623449826337
-1 -0.75 23 24 23.23709640946402 0.2852866009629084
-1 -0.75 24 25 28.54806915832967 0.2689697385573408
-1 -0.75 25 26 32.64100575939904 0.253874560916875
-1 -0.75 26 27 35.74309116268523 0.2398811918827242
-1 -0.75 27 28 38.03788425141431 0.2268844728585396
-1 -0.75 28 29 39.67434383252726 0.2147918083185805
-1 -0.75 29 30 40.77382586258693 0.2035213731526897
-1 -0.75 30 31 41.43554620763712 0.1930006156204594
-1 -0.75 31 32 41.74087340322342 0.1831650000796951
-1 -0.75 32 33 41.75672259114901 0.1739569456434445
-1 -0.75 33 34 41.53825411336709 0.165324929493307
-1 -0.75 34 35 41.13103059836635 0.1572227211039419
-1 -0.75 35 36 40.57274976319547 0.1496087312364075
-1 -0.75 36 37 39.89464279736228 0.1424454522117397
-1 -0.75 37 38 39.12260777925439 0.1356989767704272
-1 -0.75 38 39 38.27813204712641 0.1293385831005333
-1 -0.75 39 40 37.3790456178703 0.1233363750011052
-1 -0.75 40 41 36.44013891280628 0.1176669695971051
-1 -0.75 41 42 35.47367071209317 0.1123072247342441
-1 -0.75 42 43 34.48978736364785 0.1072360014652042
-1 -0.75 43 44 33.49686959098148 0.1024339550795143
-1 -0.75 44 45 32.50182027542911 0.09788335178751052
-1 -0.75 45 46 31.50910165834443 0.09439827965876375
-1 -0.75 46 47 30.5256465888682 0.09502500249095279
-1 -0.75 47 48 29.55399763237659 0.09988938070819832
-1 -0.75 48 49 28.59717546902908 0.1082479534194448
-1 -0.75 49 50 27.65745842312015 0.117107410886166
-0.75 -0.5 0 1 10056.75957850122 4.062402378367715
-0.75 -0.5 1 2 4516.549833625155 4.157218228806919
-0.75 -0.5 2 3 -3427.536612528074 1.172094266222852
-0.75 -0.5 3 4 -3473.167151106346 1.339330273573029
-0.75 -0.5 4 5 -2751.214872536125 1.268499833810861
-0.75 -0.5 5 6 -2082.442263441063 1.157925789007981
-0.75 -0.5 6 7 -1564.596324970617 1.048754577997134
-0.75 -0.5 7 8 -1178.666556826629 0.9501977687866457
-0.75 -0.5 8 9 -892.2871732347521 0.8631772680665858
-0.75 -0.5 9 10 -678.4178653139534 0.7865407074033688
-0.75 -0.5 10 11 -517.0477161836484 0.7225796338974949
-0.75 -0.5 11 12 -394.1278387036887 0.6727481239365661
-0.75 -0.5 12 13 -299.5806990063734 0.6269243436888278
-0.75 -0.5 13 14 -226.2393347302886 0.5849710974994726
-0.75 -0.5 14 15 -168.9326181895271 0.5466225463606753
-0.75 -0.5 15 16 -123.8831343277191 0.5115692855784729
-0.75 -0.5 16 17 -88.29699536425801 0.4794993188221696
-0.75 -0.5 17 18 -60.08293222668385 0.4501170519614269
-0.75 -0.5 18 19 -37.65800265840039 0.4231511774372974
-0.75 -0.5 19 20 -19.8116024347662 0.3983569488545931
-0.75 -0.5 20 21 -5.609086935950018 0.3755156886646307
-0.75 -0.5 21 22 5.677388427889809 0.3544330143514579
-0.75 -0.5 22 23 14.6190953727214 0.3349365620660352
-0.75 -0.5 23 24 21.66762811209901 0.3168736063437189
-0.75 -0.5 24 25 27.18229816565758 0.3001087767168241
-0.75 -0.5 25 26 31.45068006831991 0.2845219597590666
-0.75 -0.5 26 27 34.70416533413515 0.270006418472895
-0.75 -0.5 27 28 37.12984047406087 0.2564671322154894
-0.75 -0.5 28 29 38.87963169932891 0.2438193427249759
-0.75 -0.5 29 30 40.0773984738853 0.2319872880062015
-0.75 -0.5 30 31 40.82447474318326 0.2209031026629207
-0.75 -0.5 31 32 41.20402585537988 0.2105058634629794
-0.75 -0.5 32 33 41.2844951535111 0.2007407621856939
-0.75 -0.5 33 34 41.12234593075073 0.1915583874859697
-0.75 -0.5 34 35 40.76425434231908 0.1829140999490985
-0.75 -0.5 35 36 40.24887190521252 0.1747674904404253
-0.75 -0.5 36 37 39.60824856887496 0.1670819055555948
-0.75 -0.5 37 38 38.86898671774912 0.1598240352544114
-0.75 -0.5 38 39 38.05318075487122 0.152963550849105
-0.75 -0.5 39 40 37.17918494931922 0.1464727883014628
-0.75 -0.5 40 41 36.26224329401828 0.1403264696876318
-0.75 -0.5 41 42 35.31500767850429 0.134501458050689
-0.75 -0.5 42 43 34.34796573350877 0.128976541554579
-0.75 -0.5 43 44 33.36979494790478 0.1237322417242277
-0.75 -0.5 44 45 32.38765665373131 0.1187506451527137
-0.75 -0.5 45 46 31.40622141265953 0.1144046435367043
-0.75 -0.5 46 47 30.43264868097128 0.1121496930534336
-0.75 -0.5 47 48 29.46963655908485 0.1122061350173194
-0.75 -0.5 48 49 28.52035675725625 0.1144652440788603
-0.75 -0.5 49 50 27.58721752444006 0.1186985367399762
-0.5 -0.25 0 1 10265.75508655067 4.272145165381942
-0.5 -0.25 1 2 4733.133142323475 4.027273489199326
-0.5 -0.25 2 3 -3405.556529762212 1.154343398060064
-0.5 -0.25 3 4 -3484.962882682175 1.336096599299907
-0.5 -0.25 4 5 -2768.98021560904 1.271547723774582
-0.5 -0.25 5 6 -2099.58177193846 1.163882951989234
-0.5 -0.25 6 7 -1579.536053198291 1.093222748166037
-0.5 -0.25 7 8 -1191.246796377647 1.020471265283359
-0.5 -0.25 8 9 -902.7449900594479 0.9469641256486823
-0.5 -0.25 9 10 -687.0698256867354 0.876157827030637
-0.5 -0.25 10 11 -524.201205981296 0.811365995305013
-0.5 -0.25 11 12 -400.0428297704771 0.7520405785297711
-0.5 -0.25 12 13 -304.4747147429334 0.6981726199674976
-0.5 -0.25 13 14 -230.2907399430524 0.6493403368977203
-0.5 -0.25 14 15 -172.2870315495265 0.6050593664422381
-0.5 -0.25 15 16 -126.659456013025 0.564850773248223
-0.5 -0.25 16 17 -90.59252835541884 0.5282696063662256
-0.5 -0.25 17 18 -61.97756052873819 0.4949148817714224
-0.5 -0.25 18 19 -39.2175430120592 0.4644308919798756
-0.5 -0.25 19 20 -21.09047701347708 0.4365046446362195
-0.5 -0.25 20 21 -6.652453425451085 0.4108617769088794
-0.5 -0.25 21 22 4.831935444572764 0.3872620862825269
-0.5 -0.25 22 23 13.94016059391697 0.3654952088664969
-0.5 -0.25 23 24 21.12891769603084 0.3453766746506712
-0.5 -0.25 24 25 26.76173214703044 0.3267444135270428
-0.5 -0.25 25 26 31.12967160938217 0.3094557131780469
-0.5 -0.25 26 27 34.46703296788644 0.2933845961000783
-0.5 -0.25 27 28 36.96332686051403 0.2784195696110535
-0.5 -0.25 28 29 38.77250807964469 0.2644617008646674
-0.5 -0.25 29 30 40.02013838572839 0.2514229716592519
-0.5 -0.25 30 31 40.8089839487501 0.2392248705989973
-0.5 -0.25 31 32 41.22341808091403 0.2277971881327494
-0.5 -0.25 32 33 41.33290529964893 0.2170769831482272
-0.5 -0.25 33 34 41.19477404797669 0.2070076941736568
-0.5 -0.25 34 35 40.8564349468503 0.1975383742059454
-0.5 -0.25 35 36 40.35716423683658 0.1886230299574872
-0.5 -0.25 36 37 39.72954420589969 0.1802200492524252
-0.5 -0.25 37 38 39.00063162163514 0.1722917050370058
-0.5 -0.25 38 39 38.19290934119857 0.1648037228934562
-0.5 -0.25 39 40 37.32506421135605 0.157724904208931
-0.5 -0.25 40 41 36.41262534647916 0.1510267971585033
-0.5 -0.25 41 42 35.46848937358499 0.1446834070067056
-0.5 -0.25 42 43 34.50335423130889 0.138670943011891
-0.5 -0.25 43 44 33.52607830775861 0.1329675945754023
-0.5 -0.25 44 45 32.5439786729695 0.1275533340375281
-0.5 -0.25 45 46 31.56184805687241 0.1227802936538639
-0.5 -0.25 46 47 30.58698406847293 0.1200353522919454
-0.5 -0.25 47 48 29.6221726657804 0.1195437956135515
-0.5 -0.25 48 49 28.67067160628466 0.1212287819270387
-0.5 -0.25 49 50 27.73496248304704 0.1237425545494376
-0.25 0 0 1 10372.33378449144 4.413189320929516
-0.25 0 1 2 4845.105309189839 4.498130394135002
-0.25 0 2 3 -3392.005722148618 1.162974819883761
-0.25 0 3 4 -3488.327202486801 1.341242336644366
-0.25 0 4 5 -2775.368071402253 1.274349840100844
-0.25 0 5 6 -2105.783917943221 1.165357433028894
-0.25 0 6 7 -1584.81208163176 1.056782752600457
-0.25 0 7 8 -1195.531011493144 0.9581229088864595
-0.25 0 8 9 -906.1509453686444 0.8874365411204249
-0.25 0 9 10 -689.7436949889466 0.8259530544027964
-0.25 0 10 11 -526.2810316457185 0.7685472903110322
-0.25 0 11 12 -401.6423347242903 0.7151664756920099
-0.25 0 12 13 -305.6875118800863 0.6661578144173791
-0.25 0 13 14 -231.1923327754437 0.6213497812040711
-0.25 0 14 15 -172.9381323528175 0.5804395388250385
-0.25 0 15 16 -127.1089258943209 0.5430825042974297
-0.25 0 16 17 -90.87978855601614 0.5089349621174832
-0.25 0 17 18 -62.13451169491645 0.4776734377930314
-0.25 0 18 19 -39.27007667570592 0.4490024230040082
-0.25 0 19 20 -21.05966386993214 0.4226562854267967
-0.25 0 20 21 -6.555479858349599 0.3983983570327655
-0.25 0 21 22 4.981025994266929 0.3760187552128792
-0.25 0 22 23 14.12987773328905 0.3553317395500984
-0.25 0 23 24 21.34985225793014 0.3361730126372457
-0.25 0 24 25 27.00617691447769 0.3183971651051112
-0.25 0 25 26 31.39131501693464 0.3018753463788964
-0.25 0 26 27 34.7407106876384 0.2864931912561748
-0.25 0 27 28 37.244819560515 0.2721489965257057
-0.25 0 28 29 39.05837620484522 0.2587521311790535
-0.25 0 29 30 40.30758676583605 0.2462216547567562
-0.25 0 30 31 41.09575053995002 0.2344851220160451
-0.25 0 31 32 41.50768230944857 0.2234775467525288
-0.25 0 32 33 41.61321238617256 0.2131405054512062
-0.25 0 33 34 41.46997239776192 0.2034213608321925
-0.25 0 34 35 41.12562425750366 0.1942725873390261
-0.25 0 35 36 40.61965241700949 0.185651186491769
-0.25 0 36 37 39.98481155843365 0.177518176534524
-0.25 0 37 38 39.2483010266879 0.1698381479794471
-0.25 0 38 39 38.43272140617381 0.1625788755255461
-0.25 0 39 40 37.55685654086864 0.1557109769562602
-0.25 0 40 41 36.63631523431349 0.149207615372601
-0.25 0 41 42 35.68405934385464 0.143044236052144
-0.25 0 42 43 34.71083995190634 0.1371983348393234
-0.25 0 43 44 33.72555848704468 0.131649254122647
-0.25 0 44 45 32.73556661093761 0.1263780013253965
-0.25 0 45 46 31.74567776094364 0.1217458731889635
-0.25 0 46 47 30.76322398440334 0.1191699369297612
-0.25 0 47 48 29.7910010806105 0.1188759097746434
-0.25 0 48 49 28.83227932801776 0.1207786238057787
-0.25 0 49 50 27.88954826572771 0.1235006336578804
0 0.25 0 1 10371.87527662868 4.413185541505007
0 0.25 1 2 4844.264640427316 4.498109873705957
0 0.25 2 3 -3392.53205430687 1.162886262855652
0 0.25 3 4 -3488.465493843888 1.341200090043179
0 0.25 4 5 -2775.30094579909 1.274341054109307
0 0.25 5 6 -2105.638992880944 1.165372665973535
0 0.25 6 7 -1584.649489749063 1.056813029081366
0 0.25 7 8 -1195.376719903265 0.9581616401914618
0 0.25 8 9 -906.0132251651012 0.8870609167139177
0 0.25 9 10 -689.6261626609062 0.8264102686474576
0 0.25 10 11 -526.180255766466 0.7685821647837536
0 0.25 11 12 -401.5560483407157 0.7151977178543365
0 0.25 12 13 -305.6128995022414 0.666185378795661
0 0.25 13 14 -231.1269396671373 0.6213738846091096
0 0.25 14 15 -172.8799765920321 0.5804605143197122
0 0.25 15 16 -127.0564799772631 0.5431007191826596
0 0.25 16 17 -90.83191102451428 0.5089507748735992
0 0.25 17 18 -62.09036739766862 0.4776871775323636
0 0.25 18 19 -39.22906276457638 0.4490143817621401
0 0.25 19 20 -21.02134781132827 0.4226667170700181
0 0.25 20 21 -6.519550529843173 0.3984074796783584
0 0.25 21 22 5.014795330636389 0.3760267548071469
0 0.25 22 23 14.16165658872387 0.3553387738382329
0 0.25 23 24 21.37977229554792 0.3361792156978254
0 0.25 24 25 27.03434541996091 0.3184026503980575
0 0.25 25 26 31.41782400589989 0.3018802101288396
0 0.25 26 27 34.76564286934149 0.2864975154622736
0 0.25 27 28 37.26825208881542 0.2721528509839877
0 0.25 28 29 39.08038290779768 0.2587555753032933
0 0.25 29 30 40.32823935802924 0.2462247396431858
0 0.25 30 31 41.11511917835617 0.2344878914474698
0 0.25 31 32 41.52583574395885 0.2234800384081093
0 0.25 32 33 41.63021787779314 0.2131427518939907
0 0.25 33 34 41.48589551929513 0.2034233902409015
0 0.25 34 35 41.14052865281519 0.1942744242656568
0 0.25 35 36 40.63359956155244 0.1856528522182284
0 0.25 36 37 39.99786055145955 0.1775196896959099
0 0.25 37 38 39.26050842399371 0.1698395248592665
0 0.25 38 39 38.44414110227797 0.1625801303453832
0 0.25 39 40 37.56753969623321 0.1557121223234265
0 0.25 40 41 36.64631024693279 0.1492086624269971
0 0.25 41 42 35.69341185675955 0.1430451945606055
0 0.25 42 43 34.71959289440053 0.1371992134248726
0 0.25 43 44 33.73375213975601 0.1316500604968978
0 0.25 44 45 32.74323869171337 0.1263787422410046
0 0.25 45 46 31.75286350776469 0.121746566151927
0 0.25 46 47 30.76995630779624 0.1191706393666918
0 0.25 47 48 29.79731063301767 0.1188766794025452
0 0.25 48 49 28.83819465450432 0.1207795081659371
0 0.25 49 50 27.89509589367142 0.1235016370915417
0.25 0.5 0 1 10264.42954204991 4.272137461175319
0.25 0.5 1 2 4730.705971995373 4.027228055405388
0.25 0.5 2 3 -3407.071147779758 1.154167415570496
0.25 0.5 3 4 -3485.356931361662 1.336016874081033
0.25 0.5 4 5 -2768.784550036118 1.271536330273291
0.25 0.5 5 6 -2099.16489189098 1.163917162316794
0.25 0.5 6 7 -1579.070430272539 1.093280857180078
0.25 0.5 7 8 -1190.806293470258 1.020540956253607
0.25 0.5 8 9 -902.3548605531141 0.9470257907723295
0.25 0.5 9 10 -686.733359437475 0.8762270684109968
0.25 0.5 10 11 -523.9148002813508 0.8114254132978824
0.25 0.5 11 12 -399.7975746955112 0.7520938633739457
0.25 0.5 12 13 -304.2624309060584 0.6982198364560471
0.25 0.5 13 14 -230.1043560909318 0.6493819094318627
0.25 0.5 14 15 -172.1208802696478 0.6050958664965858
0.25 0.5 15 16 -126.5092017261975 0.5648828035568639
0.25 0.5 16 17 -90.4549575276435 0.5282977423967347
0.25 0.5 17 18 -61.85034366519676 0.4949396449826723
0.25 0.5 18 19 -39.09901639266036 0.4644527415569095
0.25 0.5 19 20 -20.97946126502052 0.4365239777980006
0.25 0.5 20 21 -6.548111288354448 0.4108789341660855
0.25 0.5 21 22 4.9302061674382 0.3872773578293068
0.25 0.5 22 23 14.03280505446151 0.3655088416922943
0.25 0.5 23 24 21.21627926517522 0.345388878914219
0.25 0.5 24 25 26.84409048145415 0.3267553683577747
0.25 0.5 25 26 31.20726808528752 0.3094655716894454
0.25 0.5 26 27 34.54008706555521 0.2933934893934362
0.25 0.5 27 28 37.03204621847362 0.2784276104842307
0.25 0.5 28 29 38.83709423576545 0.2644689868252866
0.25 0.5 29 30 40.08078966567814 0.2514295869153102
0.25 0.5 30 31 40.86589654179511 0.2392308885449819
0.25 0.5 31 32 41.27678602190781 0.2278026726889952
0.25 0.5 32 33 41.3829198538009 0.2170819903117618
0.25 0.5 33 34 41.24162281821862 0.2070122730681564
0.25 0.5 34 35 40.90030091369692 0.1975425680872541
0.25 0.5 35 36 40.39822485450128 0.1886268770432414
0.25 0.5 36 37 39.76797062293974 0.1802235832763163
0.25 0.5 37 38 39.03658805951568 0.1722949560324459
0.25 0.5 38 39 38.22655263613439 0.1648067174349446
0.25 0.5 39 40 37.3565435162007 0.1577276661645509
0.25 0.5 40 41 36.44208197377225 0.1510293475525674
0.25 0.5 41 42 35.49605676432333 0.1446857649404997
0.25 0.5 42 43 34.52915802690558 0.1386731253837626
0.25 0.5 43 44 33.55023650641317 0.132969616689758
0.25 0.5 44 45 32.56660185271403 0.1275552095256097
0.25 0.5 45 46 31.58303960845279 0.1227820664607628
0.25 0.5 46 47 30.60684058221932 0.1200371795398931
0.25 0.5 47 48 29.64078416396819 0.1195458385200225
0.25 0.5 48 49 28.68812195890354 0.1212311763929913
0.25 0.5 49 50 27.75132966185544 0.1237453144958226
0.5 0.75 0 1 10054.66168658458 4.06239973842828
0.5 0.75 1 2 4512.723266422223 4.157198450924799
0.5 0.75 2 3 -3429.898746793132 1.171974129812711
0.5 0.75 3 4 -3473.756182040921 1.339244336479112
0.5 0.75 4 5 -2750.885011946571 1.268459653418607
0.5 0.75 5 6 -2081.776996540014 1.157924109302937
0.5 0.75 6 7 -1563.864174844968 1.048776682712985
0.5 0.75 7 8 -1177.980064864536 0.950227908891408
0.5 0.75 8 9 -891.683137314853 0.8632124213001867
0.5 0.75 9 10 -677.8993672342299 0.7865876834607681
0.5 0.75 10 11 -516.6078971333204 0.7226168701919574
0.5 0.75 11 12 -393.7519426711692 0.672782240894148
0.5 0.75 12 13 -299.255509431124 0.6269552106172795
0.5 0.75 13 14 -225.9536056934983 0.5849988760501024
0.5 0.75 14 15 -168.6774465317092 0.5466475213297683
0.5 0.75 15 16 -123.6517859298501 0.5115917764515916
0.5 0.75 16 17 -88.08453714046368 0.4795196353574089
0.5 0.75 17 18 -59.88583456506149 0.4501354748108544
0.5 0.75 18 19 -37.4737824883232 0.4231679511455702
0.5 0.75 19 20 -19.63853031488725 0.3983722820119277
0.5 0.75 20 21 -5.445959584140383 0.3755297570523842
0.5 0.75 21 22 5.831417941137033 0.3544459654709138
0.5 0.75 22 23 14.76464038946597 0.3349485195982775
0.5 0.75 23 24 21.80515458565776 0.3168846744402921
0.5 0.75 24 25 27.3121834127295 0.3001190435689565
0.5 0.75 25 26 31.57325148802056 0.2845315006800798
0.5 0.75 26 27 34.81972486838629 0.2700152984585011
0.5 0.75 27 28 37.2386791716757 0.2564754078093663
0.5 0.75 28 29 38.98203759653802 0.2438270636729455
0.5 0.75 29 30 40.17366010917033 0.2319944984808978
0.5 0.75 30 31 40.91488194425381 0.2209098419268174
0.5 0.75 31 32 41.2888689306028 0.2105121671123175
0.5 0.75 32 33 41.3640632519157 0.2007466624600732
0.5 0.75 33 34 41.19692507009609 0.1915639135513806
0.5 0.75 34 35 40.83412541928124 0.1829192787235025
0.5 0.75 35 36 40.31430887179067 0.1747723464576484
0.5 0.75 36 37 39.66951687222604 0.1670864614051883
0.5 0.75 37 38 38.92634204508312 0.1598283117556786
0.5 0.75 38 39 38.10686808439198 0.1529675672631451
0.5 0.75 39 40 37.22943789239713 0.1464765623645626
0.5 0.75 40 41 36.30928369480796 0.1403300177706849
0.5 0.75 41 42 35.35904543902308 0.1345047954409927
0.5 0.75 42 43 34.3891988247218 0.1289796821361131
0.5 0.75 43 44 33.40840957324508 0.1237351987575229
0.5 0.75 44 45 32.42382753307783 0.1187534306276008
0.5 0.75 45 46 31.44011212579898 0.1144073194216004
0.5 0.75 46 47 30.46441213906843 0.1121525061536949
0.5 0.75 47 48 29.49941543335382 0.1122093412228979
0.5 0.75 48 49 28.54828407471155 0.1144690586339029
0.5 0.75 49 50 27.61341704320773 0.1187029317131128
0.75 1 0 1 9745.988095115456 3.092267406314819
0.75 1 1 2 4188.895552316948 3.307278866893175
0.75 1 2 3 -3466.045608064572 1.176313080024499
0.75 1 3 4 -3458.383478037116 1.334722900484745
0.75 1 4 5 -2725.455414986085 1.262058563298183
0.75 1 5 6 -2056.475667132657 1.151788300904858
0.75 1 6 7 -1541.319168074088 1.04344472232515
0.75 1 7 8 -1158.62058394851 0.9457216304898334
0.75 1 8 9 -875.2823278521873 0.859393029452528
0.75 1 9 10 -664.0638054639548 0.7832818988806597
0.75 1 10 11 -504.9332290816201 0.7169679370904771
0.75 1 11 12 -383.8844974991825 0.6582998300188814
0.75 1 12 13 -290.8938539925477 0.6063565369115358
0.75 1 13 14 -218.8472990035452 0.5601551723762435
0.75 1 14 15 -162.6200132315048 0.5188741044101465
0.75 1 15 16 -118.4733192666788 0.4818288124834593
0.75 1 16 17 -83.64507627252488 0.4484483092805165
0.75 1 17 18 -56.06979386005651 0.418254666289818
0.75 1 18 19 -34.18539375156479 0.3908460327556581
0.75 1 19 20 -16.7981595109834 0.3658828328048302
0.75 1 20 21 -2.987144168360601 0.3430766286926071
0.75 1 21 22 7.964350627399199 0.3221811619315918
0.75 1 22 23 16.61849074332758 0.3029851276195148
0.75 1 23 24 23.41939921534208 0.2853063353192141
0.75 1 24 25 28.72022993494807 0.2689869696820969
0.75 1 25 26 32.80345927032477 0.2538897251342795
0.75 1 26 27 35.89623868353738 0.2398946390471106
0.75 1 27 28 38.18211276809291 0.2268964838408185
0.75 1 28 29 39.81003640443714 0.2148026093044786
0.75 1 29 30 40.90136621971283 0.2035311468612698
0.75 1 30 31 41.55531975024053 0.1930095102464176
0.75 1 31 32 41.85326609957963 0.1831731363394197
0.75 1 32 33 41.86211878636277 0.1739644225474467
0.75 1 33 34 41.6370339052653 0.1653318284119932
0.75 1 34 35 41.22356719566517 0.1572291098653699
0.75 1 35 36 40.6594070697314 0.1496146662686149
0.75 1 36 37 39.97577334787633 0.1424509811346354
0.75 1 37 38 39.19855108072068 0.1357041399549554
0.75 1 38 39 38.34921332877627 0.1293434149057943
0.75 1 39 40 37.44557496517962 0.1233409053566138
0.75 1 40 41 36.50241074616679 0.1176712240909278
0.75 1 41 42 35.53196356055662 0.1123112261076244
0.75 1 42 43 34.54436388800474 0.1072397693985979
0.75 1 43 44 33.54797680657651 0.102437507293727
0.75 1 44 45 32.54968993442628 0.09788670398030008
0.75 1 45 46 31.55395071400494 0.09440150503728292
0.75 1 46 47 30.56767781346258 0.09502838274246035
0.75 1 47 48 29.59340020261465 0.09989318462738075
0.75 1 48 49 28.6341257563204 0.1082523772725738
0.75 1 49 50 27.69212049287009 0.1171124371880612
1 1.25 0 1 9351.376768191107 2.559688942262638
1 1.25 1 2 3771.675269705699 1.315798366745841
1 1.25 2 3 -3519.045179884773 1.216012496207209
1 1.25 3 4 -3447.031795247862 1.454174887332515
1 1.25 4 5 -2701.421022299966 1.389625315209083
1 1.25 5 6 -2032.140034605154 1.269735314986845
1 1.25 6 7 -1519.812436553765 1.148055341615484
1 1.25 7 8 -1140.44787965597 1.037142343630035
1 1.25 8 9 -860.1888944908528 0.9393616679623655
1 1.25 9 10 -651.6105260122013 0.8541403929113762
1 1.25 10 11 -494.675719746459 0.7789920321506958
1 1.25 11 12 -375.4386679186341 0.7132419145991634
1 1.25 12 13 -283.9360624553567 0.6552691952525775
1 1.25 13 14 -213.1115059385795 0.6039093510033111
1 1.25 14 15 -157.8891123372762 0.5581905233186867
1 1.25 15 16 -114.5704379268752 0.5173059785538285
1 1.25 16 17 -80.42597217905177 0.4805857969458247
1 1.25 17 18 -53.41655933082347 0.4474718978542014
1 1.25 18 19 -32.00136426528297 0.4174972517305272
1 1.25 19 20 -15.00383680878326 0.3902690028343219
1 1.25 20 21 -1.516942043650715 0.3654549075167415
1 1.25 21 22 9.164704858431151 0.3427724677776826
1 1.25 22 23 17.5940358952007 0.3219802189127956
1 1.25 23 24 24.20761003302368 0.3028707207629626
1 1.25 24 25 29.35236280713241 0.285264898656075
1 1.25 25 26 33.30564100509378 0.2690074498396783
1 1.25 26 27 36.29035086938291 0.2539630973657276
1 1.25 27 28 38.48651287518271 0.2400135184287442
1 1.25 28 29 40.04014795692262 0.227054812576126
1 1.25 29 30 41.07016354176722 0.2149954042711169
1 1.25 30 31 41.6737274760311 0.2037542967012023
1 1.25 31 32 41.93048950125137 0.1932596108394279
1 1.25 32 33 41.90591773866095 0.1834473573223769
1 1.25 33 34 41.65395076646655 0.1742603994838434
1 1.25 34 35 41.21911687718716 0.1656475745570852
1 1.25 35 36 40.63823598190635 0.1575629447733642
1 1.25 36 37 39.94179264656719 0.1499651574973667
1 1.25 37 38 39.15504862869818 0.1428168964105586
1 1.25 38 39 38.29894798093989 0.1360844087024068
1 1.25 39 40 37.39085613263939 0.1297370965714618
1 1.25 40 41 36.44516566677959 0.1237471633798889
1 1.25 41 42 35.47379428587038 0.1180893054360687
1 1.25 42 43 34.48659563565184 0.1127404437988707
1 1.25 43 44 33.49169905740314 0.1076794890808569
1 1.25 44 45 32.49579141386852 0.102887135704501
1 1.25 45 46 31.50317308598403 0.09875399831500296
1 1.25 46 47 30.52057468713201 0.09680938467114693
1 1.25 47 48 29.55042511532383 0.09727448014196174
1 1.25 48 49 28.59562709842945 0.1045140339246701
1 1.25 49 50 27.65836385056991 0.1131132139495422
1.25 1.5 0 1 8889.636192887501 3.35275357982291
1.25 1.5 1 2 3304.06912141257 4.058882210687031
1.25 1.5 2 3 -3556.028528433406 1.294813699828797
1.25 1.5 3 4 -3412.56429602426 1.409524818581085
1.25 1.5 4 5 -2656.37817706029 1.314484610831804
1.25 1.5 5 6 -1990.337738619393 1.188348958818512
1.25 1.5 6 7 -1484.170031306243 1.067840487033095
1.25 1.5 7 8 -1110.923992663571 0.9608675120762713
1.25 1.5 8 9 -835.9974063305262 0.8675979539291734
1.25 1.5 9 10 -631.823017418445 0.7853973252261627
1.25 1.5 10 11 -478.5207290881513 0.715414911372622
1.25 1.5 11 12 -362.2364341691414 0.6536830600953929
1.25 1.5 12 13 -273.1411393629651 0.5994420671914548
1.25 1.5 13 14 -204.283870729487 0.5515269635853081
1.25 1.5 14 15 -150.674313906525 0.5089793284968335
1.25 1.5 15 16 -108.6823805967913 0.4710116522292944
1.25 1.5 16 17 -75.63289831036468 0.4369750176440361
1.25 1.5 17 18 -49.52992702556503 0.4063321465677757
1.25 1.5 18 19 -28.86710803976325 0.3786356703524866
1.25 1.5 19 20 -12.49551472956341 0.3535108548479056
1.25 1.5 20 21 0.4696478760872651 0.330641919868699
1.25 1.5 21 22 10.71577026808586 0.3097612065832895
1.25 1.5 22 23 18.78115432170853 0.2906405620490267
1.25 1.5 23 24 25.0904085042929 0.273084461776957
1.25 1.5 24 25 29.98066340746993 0.2569244882013349
1.25 1.5 25 26 33.72118766843403 0.242014871945861
1.25 1.5 26 27 36.52820604573924 0.2282288704281183
1.25 1.5 27 28 38.57619253054247 0.2154558104060813
1.25 1.5 28 29 40.00654806029036 0.2041020920636022
1.25 1.5 29 30 40.93431954700031 0.1943900413740705
1.25 1.5 30 31 41.45343937745099 0.1852823312383328
1.25 1.5 31 32 41.64083818886309 0.1767308228251325
1.25 1.5 32 33 41.55969306035058 0.1686920553723307
1.25 1.5 33 34 41.26200757718294 0.16112672248272
1.25 1.5 34 35 40.79067211909671 0.1539992114934616
1.25 1.5 35 36 40.18111729606704 0.1472771998473998
1.25 1.5 36 37 39.46264700737862 0.1409312991640013
1.25 1.5 37 38 38.65951789321679 0.1349347433100082
1.25 1.5 38 39 37.79181696912559 0.1292631131043081
1.25 1.5 39 40 36.876177834896 0.1238940930558756
1.25 1.5 40 41 35.9263673476222 0.1188072580784626
1.25 1.5 41 42 34.95376759287046 0.1139838832092407
1.25 1.5 42 43 33.967773275193 0.1094067761964729
1.25 1.5 43 44 32.97612016758256 0.1050601280453877
1.25 1.5 44 45 31.98515739849063 0.1009293812006723
1.25 1.5 45 46 30.99892360886457 0.09737921621681001
1.25 1.5 46 47 30.02384608901554 0.09581388544228764
1.25 1.5 47 48 29.06216793060935 0.09642007772888188
1.25 1.5 48 49 28.11660826552168 0.1000538331275718
1.25 1.5 49 50 27.18919418384149 0.1083339119136657
1.5 1.75 0 1 8354.191165794218 1.378998534149561
1.5 1.75 1 2 2753.033491600145 0.9686072602229823
1.5 1.75 2 3 -3604.57632023437 1.350811172940211
1.5 1.75 3 4 -3373.433561761204 1.448893456884884
1.5 1.75 4 5 -2601.621547250805 1.34235981203484
1.5 1.75 5 6 -1937.358749793936 1.206386088974521
1.5 1.75 6 7 -1437.293085861706 1.077989913392177
1.5 1.75 7 8 -1070.708078088899 0.9651331447757285
1.5 1.75 8 9 -801.8404631578455 0.8667658382044592
1.5 1.75 9 10 -602.8592236559675 0.7826102278319381
1.5 1.75 10 11 -453.9991330090475 0.7098449711432638
1.5 1.75 11 12 -341.4091358338412 0.6465536093618977
1.5 1.75 12 13 -255.4006895867703 0.5912397404515622
1.5 1.75 13 14 -189.1259845908378 0.5426065919956444
1.5 1.75 14 15 -137.6829018482113 0.4996005701897008
1.5 1.75 15 16 -97.51445259844058 0.4613652614176795
1.5 1.75 16 17 -66.0052588365445 0.4272015617658262
1.5 1.75 17 18 -41.20806262291558 0.3965353662068904
1.5 1.75 18 19 -21.6561257466085 0.3688920709106658
1.5 1.75 19 20 -6.232828906415989 0.3438766484487152
1.5 1.75 20 21 5.920197060365581 0.3211580944770354
1.5 1.75 21 22 15.46864770761147 0.3004572600796817
1.5 1.75 22 23 22.93294346467985 0.2815372777615401
1.5 1.75 23 24 28.72289526305929 0.2641959888569776
1.5 1.75 24 25 33.16333947769056 0.2482599119834906
1.5 1.75 25 26 36.51329074373768 0.2335794084081511
1.5 1.75 26 27 38.98038941483253 0.2200247800540905
1.5 1.75 27 28 40.73189693839174 0.2074831013410804
1.5 1.75 28 29 41.90313341093088 0.1958556298352145
1.5 1.75 29 30 42.6040020851392 0.1850556770111264
1.5 1.75 30 31 42.92407066951182 0.1750068486325592
1.5 1.75 31 32 42.93655491700633 0.165641581496909
1.5 1.75 32 33 42.70146091483355 0.1568999203758222
1.5 1.75 33 34 42.26807800063506 0.1487284918848457
1.5 1.75 34 35 41.67696708000847 0.1410796373668282
1.5 1.75 35 36 40.96155441173971 0.1339106793839816
1.5 1.75 36 37 40.14941506490646 0.127183296350148
1.5 1.75 37 38 39.2633109904437 0.1208629892549596
1.5 1.75 38 39 38.32203402440388 0.1149186228811381
1.5 1.75 39 40 37.34109303264125 0.1093220326400719
1.5 1.75 40 41 36.33327611350154 0.1040476827740465
1.5 1.75 41 42 35.30911192044778 0.09907237242669654
1.5 1.75 42 43 34.27724956786324 0.09437497803211158
1.5 1.75 43 44 33.24477225099747 0.08993623023799684
1.5 1.75 44 45 32.21745691299657 0.08573851763673515
1.5 1.75 45 46 31.19886885543769 0.08251538921381806
1.5 1.75 46 47 30.19494529197783 0.0830112932719943
1.5 1.75 47 48 29.20756817828709 0.08732855088984387
1.5 1.75 48 49 28.23911253855502 0.09478724805340631
1.5 1.75 49 50 27.29131160817852 0.1026829449929595
1.75 2 0 1 7775.356771789509 1.054044493183754
1.75 2 1 2 2165.164646646999 0.4662245774921016
1.75 2 2 3 -3660.753904164329 1.961645817872469
1.75 2 3 4 -3343.761568299623 1.778477789003752
1.75 2 4 5 -2558.711591268398 1.535524364360576
1.75 2 5 6 -1897.031464808856 1.328032582110686
1.75 2 6 7 -1402.884085757616 1.159304183491819
1.75 2 7 8 -1042.262580599902 1.021609131362379
1.75 2 8 9 -778.573608806395 0.9083759559996619
1.75 2 9 10 -583.8861771975457 0.8134636181810359
1.75 2 10 11 -438.5289027728072 0.7331926471714146
1.75 2 11 12 -328.782995842771 0.6644844758477304
1.75 2 12 13 -245.0844590695438 0.605096682477289
1.75 2 13 14 -180.6899596053197 0.5533242082898358
1.75 2 14 15 -130.7818067101491 0.5078501040735584
1.75 2 15 16 -91.8702531738179 0.4676420364675639
1.75 2 16 17 -61.39326559078677 0.4318797211000526
1.75 2 17 18 -37.44595104417044 0.3999032902433793
1.75 2 18 19 -18.59533150308221 0.3711759795679516
1.75 2 19 20 -3.751810245544675 0.3452567459297918
1.75 2 20 21 7.921248624843656 0.321779877403779
1.75 2 21 22 17.07197758395364 0.3004396016047817
1.75 2 22 23 24.20653833742711 0.2809783208723222
1.75 2 23 24 29.72311510785903 0.2635105568564187
1.75 2 24 25 33.93702490254066 0.2480472117161952
1.75 2 25 26 37.09945867755437 0.2337649929008166
1.75 2 26 27 39.41160402392472 0.2205457653175109
1.75 2 27 28 41.03538291850361 0.2082862031432104
1.75 2 28 29 42.10168384819474 0.19689556874405
1.75 2 29 30 42.71672168760779 0.1862938772666715
1.75 2 30 31 42.9669864469239 0.1764103697000925
1.75 2 31 32 42.92311966446516 0.1671822374794207
1.75 2 32 33 42.64296964404912 0.1585535510777328
1.75 2 33 34 42.1740134031607 0.1504743556415852
1.75 2 34 35 41.55528692387355 0.1428999047651391
1.75 2 35 36 40.81893126185719 0.1357900085526302
1.75 2 36 37 39.99143673313017 0.1291084756018273
1.75 2 37 38 39.094648540219 0.1228226354429551
1.75 2 38 39 38.14658289111804 0.1169029261179353
1.75 2 39 40 37.16209180633666 0.11132253915155
1.75 2 40 41 36.15340671275823 0.1060571101683764
1.75 2 41 42 35.13058422893181 0.1010844517846709
1.75 2 42 43 34.10187306206507 0.0963843188808276
1.75 2 43 44 33.07401671651445 0.09193820402825141
1.75 2 44 45 32.05250398767379 0.08772915852049468
1.75 2 45 46 31.04069344365476 0.08446097228552996
1.75 2 46 47 30.04424483522084 0.08476489258638568
1.75 2 47 48 29.06490235110542 0.08873284229463395
1.75 2 48 49 28.10489279466492 0.09570578221926369
1.75 2 49 50 27.16582418231425 0.1030888954105399
2 2.25 0 1 7153.183006375691 1.46153277220669
2 2.25 1 2 1557.558950637008 0.6511797269986369
2 2.25 2 3 -3686.203804153074 1.312026622268158
2 2.25 3 4 -3272.727039755151 1.378215219553977
2 2.25 4 5 -2473.97971804804 1.27298172619811
2 2.25 5 6 -1818.025550818558 1.148220554095981
2 2.25 6 7 -1333.944761099622 1.032104303648838
2 2.25 7 8 -983.4616298453216 0.9295529843429212
2 2.25 8 9 -728.7955079410567 0.8403996883143799
2 2.25 9 10 -541.7970698083031 0.7625266057048261
2 2.25 10 11 -402.8887323736453 0.6946682320467967
2 2.25 11 12 -298.5235845124732 0.6351847415943899
2 2.25 12 13 -219.3141140177011 0.5827825679812562
2 2.25 13 14 -158.6733330189052 0.5363857244452258
2 2.25 14 15 -111.9146959851294 0.4951053249009714
2 2.25 15 16 -75.65594735293007 0.4582072256822432
2 2.25 16 17 -47.42234329413782 0.4250832829343857
2 2.25 17 18 -25.37969886851624 0.3952274418881778
2 2.25 18 19 -8.152371175556709 0.368216382192968
2 2.25 19 20 5.302611305968639 0.3436940314064122
2 2.25 20 21 15.78382369368558 0.3213592119697096
2 2.25 21 22 23.90819640462735 0.3009557886054154
2 2.25 22 23 30.15619865326312 0.2822647804886839
2 2.25 23 24 34.90476532073797 0.2650980239127076
2 2.25 24 25 38.45156272892575 0.2492930563926207
2 2.25 25 26 41.03305889526348 0.2347089631178939
2 2.25 26 27 42.83811108729878 0.2212229883457735
2 2.25 27 28 44.0182748766382 0.2087277565277745
2 2.25 28 29 44.69569127855937 0.1971289793530754
2 2.25 29 30 44.96916775671582 0.1863435561792609
2 2.25 30 31 44.91890053414795 0.1762979912176757
2 2.25 31 32 44.61016632881933 0.1669270685637075
2 2.25 32 33 44.09622637765261 0.1581727381510449
2 2.25 33 34 43.42062405492067 0.1499831748297155
2 2.25 34 35 42.61901250507822 0.1423119797349138
2 2.25 35 36 41.72061573875271 0.1351175005242806
2 2.25 36 37 40.74940214031807 0.1283622502190222
2 2.25 37 38 39.72503113152732 0.1220124081553345
2 2.25 38 39 38.66361994064852 0.1160373900937074
2 2.25 39 40 37.57836697676282 0.1104094775839535
2 2.25 40 41 36.48006052778197 0.105103494959184
2 2.25 41 42 35.37749507828039 0.100096530971735
2 2.25 42 43 34.27781324039393 0.09536769304415629
2 2.25 43 44 33.18678726511416 0.09089789483749515
2 2.25 44 45 32.10905148311181 0.08666966859211883
2 2.25 45 46 31.0472441878448 0.08335236940402013
2 2.25 46 47 30.00630181622986 0.08344973783140275
2 2.25 47 48 28.98741291609275 0.0870427864370393
2 2.25 48 49 27.99228353817358 0.093497888627287
2 2.25 49 50 27.0220676453325 0.1003443599064691
2.25 2.5 0 1 6487.855086611918 2.332716811994751
2.25 2.5 1 2 919.052118659876 1.347719091179742
2.25 2.5 2 3 -3702.586659588909 1.360538684788798
2.25 2.5 3 4 -3194.135395042822 1.405960945932437
2.25 2.5 4 5 -2386.40150957151 1.291449856151259
2.25 2.5 5 6 -1739.612829112072 1.186131432641654
2.25 2.5 6 7 -1267.721648801717 1.077535479399675
2.25 2.5 7 8 -928.5662214393633 0.9761251514964773
2.25 2.5 8 9 -683.5114971617113 0.884755700517555
2.25 2.5 9 10 -504.4226968203366 0.8042744720197189
2.25 2.5 10 11 -371.9666748984055 0.7333021304210608
2.25 2.5 11 12 -272.8601866677091 0.6707473966143214
2.25 2.5 12 13 -197.9484151101717 0.6154591108547909
2.25 2.5 13 14 -140.8348407562307 0.5664138131033321
2.25 2.5 14 15 -96.9847156067417 0.5227325660123409
2.25 2.5 15 16 -63.13568398804364 0.4836714998601818
2.25 2.5 16 17 -36.90762367449338 0.4486043713732649
2.25 2.5 17 18 -16.54124557608452 0.4170042535803142
2.25 2.5 18 19 -0.7204747902108011 0.388426917016334
2.25 2.5 19 20 11.55001795426051 0.3624966126951581
2.25 2.5 20 21 21.03048185153614 0.3388942407542437
2.25 2.5 21 22 28.30683842299811 0.3173476317511673
2.25 2.5 22 23 33.83432887186643 0.2976236084538639
2.25 2.5 23 24 37.96925502917804 0.2795215107077789
2.25 2.5 24 25 40.99232428648702 0.2628679080080378
2.25 2.5 25 26 43.12600044671183 0.2475122711637844
2.25 2.5 26 27 44.54752574825852 0.2333234177445464
2.25 2.5 27 28 45.39878264389654 0.2201865801616816
2.25 2.5 28 29 45.79382511058373 0.2080009788301024
2.25 2.5 29 30 45.82467498943504 0.196677803576811
2.25 2.5 30 31 45.5658153527902 0.1861385280169405
2.25 2.5 31 32 45.07769718375232 0.1763134953167874
2.25 2.5 32 33 44.40949310957791 0.1671407275421782
2.25 2.5 33 34 43.60127241735182 0.1585649182135385
2.25 2.5 34 35 42.68572824731513 0.150536576872023
2.25 2.5 35 36 41.68955607635633 0.1430113007134912
2.25 2.5 36 37 40.63455902098838 0.1359491500484894
2.25 2.5 37 38 39.53853798439769 0.1293141135977246
2.25 2.5 38 39 38.41601143950959 0.123073646997618
2.25 2.5 39 40 37.27879960920336 0.1171982739417808
2.25 2.5 40 41 36.13650036761027 0.11166124112584
2.25 2.5 41 42 34.99687803983318 0.1064382168956911
2.25 2.5 42 43 33.86618216679048 0.1015070299564936
2.25 2.5 43 44 32.74940947208052 0.09684743945144512
2.25 2.5 44 45 31.65051976118446 0.0924409342947162
2.25 2.5 45 46 30.57160571793253 0.08859695302646413
2.25 2.5 46 47 29.51701387947958 0.08652299711226337
2.25 2.5 47 48 28.48752705798069 0.0863593047402587
2.25 2.5 48 49 27.48446007860139 0.08923205677221643
2.25 2.5 49 50 26.50862923218455 0.09561185457295611
2.5 2.75 0 1 5753.548922593484 3.314729858544887
2.5 2.75 1 2 224.3318524009851 1.139844497691894
2.5 2.75 2 3 -3717.703007421743 2.159032265000638
2.5 2.75 3 4 -3102.57963311715 2.359109734333793
2.5 2.75 4 5 -2282.785297479375 2.167416710800212
2.5 2.75 5 6 -1645.049146612854 1.928284449250671
2.5 2.75 6 7 -1186.329891809403 1.707385892914607
2.5 2.75 7 8 -859.8593561851462 1.516060576620907
2.5 2.75 8 9 -625.8366171086413 1.352492285437875
2.5 2.75 9 10 -456.0067527050107 1.213222097854877
2.5 2.75 10 11 -331.2272070460585 1.093886100174032
2.5 2.75 11 12 -238.4663547464877 0.9910541309504461
2.5 2.75 12 13 -168.8073067913092 0.9018565777712676
2.5 2.75 13 14 -116.0562787466179 0.8239803674549789
2.5 2.75 14 15 -75.84453886981373 0.7555671376369334
2.5 2.75 15 16 -45.04351361139152 0.6951197232917971
2.5 2.75 16 17 -21.38031751084873 0.6414252862374358
2.5 2.75 17 18 -3.181621629748179 0.5934947059852274
2.5 2.75 18 19 10.79955551718103 0.5505155447613908
2.5 2.75 19 20 21.50277899810214 0.5118157017241697
2.5 2.75 20 21 29.6430779482987 0.4768352888635018
2.5 2.75 21 22 35.76952142220773 0.4451047733084497
2.5 2.75 22 23 40.30716719188547 0.4162278922119511
2.5 2.75 23 24 43.587474832937 0.3898682094968668
2.5 2.75 24 25 45.87060888964334 0.3657384663249141
2.5 2.75 25 26 47.36196875536018 0.3435920867779874
2.5 2.75 26 27 48.22456051781 0.3232163561546448
2.5 2.75 27 28 48.58834118481559 0.3044269069917276
2.5 2.75 28 29 48.55733589704454 0.2870632332350252
2.5 2.75 29 30 48.21510128484516 0.2709850193199146
2.5 2.75 30 31 47.62894976522796 0.2560691178021598
2.5 2.75 31 32 46.85323778092737 0.2422070479887798
2.5 2.75 32 33 45.9319413949267 0.2293029139355882
2.5 2.75 33 34 44.90068540897573 0.2172716637759134
2.5 2.75 34 35 43.78835057508792 0.206037626144634
2.5 2.75 35 36 42.61835302019784 0.1955332757948268
2.5 2.75 36 37 41.40966745890478 0.1856981857976621
2.5 2.75 37 38 40.17764906869274 0.1764781364422642
2.5 2.75 38 39 38.93469629321072 0.1678243533388895
2.5 2.75 39 40 37.69078732007199 0.1596928536902079
2.5 2.75 40 41 36.45391590646756 0.1520438835253601
2.5 2.75 41 42 35.23044642444458 0.1448414315657159
2.5 2.75 42 43 34.02540409501742 0.1380528080403015
2.5 2.75 43 44 32.84271278605095 0.1316482780627215
2.5 2.75 44 45 31.68539037305516 0.1256007424229143
2.5 2.75 45 46 30.55474303874206 0.1201063038950502
2.5 2.75 46 47 29.45430816397831 0.1159757196182029
2.5 2.75 47 48 28.38426646085415 0.1133243604192938
2.5 2.75 48 49 27.34536368831343 0.1120977942404039
2.5 2.75 49 50 26.33791523928846 0.1114909311371543
2.75 3 0 1 4933.986684100676 3.753054368400183
2.75 3 1 2 -506.5997827534793 1.299714288114705
2.75 3 2 3 -3694.605086335029 4.850365618381993
2.75 3 3 4 -2969.318005639092 4.554744639835067
2.75 3 4 5 -2143.695798975666 3.936093790450975
2.75 3 5 6 -1522.056302079578 3.374044560684617
2.75 3 6 7 -1082.499734204103 2.909366772043728
2.75 3 7 8 -773.4703799998133 2.530659070903333
2.75 3 8 9 -554.1825354586108 2.220276849136527
2.75 3 9 10 -396.4890367947717 1.963649967943366
2.75 3 10 11 -281.6290887490015 1.749016639417435
2.75 3 11 12 -196.9751257523651 1.567652666511366
2.75 3 12 13 -133.9627035863857 1.412915006988101
2.75 3 13 14 -86.68625719851252 1.279732138237335
2.75 3 14 15 -51.00687502510004 1.164190841975809
2.75 3 15 16 -23.97763759166901 1.063236777342067
2.75 3 16 17 -3.469091882130897 0.9744586726509612
2.75 3 17 18 12.07852464738676 0.8959320995987895
2.75 3 18 19 23.82185564749943 0.8261053964892696
2.75 3 19 20 32.62820830640044 0.7637154953025692
2.75 3 20 21 39.15447683714694 0.7077251276373714
2.75 3 21 22 43.90268286908838 0.6572754637933261
2.75 3 22 23 47.2595909357193 0.6116500102348583
2.75 3 23 24 49.52532053997368 0.5702468092533984
2.75 3 24 25 50.93425180031829 0.5325568242082152
2.75 3 25 26 51.67046461451844 0.4981469813753867
2.75 3 26 27 51.87925412268476 0.4666467508372285
2.75 3 27 28 51.67579850738815 0.4377374425570427
2.75 3 28 29 51.15173878965948 0.4111436032608745
2.75 3 29 30 50.38021279029476 0.3866260526019352
2.75 3 30 31 49.41973447705448 0.3639762088408554
2.75 3 31 32 48.31720365001951 0.3430114355003337
2.75 3 32 33 47.1102554899955 0.3235712031588509
2.75 3 33 34 45.82910537515386 0.3055139051942853
2.75 3 34 35 44.498005155724 0.288714202990488
2.75 3 35 36 43.13639843690527 0.2730608003048676
2.75 3 36 37 41.75984127872238 0.2584545696020747
2.75 3 37 38 40.38073908849918 0.2448069670375436
2.75 3 38 39 39.0089387152949 0.2320386859016547
2.75 3 39 40 37.65220588892964 0.2200785084003413
2.75 3 40 41 36.31661158080468 0.2088623222697603
2.75 3 41 42 35.00684548109504 0.1983322759018527
2.75 3 42 43 33.72647117901784 0.1884360496006234
2.75 3 43 44 32.47813432566809 0.1791262251247406
2.75 3 44 45 31.26373286153441 0.1703597385152201
2.75 3 45 46 30.08364031043706 0.1622456517494161
2.75 3 46 47 28.94043097718043 0.1553113162833928
2.75 3 47 48 27.83357551037508 0.1496300529351075
2.75 3 48 49 26.76314922270748 0.1451751431937529
2.75 3 49 50 25.72887546795562 0.1414037617548537
3 3.25 0 1 4011.239279971957 3.638852875968931
3 3.25 1 2 -1236.201399250687 5.022584855682309
3 3.25 2 3 -3592.933966424027 8.299562370851882
3 3.25 3 4 -2767.567196271246 7.258538107969801
3 3.25 4 5 -1952.147522656376 6.079338810988087
3 3.25 5 6 -1359.956200417945 5.111709140614848
3 3.25 6 7 -949.5946311076673 4.347289367456161
3 3.25 7 8 -665.3846878768072 3.740962080322235
3 3.25 8 9 -466.2617792919555 3.253489171228912
3 3.25 9 10 -324.7348517329683 2.856028058906532
3 3.25 10 11 -222.814810918971 2.527392474131479
3 3.25 11 12 -148.5553145400477 2.252295749977031
3 3.25 12 13 -93.93922011616405 2.019458569515718
3 3.25 13 14 -53.48750268230401 1.820447691546437
3 3.25 14 15 -23.39033020645797 1.648860644851754
3 3.25 15 16 -0.9545339889750721 1.499765265378497
3 3.25 16 17 15.75289546471447 1.369310106117912
3 3.25 17 18 28.1387146264949 1.254449819798137
3 3.25 18 19 37.23955901761667 1.152748720026888
3 3.25 19 20 43.82792494013984 1.062238214036016
3 3.25 20 21 48.48526350857708 0.9813118888077892
3 3.25 21 22 51.65314769195777 0.9086472905601662
3 3.25 22 23 53.6695874815108 0.8431468882586965
3 3.25 23 24 54.7951342937871 0.783893005360087
3 3.25 24 25 55.23186733939826 0.7301130478832392
3 3.25 25 26 55.13735304293994 0.681152409858593
3 3.25 26 27 54.63501139176248 0.6364531657239489
3 3.25 27 28 53.8218851323137 0.5955371695708023
3 3.25 28 29 52.77451214779757 0.5579925413033214
3 3.25 29 30 51.55339895922202 0.5234627801480749
3 3.25 30 31 50.20645334646559 0.4916379326265334
3 3.25 31 32 48.7716359207185 0.4622473798688754
3 3.25 32 33 47.2790210339827 0.4350539108588463
3 3.25 33 34 45.75240775974987 0.4098488239544764
3 3.25 34 35 44.21058580792567 0.386447855720793
3 3.25 35 36 42.66833512277287 0.3646877800371895
3 3.25 36 37 41.13721870707911 0.3444235529698613
3 3.25 37 38 39.62621403948947 0.325525904825494
3 3.25 38 39 38.14221782898758 0.3078793002396263
3 3.25 39 40 36.69045086401889 0.2913802029054771
3 3.25 40 41 35.27478381662038 0.2759355936814773
3 3.25 41 42 33.89800004510175 0.261461700030729
3 3.25 42 43 32.56200821229098 0.2478829030299437
3 3.25 43 44 31.2680146049195 0.235130793706863
3 3.25 44 45 30.01666307692125 0.2231433555951477
3 3.25 45 46 28.80729967921897 0.2119654013730128
3 3.25 46 47 27.6414068931017 0.2019306138073939
3 3.25 47 48 26.51768659065709 0.1930681511527233
3 3.25 48 49 25.43548163463231 0.1853455962759097
3 3.25 49 50 24.39387019049809 0.1783796004297765
3.25 3.5 0 1 2988.886148857394 0.8932357250232046
3.25 3.5 1 2 -1884.430031043771 12.85766634145901
3.25 3.5 2 3 -3357.983256151394 12.91503229532649
3.25 3.5 3 4 -2466.026087727897 10.339739511379
3.25 3.5 4 5 -1690.867287363526 8.296053731371194
3.25 3.5 5 6 -1149.695208423043 6.785522567454941
3.25 3.5 6 7 -783.4244221274776 5.654499639248042
3.25 3.5 7 8 -534.3239274668576 4.787452134215407
3.25 3.5 8 9 -362.550952244567 4.107284952846127
3.25 3.5 9 10 -242.274817279407 3.563001378871958
3.25 3.5 10 11 -156.9351683358727 3.119798373946388
3.25 3.5 11 12 -95.70462507559591 2.753522540421802
3.25 3.5 12 13 -51.40710322749851 2.446923373983374
3.25 3.5 13 14 -19.19074605187484 2.187410869121043
3.25 3.5 14 15 4.285912150733566 1.965609454728074
3.25 3.5 15 16 21.36405834373159 1.77441069094557
3.25 3.5 16 17 33.70996467884913 1.608337924746797
3.25 3.5 17 18 42.52640630682629 1.463110734664833
3.25 3.5 18 19 48.69259795820835 1.335340275710854
3.25 3.5 19 20 52.85846832656273 1.222312237258951
3.25 3.5 20 21 55.50923229077978 1.121829610429634
3.25 3.5 21 22 57.0103024214942 1.032097032221642
3.25 3.5 22 23 57.63897047882756 0.9516345182392958
3.25 3.5 23 24 57.60704798265562 0.8792122894585275
3.25 3.5 24 25 57.07723981838546 0.8138009544457356
3.25 3.5 25 26 56.17511568440733 0.754533015593143
3.25 3.5 26 27 54.9979512494528 0.7006728276441976
3.25 3.5 27 28 53.62131797432505 0.6515929345608554
3.25 3.5 28 29 52.10403671305107 0.6067552705374255
3.25 3.5 29 30 50.49193042961991 0.5656961055268748
3.25 3.5 30 31 48.82068761385989 0.5280138994585191
3.25 3.5 31 32 47.11806155583025 0.4933594346887532
3.25 3.5 32 33 45.40556974776774 0.4614277472915427
3.25 3.5 33 34 43.69981432899039 0.431951488347088
3.25 3.5 34 35 42.01351329047569 0.4046954307701958
3.25 3.5 35 36 40.35630953165068 0.3794518991352658
3.25 3.5 36 37 38.73540828575213 0.3560369479819468
3.25 3.5 37 38 37.1560812422079 0.3342871504787975
3.25 3.5 38 39 35.62206659821499 0.3140568879349052
3.25 3.5 39 40 34.13588745156059 0.2952160516654973
3.25 3.5 40 41 32.69910593885436 0.2776480868405978
3.25 3.5 41 42 31.31252644212796 0.2612483207579505
3.25 3.5 42 43 29.97635845872517 0.2459225289125421
3.25 3.5 43 44 28.69034727912577 0.2315857006188805
3.25 3.5 44 45 27.45387895692087 0.2181609728890923
3.25 3.5 45 46 26.2653094819662 0.2056678435359125
3.25 3.5 46 47 25.1249941596745 0.1943856697344506
3.25 3.5 47 48 24.03092411804965 0.1843315281564803
3.25 3.5 48 49 22.98174679643932 0.1754704686497619
3.25 3.5 49 50 21.97593606451451 0.1674566848165636
3.5 3.75 0 1 1921.269123851216 4.206673537203435
3.5 3.75 1 2 -2313.079678155126 19.91618641968071
3.5 3.75 2 3 -2931.986305483033 14.9864418660239
3.5 3.75 3 4 -2041.002003922909 11.06434973099975
3.5 3.75 4 5 -1351.776318772547 8.49623992743174
3.5 3.75 5 6 -890.6820939874865 6.745180879228172
3.5 3.75 6 7 -587.0212276512257 5.494507625774121
3.5 3.75 7 8 -385.0060871748499 4.566185931290602
3.5 3.75 8 9 -248.4540069694485 3.85538184579515
3.5 3.75 9 10 -154.6752440306605 3.297421535831096
3.5 3.75 10 11 -89.44545701030256 2.850297497030725
3.5 3.75 11 12 -43.62850738110319 2.485816585115764
3.5 3.75 12 13 -11.25703568143513 2.184375932281838
3.5 3.75 13 14 11.65200546557844 1.931970342026846
3.5 3.75 14 15 27.80970776382151 1.718352707902725
3.5 3.75 15 16 39.09470742910389 1.535869147393907
3.5 3.75 16 17 46.8298872463655 1.378698565118144
3.5 3.75 17 18 51.96017663403734 1.242342778135181
3.5 3.75 18 19 55.16907626746536 1.123276449777236
3.5 3.75 19 20 56.95645601725039 1.018701625845774
3.5 3.75 20 21 57.69139848327717 0.9263723494721932
3.5 3.75 21 22 57.64866428999647 0.8444672140509779
3.5 3.75 22 23 57.03422188459842 0.771495327611108
3.5 3.75 23 24 56.00335868525235 0.7062259612817321
3.5 3.75 24 25 54.67368516038721 0.647635247613101
3.5 3.75 25 26 53.13457518065252 0.5948653266058745
3.5 3.75 26 27 51.4540884737458 0.5471926986977652
3.5 3.75 27 28 49.68409350430352 0.5040034684601027
3.5 3.75 28 29 47.86409052278913 0.4647738027353387
3.5 3.75 29 30 46.02408645468515 0.4290543748534283
3.5 3.75 30 31 44.18677193327946 0.3964578849672107
3.5 3.75 31 32 42.36918036048434 0.3666489748304876
3.5 3.75 32 33 40.58395952763337 0.3393360224294297
3.5 3.75 33 34 38.84035135888217 0.3142644229837085
3.5 3.75 34 35 37.14495030275478 0.2912110544104655
3.5 3.75 35 36 35.50229282826746 0.2699796928958832
3.5 3.75 36 37 33.91531730700981 0.2503971949074248
3.5 3.75 37 38 32.38572392456206 0.2323103021473595
3.5 3.75 38 39 30.91425709919008 0.2155829550231758
3.5 3.75 39 40 29.5009275480617 0.2000940233727559
3.5 3.75 40 41 28.14518723558548 0.1857353821546016
3.5 3.75 41 42 26.84606726956601 0.1724102727347677
3.5 3.75 42 43 25.60228670594174 0.1600319021455924
3.5 3.75 43 44 24.41233834668651 0.1485222419679672
3.5 3.75 44 45 23.27455633450782 0.1378109943866252
3.5 3.75 45 46 22.18654342370728 0.1279467216131825
3.5 3.75 46 47 21.14765211073679 0.1193121858754758
3.5 3.75 47 48 20.15538847290908 0.1119697065319142
3.5 3.75 48 49 19.20788707271799 0.1059104961761854
3.5 3.75 49 50 18.30319433492666 0.1007235082410331
3.75 4 0 1 921.3094710447748 1.69310025289138
3.75 4 1 2 -2371.832445841857 0.7704755606477922
3.75 4 2 3 -2291.215081636431 13.2541607369017
3.75 4 3 4 -1497.551611845034 8.013181311519272
3.75 4 4 5 -947.8989271092396 5.361829059280036
3.75 4 5 6 -597.6069679877376 3.811912330337027
3.75 4 6 7 -374.5205668514727 2.820807704247859
3.75 4 7 8 -230.2628385396838 2.146909653548203
3.75 4 8 9 -135.3278626381473 1.667843292769541
3.75 4 9 10 -71.87227670720972 1.315553012546866
3.75 4 10 11 -28.99382919102788 1.049710251397868
3.75 4 11 12 0.1608591020196855 0.8449698778416108
3.75 4 12 13 19.98801070265074 0.6847523718219369
3.75 4 13 14 33.37437737323103 0.5578396812986585
3.75 4 14 15 42.25513982758093 0.4564349577166863
3.75 4 15 16 47.95177563987215 0.3750049290681817
3.75 4 16 17 51.3814933526308 0.3095618902464869
3.75 4 17 18 53.19001271889391 0.2572039778110571
3.75 4 18 19 53.83752229971691 0.2239493647378223
3.75 4 19 20 53.65541252694567 0.2076620624944371
3.75 4 20 21 52.88439852125055 0.1929128600082986
3.75 4 21 22 51.70056034823654 0.1795133937122117
3.75 4 22 23 50.23339442784783 0.1673037309276239
3.75 4 23 24 48.5784946335524 0.1561474747526704
3.75 4 24 25 46.80656913944841 0.145927577642694
3.75 4 25 26 44.96992256914479 0.1365429958695533
3.75 4 26 27 43.10716252013171 0.1279060880079159
3.75 4 27 28 41.24664761786292 0.12380452810734
3.75 4 28 29 39.40903411934622 0.1258249708386052
3.75 4 29 30 37.60917042879717 0.1279456563192068
3.75 4 30 31 35.85751571882571 0.129984065733871
3.75 4 31 32 34.16120835655519 0.1318327065527982
3.75 4 32 33 32.52487467993467 0.1334334682742859
3.75 4 33 34 30.95124392793085 0.1347600143051086
3.75 4 34 35 29.44161753141233 0.1358060204799544
3.75 4 35 36 27.99622834699957 0.13657743774833
3.75 4 36 37 26.61451628207034 0.1370874482271071
3.75 4 37 38 25.29534011290954 0.1373532010952898
3.75 4 38 39 24.03714039055657 0.1373937179936927
3.75 4 39 40 22.83806469870198 0.1372285657161314
3.75 4 40 41 21.69606389147108 0.1368770320066657
3.75 4 41 42 20.60896580888223 0.1363576308044934
3.75 4 42 43 19.57453156432432 0.1356878229708122
3.75 4 43 44 18.5904982659639 0.1348838766915764
3.75 4 44 45 17.65461118025637 0.1339608182499803
3.75 4 45 46 16.76418584405135 0.1330053034905432
3.75 4 46 47 15.91790541003576 0.1322830060906432
3.75 4 47 48 15.11319999216006 0.1318082386831407
3.75 4 48 49 14.34803881953133 0.1315523076803974
3.75 4 49 50 13.62036909875332 0.1312967147489177
4 5 0 1 4208.661731008806 17.4413374765273
4 5 1 2 1225.998428823819 19.07115860932211
4 5 2 3 -23324.57188800533 72.95762516699166
4 5 3 4 9952.687223038491 58.09075247756095
4 5 4 5 8028.330696261752 36.65035984466166
4 5 5 6 -8481.237387873944 39.3483442459498
4 5 6 7 -1158.008814246716 1.780213670844721
4 5 7 8 1641.319365177946 13.47775880286205
4 5 8 9 362.1632980827428 5.870241321575121
4 5 9 10 -205.13879375455 2.460755206843623
4 5 10 11 -39.93159856962041 4.440087854432626
4 5 11 12 48.9972723582033 2.853707792274249
4 5 12 13 112.5916207896415 2.08764696190251
4 5 13 14 116.6050596833092 2.503177986201319
4 5 14 15 41.83916159587858 0.6340423439276047
4 5 15 16 97.7484287573314 2.665936172079453
4 5 16 17 76.07290546806456 1.798721295786568
4 5 17 18 46.757261710877 1.855879294990729
4 5 18 19 82.22868807248017 2.131781539175485
4 5 19 20 47.87887758035862 1.11032400010794
4 5 20 21 65.15949441558519 0.4445025877934764
4 5 21 22 62.82407943014309 1.82015937408267
4 5 22 23 51.67035225784912 0.4274127619473075
4 5 23 24 53.24726926562917 0.2532083607251485
4 5 24 25 40.42850400776757 1.295003217581827
4 5 25 26 47.77586266814811 0.2549344674126174
4 5 26 27 56.39680904392566 1.086516485883977
4 5 27 28 34.19219646065525 0.416587769012848
4 5 28 29 31.78958482350009 0.4242262952822663
4 5 29 30 42.405328039022 0.3610259390179246
4 5 30 31 39.91562841943059 0.5829786631396429
4 5 31 32 28.15288585229496 0.2160059558208919
4 5 32 33 26.53166602122693 0.155125685901595
4 5 33 34 29.52056436447987 0.6317122851285675
4 5 34 35 29.39217453149496 0.4677562606434764
4 5 35 36 25.09458920755795 0.4144021396060712
4 5 36 37 22.84419514432659 0.1207970901280882
4 5 37 38 22.58149982626904 0.2310819708167891
4 5 38 39 21.05035182704853 0.1321566595878804
4 5 39 40 19.80848577885612 0.120758754239002
4 5 40 41 18.63651555029746 0.107245623925911
4 5 41 42 17.52409991963945 0.09487359186094835
4 5 42 43 16.46817897032162 0.08557095611260986
4 5 43 44 15.46920996247727 0.07928600036397868
4 5 44 45 14.52754484474845 0.07500031054167065
4 5 45 46 13.74711770929245 0.08299531474971764
4 5 46 47 12.73082953742277 0.1395360910740508
4 5 47 48 11.84829635335121 0.2360213835332464
4 5 48 49 11.20296983253425 0.1417473019229971
4 5 49 50 10.73706109870704 0.09395839963131217
-5 5 0 50 -188952.134411507 166.7387052820372
