#ylo yhi qTlo qThi PDF0  uncertainty
-5 -4 0 1 -1618.252297059635 2.620493017201157
-5 -4 1 2 -4916.386422594196 7.715178120415723
-5 -4 2 3 -2528.521177713166 5.394969854184517
-5 -4 3 4 -1307.010373657934 3.90919755977849
-5 -4 4 5 -675.6459626683416 2.867027138963761
-5 -4 5 6 -331.8061171798161 2.15498742544777
-5 -4 6 7 -137.904241347667 1.674655789502806
-5 -4 7 8 -26.01837676106425 1.346618926259691
-5 -4 8 9 39.232825062139 1.116908576829352
-5 -4 9 10 77.06543675399212 0.9510064254037874
-5 -4 10 11 98.3217607140075 0.8270932759561557
-5 -4 11 12 109.3578828147586 0.7315446418604494
-5 -4 12 13 114.0091657439345 0.6556253309286015
-5 -4 13 14 114.6507521569922 0.593686352939642
-5 -4 14 15 112.7851299323228 0.541983946697192
-5 -4 15 16 109.3788369523023 0.4979789691802459
-5 -4 16 17 105.0614394452825 0.4599086131156448
-5 -4 17 18 100.246328043489 0.4265205666792088
-5 -4 18 19 95.20583235927461 0.3969051053158933
-5 -4 19 20 90.11893185994614 0.3703870889151626
-5 -4 20 21 85.10213055119675 0.3464552017709237
-5 -4 21 22 80.22976354254035 0.3247147372371843
-5 -4 22 23 75.54754141731914 0.3048555248948596
-5 -4 23 24 71.08169320880666 0.2866297619007592
-5 -4 24 25 66.84520069586074 0.2698364304520079
-5 -4 25 26 62.84208446856474 0.2543101684868635
-5 -4 26 27 59.07036948158286 0.239913196234446
-5 -4 27 28 55.52414616361173 0.2265293735669794
-5 -4 28 29 52.1950064337949 0.2140597634098677
-5 -4 29 30 49.07304430992045 0.2024192755977789
-5 -4 30 31 46.14755128199791 0.1915340945115723
-5 -4 31 32 43.40749658738872 0.1813396850629678
-5 -4 32 33 40.84185532304869 0.1717792275787563
-5 -4 33 34 38.43982866049519 0.1628023769905136
-5 -4 34 35 36.19098750034822 0.1543642691057246
-5 -4 35 36 34.08536185223164 0.1464247157142704
-5 -4 36 37 32.11349187636711 0.138947548980268
-5 -4 37 38 30.26645201927556 0.1319000801300671
-5 -4 38 39 28.53585645374985 0.125252651188616
-5 -4 39 40 26.91385172838872 0.1189782593478276
-5 -4 40 41 25.39310090098488 0.1130522410021621
-5 -4 41 42 23.96676219665268 0.1074520034279611
-5 -4 42 43 22.62846436185487 0.1021567957898754
-5 -4 43 44 21.372280315722 0.09714751279007992
-5 -4 44 45 20.19270014417458 0.09240652448940091
-5 -4 45 46 19.08417958228986 0.08821137660538074
-5 -4 46 47 18.04254458741371 0.08560290735623556
-5 -4 47 48 17.0629898011652 0.0845468625846867
-5 -4 48 49 16.14145350801607 0.08471347886884086
-5 -4 49 50 15.27384608814777 0.08516921448033823
-4 -3.75 0 1 -1186.053397662431 1.190536896539855
-4 -3.75 1 2 -4904.682197598067 24.11706421367423
-4 -3.75 2 3 -2915.128080616607 11.09213503252676
-4 -3.75 3 4 -1678.363338228515 6.431280696486887
-4 -3.75 4 5 -980.3162249845338 4.162133155319329
-4 -3.75 5 6 -572.7768326521773 2.873238705192993
-4 -3.75 6 7 -326.8854166205751 2.068824902405159
-4 -3.75 7 8 -174.3516651849352 1.534028306528432
-4 -3.75 8 9 -77.6940799262693 1.161961259497785
-4 -3.75 9 10 -15.55554604607801 0.8947099189515915
-4 -3.75 10 11 24.61325103197316 0.6980584612102615
-4 -3.75 11 12 50.48288286968921 0.5510091382368336
-4 -3.75 12 13 66.86335917249448 0.4400041498653225
-4 -3.75 13 14 76.85253002098978 0.3559981733202404
-4 -3.75 14 15 82.49061119434134 0.302550818991712
-4 -3.75 15 16 85.14726258201273 0.2771651092107296
-4 -3.75 16 17 85.75702366781314 0.2545144218672918
-4 -3.75 17 18 84.96622663137953 0.2342164191455732
-4 -3.75 18 19 83.22682222893485 0.2159549473095618
-4 -3.75 19 20 80.85756667850467 0.1994666257254989
-4 -3.75 20 21 78.08467819410856 0.1845304848501834
-4 -3.75 21 22 75.06930842465627 0.1709598967053274
-4 -3.75 22 23 71.92638486143841 0.158596244269188
-4 -3.75 23 24 68.73770876314251 0.147907285487807
-4 -3.75 24 25 65.56116923853301 0.1470162478565103
-4 -3.75 25 26 62.4372944249611 0.1462635553491259
-4 -3.75 26 27 59.39395353054778 0.1454781032443858
-4 -3.75 27 28 56.44975989893442 0.1445642745520609
-4 -3.75 28 29 53.61655198023837 0.1434745153742626
-4 -3.75 29 30 50.90121346196176 0.14219114771617
-4 -3.75 30 31 48.30701571283623 0.1407145406948623
-4 -3.75 31 32 45.8346122207823 0.1390555170566887
-4 -3.75 32 33 43.48277771131086 0.1372305315845213
-4 -3.75 33 34 41.24895876749778 0.1352586460419066
-4 -3.75 34 35 39.12968451291954 0.1331596640286944
-4 -3.75 35 36 37.12087288773122 0.1309530105751965
-4 -3.75 36 37 35.21805870238948 0.1286570887080797
-4 -3.75 37 38 33.41656288842923 0.1262889398349974
-4 -3.75 38 39 31.71161740684261 0.1238640947163184
-4 -3.75 39 40 30.09845665039939 0.1213965430910845
-4 -3.75 40 41 28.5723835181923 0.118898773929363
-4 -3.75 41 42 27.12881630692262 0.1163818569172212
-4 -3.75 42 43 25.76332108374096 0.1138555445848527
-4 -3.75 43 44 24.47163313589903 0.1113283835885439
-4 -3.75 44 45 23.24967015852242 0.1088078270410473
-4 -3.75 45 46 22.09308786710282 0.1063527698142047
-4 -3.75 46 47 20.99898463368181 0.1041501955834773
-4 -3.75 47 48 19.96340509850507 0.1022014898671518
-4 -3.75 48 49 18.9830407472882 0.100474168318262
-4 -3.75 49 50 18.05461049836575 0.0987999981057472
-3.75 -3.5 0 1 -1150.002291768694 9.279364003443092
-3.75 -3.5 1 2 -6168.637422896389 25.2130345555888
-3.75 -3.5 2 3 -3959.727999731022 15.74945513586251
-3.75 -3.5 3 4 -2388.172456994024 10.90376147376428
-3.75 -3.5 4 5 -1460.169742074541 8.078672592518496
-3.75 -3.5 5 6 -900.5007659071891 6.259960002519298
-3.75 -3.5 6 7 -553.1098827560372 5.006248427060069
-3.75 -3.5 7 8 -331.569587468171 4.098309353733312
-3.75 -3.5 8 9 -187.0532818797606 3.41603702904927
-3.75 -3.5 9 10 -91.10749970699067 2.888239116897699
-3.75 -3.5 10 11 -26.69399132068452 2.470477275922466
-3.75 -3.5 11 12 16.78382577938919 2.133509399000633
-3.75 -3.5 12 13 46.07801006098907 1.857415081573992
-3.75 -3.5 13 14 65.60465476009472 1.628181604872524
-3.75 -3.5 14 15 78.31667063098894 1.435687215186269
-3.75 -3.5 15 16 86.22709754918924 1.272453101686483
-3.75 -3.5 16 17 90.73140257794796 1.132843860428225
-3.75 -3.5 17 18 92.81093876572118 1.012539754671302
-3.75 -3.5 18 19 93.16431582031038 0.9081791921652175
-3.75 -3.5 19 20 92.29398009821296 0.81711090952802
-3.75 -3.5 20 21 90.56434065080538 0.73721867925409
-3.75 -3.5 21 22 88.24144841961709 0.6667950497645015
-3.75 -3.5 22 23 85.5204924809903 0.6044489122734878
-3.75 -3.5 23 24 82.54511344743423 0.5490368302761688
-3.75 -3.5 24 25 79.42113565903622 0.4996113380481519
-3.75 -3.5 25 26 76.22643901014794 0.4553815388463578
-3.75 -3.5 26 27 73.01812637046123 0.4156827405421662
-3.75 -3.5 27 28 69.837774151536 0.3799528147991467
-3.75 -3.5 28 29 66.71530966306048 0.34771361681638
-3.75 -3.5 29 30 63.67189502371664 0.3185562535959759
-3.75 -3.5 30 31 60.72208591933597 0.2921293096365914
-3.75 -3.5 31 32 57.87545667621791 0.2681293635931426
-3.75 -3.5 32 33 55.13782959082266 0.2462932976513723
-3.75 -3.5 33 34 52.51220878744925 0.2263920186184869
-3.75 -3.5 34 35 49.99949208888808 0.2082253003078148
-3.75 -3.5 35 36 47.59901514200632 0.1916175224621394
-3.75 -3.5 36 37 45.3089681408244 0.1764141307472663
-3.75 -3.5 37 38 43.12671534337935 0.1624786812891792
-3.75 -3.5 38 39 41.049040107374 0.1496903607593406
-3.75 -3.5 39 40 39.07233264219707 0.137941896271235
-3.75 -3.5 40 41 37.19273360906692 0.1271377859756161
-3.75 -3.5 41 42 35.40624354783235 0.1171927953654069
-3.75 -3.5 42 43 33.70880581806396 0.1080306738078924
-3.75 -3.5 43 44 32.09636902870605 0.09958305584581581
-3.75 -3.5 44 45 30.56493348422094 0.09178851660937848
-3.75 -3.5 45 46 29.10997377645258 0.0846821176816632
-3.75 -3.5 46 47 27.72880641976079 0.07856114830334986
-3.75 -3.5 47 48 26.41714571108306 0.07344617316214819
-3.75 -3.5 48 49 25.17146654248498 0.06929050875256081
-3.75 -3.5 49 50 23.98822526357634 0.06573520023868813
-3.5 -3.25 0 1 -934.1685154782056 5.931741225609899
-3.5 -3.25 1 2 -6948.871042283494 21.17028558363394
-3.5 -3.25 2 3 -4773.796386920721 15.02096664007659
-3.5 -3.25 3 4 -2982.444645889424 10.95473724268528
-3.5 -3.25 4 5 -1883.02083127305 8.383355903957941
-3.5 -3.25 5 6 -1203.053174814057 6.652318863467229
-3.5 -3.25 6 7 -771.9709403467405 5.422662567491556
-3.5 -3.25 7 8 -491.5206201647663 4.511901429325028
-3.5 -3.25 8 9 -304.8530980290559 3.815102164038752
-3.5 -3.25 9 10 -178.2419772320413 3.267882087892543
-3.5 -3.25 10 11 -91.18765479529975 2.829062787357802
-3.5 -3.25 11 12 -30.77287319940842 2.470985800142785
-3.5 -3.25 12 13 11.33301364462045 2.174500905806803
-3.5 -3.25 13 14 40.64080570753913 1.925949505614621
-3.5 -3.25 14 15 60.87618584990344 1.715346978114508
-3.5 -3.25 15 16 74.60684081819011 1.535237794480716
-3.5 -3.25 16 17 83.63243850773733 1.37995102034293
-3.5 -3.25 17 18 89.2329998540431 1.245102538541311
-3.5 -3.25 18 19 92.33060227617705 1.127254001540497
-3.5 -3.25 19 20 93.59679267573608 1.023674058632641
-3.5 -3.25 20 21 93.52524985574507 0.9321679353568845
-3.5 -3.25 21 22 92.48175687960247 0.8509536799570168
-3.5 -3.25 22 23 90.73908584618698 0.7785708884809029
-3.5 -3.25 23 24 88.50168202350051 0.7138124284796385
-3.5 -3.25 24 25 85.92334567553735 0.6556727071887472
-3.5 -3.25 25 26 83.12003978540719 0.6033080124120592
-3.5 -3.25 26 27 80.17926158549881 0.5560057800649777
-3.5 -3.25 27 28 77.16696309474912 0.5131605416691462
-3.5 -3.25 28 29 74.13270454855456 0.474254927017116
-3.5 -3.25 29 30 71.11352110168383 0.4388445313019674
-3.5 -3.25 30 31 68.13684405806379 0.4065457658848804
-3.5 -3.25 31 32 65.22272151945381 0.3770260317019968
-3.5 -3.25 32 33 62.38551587300211 0.3499957174411114
-3.5 -3.25 33 34 59.63520781993338 0.3252016410827399
-3.5 -3.25 34 35 56.97840255018033 0.3024216420884355
-3.5 -3.25 35 36 54.41910905077435 0.2814600975623976
-3.5 -3.25 36 37 51.95934566444674 0.2621441839094468
-3.5 -3.25 37 38 49.59961190646987 0.244320744903696
-3.5 -3.25 38 39 47.33925684158257 0.2278536551138116
-3.5 -3.25 39 40 45.1767671127526 0.2126215903742035
-3.5 -3.25 40 41 43.1099923627999 0.1985161343858202
-3.5 -3.25 41 42 41.1363216458502 0.1854401643742069
-3.5 -3.25 42 43 39.25282137832968 0.1733064691070056
-3.5 -3.25 43 44 37.4563430788365 0.1620365620714014
-3.5 -3.25 44 45 35.7436072305661 0.1515596579086792
-3.5 -3.25 45 46 34.11053066819971 0.1418780658909133
-3.5 -3.25 46 47 32.5551287320739 0.1331830273920611
-3.5 -3.25 47 48 31.07332396107962 0.1254598268291316
-3.5 -3.25 48 49 29.66184071758286 0.1186509092961219
-3.5 -3.25 49 50 28.31731217052028 0.1124759266751929
-3.25 -3 0 1 -610.5073342024739 3.299921844129816
-3.25 -3 1 2 -7320.183399133787 12.57259929906044
-3.25 -3 2 3 -5350.631153193888 10.38954557216478
-3.25 -3 3 4 -3440.753557505062 7.983764275936498
-3.25 -3 4 5 -2226.953131075497 6.299906101801385
-3.25 -3 5 6 -1460.061082767797 5.109197696098216
-3.25 -3 6 7 -965.4279825351828 4.23664109746744
-3.25 -3 7 8 -638.5361591776209 3.575657119928211
-3.25 -3 8 9 -417.585603234576 3.061056063563155
-3.25 -3 9 10 -265.3347308901568 2.651005866716435
-3.25 -3 10 11 -158.8580418831032 2.318125618883156
-3.25 -3 11 12 -83.55128686928174 2.043551542111759
-3.25 -3 12 13 -29.90261261998467 1.814004171043062
-3.25 -3 13 14 8.437771647262934 1.619874300950009
-3.25 -3 14 15 35.80017329012253 1.454050750639174
-3.25 -3 15 16 55.19429525971771 1.311166758922955
-3.25 -3 16 17 68.74737806586745 1.187101631264264
-3.25 -3 17 18 77.98530254399702 1.078642791060792
-3.25 -3 18 19 84.01684611781081 0.9832514055835126
-3.25 -3 19 20 87.65685729109759 0.8988965448565693
-3.25 -3 20 21 89.51008715505463 0.8239356962385826
-3.25 -3 21 22 90.02918219676815 0.7570272636322591
-3.25 -3 22 23 89.55540109335516 0.6970655371994062
-3.25 -3 23 24 88.34758962127933 0.6431317093006298
-3.25 -3 24 25 86.60305411138199 0.5944565219458122
-3.25 -3 25 26 84.47276756013025 0.5503914618400617
-3.25 -3 26 27 82.0725606629174 0.5103863155153161
-3.25 -3 27 28 79.49143493674109 0.4739715125990531
-3.25 -3 28 29 76.79779079614212 0.440744112425307
-3.25 -3 29 30 74.04412992341344 0.4103565904222441
-3.25 -3 30 31 71.27063099263768 0.3825077960836263
-3.25 -3 31 32 68.50788634545313 0.3569356098943882
-3.25 -3 32 33 65.77900887534565 0.3334109401343799
-3.25 -3 33 34 63.1012627550586 0.3117327839839368
-3.25 -3 34 35 60.48733174265129 0.2917241409556454
-3.25 -3 35 36 57.94630989728225 0.2732286123710136
-3.25 -3 36 37 55.48447845171421 0.2561075570481564
-3.25 -3 37 38 53.10591708878377 0.2402377006805531
-3.25 -3 38 39 50.81298632430807 0.2255091169950068
-3.25 -3 39 40 48.6067091068773 0.2118235155493404
-3.25 -3 40 41 46.48707333667477 0.1990927833329405
-3.25 -3 41 42 44.4532720129059 0.1872377377951662
-3.25 -3 42 43 42.50389406487216 0.1761870565569475
-3.25 -3 43 44 40.63707609487996 0.1658763553405045
-3.25 -3 44 45 38.85062297205239 0.1562473912501671
-3.25 -3 45 46 37.14127436267204 0.1473205587697446
-3.25 -3 46 47 35.50800367681438 0.1393202229711496
-3.25 -3 47 48 33.94728729553447 0.1322381869910815
-3.25 -3 48 49 32.45639193481152 0.1260174509166146
-3.25 -3 49 50 31.03240785184397 0.1203568223634814
-3 -2.75 0 1 -252.7865487368488 0.9161719696753101
-3 -2.75 1 2 -7430.717250805623 7.228006634012298
-3 -2.75 2 3 -5744.972731082218 6.655293466700064
-3 -2.75 3 4 -3781.638046755425 5.278528235204432
-3 -2.75 4 5 -2494.797872444327 4.240867603955086
-3 -2.75 5 6 -1667.378385443471 3.483258041650507
-3 -2.75 6 7 -1126.336798679142 2.917141413041247
-3 -2.75 7 8 -764.3671195962229 2.482208518178413
-3 -2.75 8 9 -516.8147670406463 2.139963229183518
-3 -2.75 9 10 -344.2052047920661 1.864706791010446
-3 -2.75 10 11 -221.9829193804387 1.639543478512554
-3 -2.75 11 12 -134.3680103210829 1.452558671041016
-3 -2.75 12 13 -71.00172679122488 1.295289497878663
-3 -2.75 13 14 -24.91894809996393 1.161555247838641
-3 -2.75 14 15 8.662638383348167 1.046745902230225
-3 -2.75 15 16 33.08874055120009 0.9473584520685973
-3 -2.75 16 17 50.73935929249569 0.8606868688672308
-3 -2.75 17 18 63.33269644695747 0.7846099290193118
-3 -2.75 18 19 72.12544087988715 0.7174429107967245
-3 -2.75 19 20 78.04733720961178 0.6578319385523144
-3 -2.75 20 21 81.79321215394407 0.6046773989107616
-3 -2.75 21 22 83.88693046839069 0.557077552832823
-3 -2.75 22 23 84.72650038953088 0.514286422010935
-3 -2.75 23 24 84.61631353656753 0.4756819238377383
-3 -2.75 24 25 83.79047235843649 0.4407414723064284
-3 -2.75 25 26 82.42985848054695 0.4090230895572929
-3 -2.75 26 27 80.67474968837274 0.38015063504714
-3 -2.75 27 28 78.6342341555611 0.3538021468061367
-3 -2.75 28 29 76.39329549792751 0.3297005584378485
-3 -2.75 29 30 74.01818703851632 0.3076062488247086
-3 -2.75 30 31 71.56053795147585 0.2873110170266394
-3 -2.75 31 32 69.06051137370781 0.2686331761751323
-3 -2.75 32 33 66.54924815505154 0.2514135318600892
-3 -2.75 33 34 64.05076838255798 0.2355120654138773
-3 -2.75 34 35 61.58345852642941 0.2208051827704789
-3 -2.75 35 36 59.16123989599456 0.2071834198926929
-3 -2.75 36 37 56.79449055051822 0.1945495192935023
-3 -2.75 37 38 54.49077545272337 0.182816809924165
-3 -2.75 38 39 52.25542669970562 0.171907835748103
-3 -2.75 39 40 50.09200597416046 0.1617531907134634
-3 -2.75 40 41 48.0026741294636 0.1522905242577883
-3 -2.75 41 42 45.98848715811638 0.1434636892272375
-3 -2.75 42 43 44.04963364694697 0.1352220091347114
-3 -2.75 43 44 42.18562558518224 0.1275196460890838
-3 -2.75 44 45 40.39545178781822 0.1203150529573767
-3 -2.75 45 46 38.67680682032452 0.1136755962139098
-3 -2.75 46 47 37.02967766441016 0.1079571270236721
-3 -2.75 47 48 35.45123311717349 0.1031752243411358
-3 -2.75 48 49 33.89506696160748 0.8502814096740963
-3 -2.75 49 50 32.44571312981269 0.7689661897060451
-2.75 -2.5 0 1 104.2300746258628 0.873469651498064
-2.75 -2.5 1 2 -7398.56383576084 2.715429277262623
-2.75 -2.5 2 3 -6017.758917936153 3.368625663221778
-2.75 -2.5 3 4 -4036.434268164748 2.875509179370065
-2.75 -2.5 4 5 -2702.319795356014 2.408890306905592
-2.75 -2.5 5 6 -1832.226076669176 2.038441549944765
-2.75 -2.5 6 7 -1257.093167794838 1.747572522937638
-2.75 -2.5 7 8 -868.637193319556 1.516091682431757
-2.75 -2.5 8 9 -600.5692069434535 1.328563630262413
-2.75 -2.5 9 10 -411.979186873815 1.174486665791685
-2.75 -2.5 10 11 -277.2049990670491 1.045865678996284
-2.75 -2.5 11 12 -179.6403023126643 0.9372072731951337
-2.75 -2.5 12 13 -108.3158850818274 0.8444153048586569
-2.75 -2.5 13 14 -55.81426775623095 0.7644216224021056
-2.75 -2.5 14 15 -17.01539095251451 0.6948880740615677
-2.75 -2.5 15 16 11.68105296413864 0.6340044112747827
-2.75 -2.5 16 17 32.84895774736992 0.5803488321671397
-2.75 -2.5 17 18 48.35569468108849 0.532790030037419
-2.75 -2.5 18 19 59.57384074966706 0.4904172003723776
-2.75 -2.5 19 20 67.52400552303175 0.4524892085678297
-2.75 -2.5 20 21 72.97287525889556 0.4183971126718889
-2.75 -2.5 21 22 76.50159874032533 0.3876361457252898
-2.75 -2.5 22 23 78.55418709367962 0.3597844990610379
-2.75 -2.5 23 24 79.47222801008547 0.3344870646673239
-2.75 -2.5 24 25 79.52008933444631 0.3114428413848838
-2.75 -2.5 25 26 78.9034228609994 0.290395079084185
-2.75 -2.5 26 27 77.78288895783538 0.27112349378801
-2.75 -2.5 27 28 76.28443233588746 0.2534380645625247
-2.75 -2.5 28 29 74.50704225701503 0.237174050405905
-2.75 -2.5 29 30 72.5286596093411 0.2221879568360912
-2.75 -2.5 30 31 70.41070629949297 0.2083542486215655
-2.75 -2.5 31 32 68.20158165471815 0.1955626518991829
-2.75 -2.5 32 33 65.939378127206 0.1837159271765616
-2.75 -2.5 33 34 63.65400262823778 0.1727280196562136
-2.75 -2.5 34 35 61.36884225197252 0.1625225149311223
-2.75 -2.5 35 36 59.10207850638312 0.1530313424531198
-2.75 -2.5 36 37 56.86772876221559 0.1441936824562982
-2.75 -2.5 37 38 54.67647485377736 0.1359550392873653
-2.75 -2.5 38 39 52.53632471295268 0.128266453113169
-2.75 -2.5 39 40 50.45314238934128 0.1210838259376626
-2.75 -2.5 40 41 48.43107393160403 0.1143673433998423
-2.75 -2.5 41 42 46.47289041223235 0.1080809771590266
-2.75 -2.5 42 43 44.58026485702709 0.1021920541084966
-2.75 -2.5 43 44 42.75399626314166 0.09667088366622222
-2.75 -2.5 44 45 40.99419104949649 0.09149043234998464
-2.75 -2.5 45 46 39.29946695612369 0.08677686124328701
-2.75 -2.5 46 47 37.67075586190333 0.08306371814483805
-2.75 -2.5 47 48 36.10591493451484 0.08038345041025019
-2.75 -2.5 48 49 34.55713785242918 0.8930317738455501
-2.75 -2.5 49 50 33.15165618836966 1.039544479284446
-2.5 -2.25 0 1 441.3942551465816 0.8383899805682125
-2.5 -2.25 1 2 -7308.017834192438 1.857226044230482
-2.5 -2.25 2 3 -6220.770396181256 1.950119787580352
-2.5 -2.25 3 4 -4234.402760180606 1.661838942708687
-2.5 -2.25 4 5 -2865.95016710986 1.453156359310454
-2.5 -2.25 5 6 -1963.720537525219 1.27056380221641
-2.5 -2.25 6 7 -1362.531111769683 1.118004469700288
-2.5 -2.25 7 8 -953.6081325379159 0.9909868574787145
-2.5 -2.25 8 9 -669.5303856393575 0.8838016017112981
-2.5 -2.25 9 10 -468.3593801686582 0.7931648153836087
-2.5 -2.25 10 11 -323.618002770525 0.7154408828185173
-2.5 -2.25 11 12 -218.0883916213386 0.6482928710356188
-2.5 -2.25 12 13 -140.3444361945806 0.5898266699554165
-2.5 -2.25 13 14 -82.62703589619559 0.5385605945355376
-2.5 -2.25 14 15 -39.55890809587686 0.493323395943262
-2.5 -2.25 15 16 -7.34430916341762 0.4531792757577372
-2.5 -2.25 16 17 16.74059456580403 0.4173727749980269
-2.5 -2.25 17 18 34.67933021599447 0.3852880257196665
-2.5 -2.25 18 19 47.93530254010398 0.3564183498528274
-2.5 -2.25 19 20 57.6007720326262 0.330343346977295
-2.5 -2.25 20 21 64.49941454911971 0.3067114455100646
-2.5 -2.25 21 22 69.25805431349113 0.2852264810462112
-2.5 -2.25 22 23 72.35756933667562 0.2656372702637919
-2.5 -2.25 23 24 74.16949933632634 0.2477294379524739
-2.5 -2.25 24 25 74.98269379468184 0.2313189522785283
-2.5 -2.25 25 26 75.02292721445133 0.2162469712040928
-2.5 -2.25 26 27 74.46748603040072 0.2023756987512286
-2.5 -2.25 27 28 73.45611853353893 0.1895850319947849
-2.5 -2.25 28 29 72.09932597102119 0.177769825809359
-2.5 -2.25 29 30 70.48469053172266 0.1668376496755043
-2.5 -2.25 30 31 68.68174056804867 0.1567069348742365
-2.5 -2.25 31 32 66.74571653981252 0.1473054357516261
-2.5 -2.25 32 33 64.72050425817565 0.1385689453091253
-2.5 -2.25 33 34 62.64093271194628 0.1304402167393182
-2.5 -2.25 34 35 60.53458368104373 0.1228680538428845
-2.5 -2.25 35 36 58.42322382536861 0.1158065404109845
-2.5 -2.25 36 37 56.32394308457248 0.1092143842679423
-2.5 -2.25 37 38 54.25006336793828 0.103054356617297
-2.5 -2.25 38 39 52.21186660071953 0.09729281093033737
-2.5 -2.25 39 40 50.21718002364324 0.09189926854996265
-2.5 -2.25 40 41 48.271848249041 0.08684606064112406
-2.5 -2.25 41 42 46.38011498203829 0.08210801712468202
-2.5 -2.25 42 43 44.54493248532444 0.07766219679375826
-2.5 -2.25 43 44 42.76821303788267 0.07348765040215446
-2.5 -2.25 44 45 41.05103359050304 0.06956521487170209
-2.5 -2.25 45 46 39.39281913367762 0.06609364475760687
-2.5 -2.25 46 47 37.79532208942314 0.06384944851423587
-2.5 -2.25 47 48 36.21059884908715 1.028566629915584
-2.5 -2.25 48 49 34.76754559037974 1.211604884049335
-2.5 -2.25 49 50 33.34406934593844 1.096383272875847
-2.25 -2 0 1 746.6023500545533 0.2304072149564273
-2.25 -2 1 2 -7224.449231138487 1.784962830723828
-2.25 -2 2 3 -6415.677173984715 1.923470516772507
-2.25 -2 3 4 -4421.634055680046 1.633639526784276
-2.25 -2 4 5 -3017.038933998896 1.391320397255784
-2.25 -2 5 6 -2081.962775308907 1.204016586207848
-2.25 -2 6 7 -1454.832674059767 1.056128429788131
-2.25 -2 7 8 -1026.046017366857 0.9363239107785146
-2.25 -2 8 9 -726.8007504216589 0.8365215013762602
-2.25 -2 9 10 -513.9764897847995 0.752543548937884
-2.25 -2 10 11 -360.1920944546359 0.6805879724760598
-2.25 -2 11 12 -247.5745159144642 0.6183327511407049
-2.25 -2 12 13 -164.221268508782 0.5639818695456339
-2.25 -2 13 14 -102.0256934778224 0.5161670421920611
-2.25 -2 14 15 -55.35435975765699 0.4738236317433769
-2.25 -2 15 16 -20.22052507597186 0.4361087778568654
-2.25 -2 16 17 6.24376975973405 0.402345389859023
-2.25 -2 17 18 26.132064738694 0.3719826826475918
-2.25 -2 18 19 40.99264948752932 0.3445676799591108
-2.25 -2 19 20 51.9839367934768 0.3197242111176273
-2.25 -2 20 21 59.98162896205383 0.2971371578014628
-2.25 -2 21 22 65.65380938294595 0.2765404611109548
-2.25 -2 22 23 69.5143255031785 0.257707870546541
-2.25 -2 23 24 71.961245025842 0.2404457239817981
-2.25 -2 24 25 73.3048974625666 0.2245872534352972
-2.25 -2 25 26 73.78855042044881 0.2099880518069334
-2.25 -2 26 27 73.60381184396101 0.1965224306902184
-2.25 -2 27 28 72.90221181512538 0.1840804719898304
-2.25 -2 28 29 71.80398722412662 0.1725656223903384
-2.25 -2 29 30 70.40479810961284 0.1618927169631509
-2.25 -2 30 31 68.78090052023782 0.1519863456798159
-2.25 -2 31 32 66.99315768960463 0.142779494214776
-2.25 -2 32 33 65.09016990406485 0.1342124070310818
-2.25 -2 33 34 63.11073083371849 0.1262316318254849
-2.25 -2 34 35 61.0857655731337 0.1187892106877427
-2.25 -2 35 36 59.03986727297359 0.1118419947290161
-2.25 -2 36 37 56.99252102519591 0.1053510584375791
-2.25 -2 37 38 54.95908273647109 0.09928119819267911
-2.25 -2 38 39 52.95156502946972 0.0936005014430181
-2.25 -2 39 40 50.97927040258742 0.08827997410373239
-2.25 -2 40 41 49.04930302131876 0.08329321816942049
-2.25 -2 41 42 47.16698353364043 0.07861615124641849
-2.25 -2 42 43 45.33618618758203 0.07422676165170464
-2.25 -2 43 44 43.55961346006563 0.07010489458289902
-2.25 -2 44 45 41.83902018537216 0.06623206386799456
-2.25 -2 45 46 40.17437128667129 0.06300691030511874
-2.25 -2 46 47 38.56800080338684 0.06191407618935559
-2.25 -2 47 48 36.96911621322769 1.101564675441404
-2.25 -2 48 49 35.51472665027407 1.290018490439181
-2.25 -2 49 50 34.07730295109872 1.168997972210289
-2 -1.75 0 1 1044.236779738771 0.8722135682615466
-2 -1.75 1 2 -7114.120409176536 3.607628908661094
-2 -1.75 2 3 -6570.829876682301 2.943728382333447
-2 -1.75 3 4 -4583.949066680059 2.285547862756458
-2 -1.75 4 5 -3156.716903919575 1.832545499178895
-2 -1.75 5 6 -2197.797571051995 1.513760032265984
-2 -1.75 6 7 -1550.216471345935 1.279698698315905
-2 -1.75 7 8 -1104.721935459661 1.101001250400041
-2 -1.75 8 9 -791.9992959961764 0.9607399469454976
-2 -1.75 9 10 -568.309796718745 0.8473281501082301
-2 -1.75 10 11 -405.7299943509677 0.753991628374487
-2 -1.75 11 12 -285.9501224890089 0.6758126344154873
-2 -1.75 12 13 -196.726211528478 0.6094071272240759
-2 -1.75 13 14 -129.6870125029591 0.5523371190025884
-2 -1.75 14 15 -78.99413241051684 0.5028010665937183
-2 -1.75 15 16 -40.50141868579476 0.4594378674735489
-2 -1.75 16 17 -11.21617335462861 0.421199028014994
-2 -1.75 17 18 11.05343813310265 0.3872629959027118
-2 -1.75 18 19 27.93372918403861 0.3569763149067685
-2 -1.75 19 20 40.6454959342035 0.3298122878145697
-2 -1.75 20 21 50.11466889812402 0.3053413453232217
-2 -1.75 21 22 57.05004292243109 0.2832094149059147
-2 -1.75 22 23 61.99867109365709 0.2631218672981311
-2 -1.75 23 24 65.38586485831013 0.244831423588795
-2 -1.75 24 25 67.54442977645567 0.2281289218457961
-2 -1.75 25 26 68.73627228517921 0.2128361801575587
-2 -1.75 26 27 69.16853209153396 0.1988004177118932
-2 -1.75 27 28 69.00574083021263 0.1858898489076228
-2 -1.75 28 29 68.37906543448514 0.1739901704858826
-2 -1.75 29 30 67.39339145922736 0.1630017363656603
-2 -1.75 30 31 66.13279124953323 0.1528372679298097
-2 -1.75 31 32 64.66477404738299 0.1434199827556688
-2 -1.75 32 33 63.0436101729133 0.1346820562343627
-2 -1.75 33 34 61.31294615716848 0.1265633477931349
-2 -1.75 34 35 59.50787315621983 0.1190103403819799
-2 -1.75 35 36 57.65657108819283 0.1119752513209581
-2 -1.75 36 37 55.7816215265745 0.1054152848632812
-2 -1.75 37 38 53.90106056344467 0.09929199852322441
-2 -1.75 38 39 52.02922643872682 0.09357076495312057
-2 -1.75 39 40 50.17744438334836 0.08822031185194251
-2 -1.75 40 41 48.35458183274898 0.08321232788191953
-2 -1.75 41 42 46.567499835923 0.07852112275020268
-2 -1.75 42 43 44.82142111290284 0.07412333346234802
-2 -1.75 43 44 43.12023091693655 0.06999766987745154
-2 -1.75 44 45 41.46672347127307 0.06612469260835938
-2 -1.75 45 46 39.8617508414236 0.06274143904879388
-2 -1.75 46 47 38.26168387649366 1.223870956287869
-2 -1.75 47 48 36.79875195179983 1.459537257099829
-2 -1.75 48 49 35.34752322327751 1.331480109447815
-2 -1.75 49 50 33.94726242118364 1.206241816557281
-1.75 -1.5 0 1 1322.148052152941 0.7992641761944753
-1.75 -1.5 1 2 -6989.592078771016 1.693011377323633
-1.75 -1.5 2 3 -6687.823225519457 2.041474755346168
-1.75 -1.5 3 4 -4697.515753055936 1.809160216863601
-1.75 -1.5 4 5 -3244.891917036826 1.559608351973016
-1.75 -1.5 5 6 -2264.074032894677 1.344880289920903
-1.75 -1.5 6 7 -1600.003431088624 1.167670683752546
-1.75 -1.5 7 8 -1142.381213116578 1.02217713026632
-1.75 -1.5 8 9 -820.7094871483569 0.9024186439162446
-1.75 -1.5 9 10 -590.3488653678251 0.8023677846230682
-1.75 -1.5 10 11 -422.7270835690078 0.7181945585307993
-1.75 -1.5 11 12 -299.0913531899573 0.6465527740662854
-1.75 -1.5 12 13 -206.8873978871447 0.5849761376757578
-1.75 -1.5 13 14 -137.5244966879911 0.5315793062483116
-1.75 -1.5 14 15 -85.00646474240193 0.4849072416329155
-1.75 -1.5 15 16 -45.0718460476678 0.4438241572444646
-1.75 -1.5 16 17 -14.64239624567563 0.4074329334306741
-1.75 -1.5 17 18 8.538073494562468 0.3750167296719495
-1.75 -1.5 18 19 26.14489429732726 0.345996439050879
-1.75 -1.5 19 20 39.43661351997446 0.319899404055052
-1.75 -1.5 20 21 49.36852179074219 0.2963361637729243
-1.75 -1.5 21 22 56.67244609278475 0.2749829792929021
-1.75 -1.5 22 23 61.91364563707168 0.2555685528956304
-1.75 -1.5 23 24 65.53192015736454 0.2378638257577883
-1.75 -1.5 24 25 67.87167338211532 0.2216740609170999
-1.75 -1.5 25 26 69.20414497213028 0.2068326380960689
-1.75 -1.5 26 27 69.74401991721413 0.1931961460887231
-1.75 -1.5 27 28 69.66195449752968 0.1806404685351047
-1.75 -1.5 28 29 69.0941048557421 0.1690576362722202
-1.75 -1.5 29 30 68.14943344569832 0.1583532765527781
-1.75 -1.5 30 31 66.91535296731882 0.1484445320913481
-1.75 -1.5 31 32 65.46211579656591 0.1392583518747264
-1.75 -1.5 32 33 63.84624923607799 0.1307300782563969
-1.75 -1.5 33 34 62.11325965287807 0.1228022722494964
-1.75 -1.5 34 35 60.29977255699981 0.1154237313338823
-1.75 -1.5 35 36 58.43523469368017 0.1085486648275741
-1.75 -1.5 36 37 56.54327399553 0.1021359964254367
-1.75 -1.5 37 38 54.64279079426581 0.09614877303645787
-1.75 -1.5 38 39 52.74883681316516 0.09055366076313862
-1.75 -1.5 39 40 50.87332573597655 0.08532051336157882
-1.75 -1.5 40 41 49.0256095894739 0.08042200212147586
-1.75 -1.5 41 42 47.2129476129179 0.07583329533128395
-1.75 -1.5 42 43 45.44088875937774 0.07153178184104918
-1.75 -1.5 43 44 43.71358452983108 0.06749683070852174
-1.75 -1.5 44 45 42.03404535536126 0.06370958098840349
-1.75 -1.5 45 46 40.4032585773997 0.0606044258975641
-1.75 -1.5 46 47 38.82463368811787 0.05979770681694452
-1.75 -1.5 47 48 37.29574480042237 1.53007628878742
-1.75 -1.5 48 49 35.8200257658213 1.396198581326237
-1.75 -1.5 49 50 34.39593121165828 1.26524229298287
-1.5 -1.25 0 1 1591.569577732825 2.197981318892103
-1.5 -1.25 1 2 -6850.049399934715 2.356223945657147
-1.5 -1.25 2 3 -6793.619932741763 1.98730896684391
-1.5 -1.25 3 4 -4815.458753343622 1.742660444641261
-1.5 -1.25 4 5 -3346.599839509293 1.500939060041992
-1.5 -1.25 5 6 -2347.890653730039 1.300370892322458
-1.5 -1.25 6 7 -1668.528196738082 1.136808315539265
-1.5 -1.25 7 8 -1198.542440437802 1.002599970552802
-1.5 -1.25 8 9 -867.0031639089639 0.8910524137616764
-1.5 -1.25 9 10 -628.759102175411 0.797553548604974
-1.5 -1.25 10 11 -454.8021814201893 0.717976838939712
-1.5 -1.25 11 12 -326.0383193203606 0.649698713837498
-1.5 -1.25 12 13 -229.6517820702811 0.590542017443224
-1.5 -1.25 13 14 -156.8525859393988 0.5388663428862583
-1.5 -1.25 14 15 -101.4921150193711 0.4933967254623093
-1.5 -1.25 15 16 -59.19148901086692 0.4531295319419977
-1.5 -1.25 16 17 -26.78125197636587 0.4172649900280582
-1.5 -1.25 17 18 -1.933749531271587 0.3851584154963774
-1.5 -1.25 18 19 17.08282132993804 0.356284570028167
-1.5 -1.25 19 20 31.57199480785789 0.3302113041458811
-1.5 -1.25 20 21 42.52517258372768 0.3065798283352686
-1.5 -1.25 21 22 50.70337384069842 0.2850897722329401
-1.5 -1.25 22 23 56.69561201467945 0.2654877391458931
-1.5 -1.25 23 24 60.96113374611809 0.247558446539049
-1.5 -1.25 24 25 63.86035312636443 0.2311177966978885
-1.5 -1.25 25 26 65.67775981569253 0.2160074071529622
-1.5 -1.25 26 27 66.63905762294075 0.2020902548661411
-1.5 -1.25 27 28 66.92410765185434 0.1892471778135102
-1.5 -1.25 28 29 66.67678802081082 0.1773740447263725
-1.5 -1.25 29 30 66.01256485229169 0.1670346011673951
-1.5 -1.25 30 31 65.0243488043273 0.1579105842427145
-1.5 -1.25 31 32 63.78705630777841 0.1493872605700582
-1.5 -1.25 32 33 62.36118438610822 0.1414162464261099
-1.5 -1.25 33 34 60.79562873067994 0.133953932585181
-1.5 -1.25 34 35 59.12991721867303 0.12696091998543
-1.5 -1.25 35 36 57.39598896776937 0.1204015326362773
-1.5 -1.25 36 37 55.61961793450979 0.1142433955446055
-1.5 -1.25 37 38 53.82155696863606 0.1084570682338242
-1.5 -1.25 38 39 52.01846083205533 0.1030157259401764
-1.5 -1.25 39 40 50.22363358336378 0.0978948798245225
-1.5 -1.25 40 41 48.44763584156664 0.09307213420507719
-1.5 -1.25 41 42 46.69877964498306 0.08852697126178503
-1.5 -1.25 42 43 44.9835328894105 0.08424056285846444
-1.5 -1.25 43 44 43.30685073114515 0.0801956043151198
-1.5 -1.25 44 45 41.67244773243246 0.07637616648827573
-1.5 -1.25 45 46 40.08190315637677 0.07301030727215263
-1.5 -1.25 46 47 38.539215839566 0.07097196582597799
-1.5 -1.25 47 48 37.03831103168972 1.598824759033695
-1.5 -1.25 48 49 35.59135158083953 1.460261645274767
-1.5 -1.25 49 50 34.192943772879 1.324583327690906
-1.25 -1 0 1 1814.528427091709 0.855202520391095
-1.25 -1 1 2 -6755.559133420771 2.000639693171085
-1.25 -1 2 3 -6901.495093941607 2.447069842776806
-1.25 -1 3 4 -4925.590627738264 2.105653661385937
-1.25 -1 4 5 -3436.932463352885 1.780254605551948
-1.25 -1 5 6 -2419.111611460554 1.520903316526507
-1.25 -1 6 7 -1724.343401080515 1.316303896327033
-1.25 -1 7 8 -1242.409611610638 1.152820764001841
-1.25 -1 8 9 -901.7213788620356 1.019255897251574
-1.25 -1 9 10 -656.371355861404 0.9085494774863707
-1.25 -1 10 11 -476.8817900293393 0.8159904594493902
-1.25 -1 11 12 -343.7692152008565 0.7369665438485635
-1.25 -1 12 13 -243.9330296968524 0.6689484921603994
-1.25 -1 13 14 -168.3757042756124 0.6098467302201274
-1.25 -1 14 15 -110.7945231544634 0.5580693919719535
-1.25 -1 15 16 -66.69495204568216 0.5123829679534889
-1.25 -1 16 17 -32.81975900039038 0.4718168177204123
-1.25 -1 17 18 -6.773942235603954 0.4355965165818461
-1.25 -1 18 19 13.2265072198129 0.403096471082276
-1.25 -1 19 20 28.52597779093776 0.3738056407078204
-1.25 -1 20 21 40.1481204600658 0.3473023344031732
-1.25 -1 21 22 48.87961283491813 0.323235399095413
-1.25 -1 22 23 55.33002956970643 0.3013099847064279
-1.25 -1 23 24 59.97520123676907 0.2812766349616943
-1.25 -1 24 25 63.18899697473023 0.2629228304289641
-1.25 -1 25 26 65.26688154370868 0.2460663618276036
-1.25 -1 26 27 66.4435547368804 0.2305500862356193
-1.25 -1 27 28 66.90628426487069 0.216237741113445
-1.25 -1 28 29 66.8050710911707 0.203010572846462
-1.25 -1 29 30 66.26046176596196 0.1907646018223451
-1.25 -1 30 31 65.36959678929941 0.1794083864060473
-1.25 -1 31 32 64.21092524422801 0.1688611834177028
-1.25 -1 32 33 62.84790296152926 0.1590514246793195
-1.25 -1 33 34 61.33191028693568 0.1499154478066979
-1.25 -1 34 35 59.70456655925688 0.1413964333050141
-1.25 -1 35 36 57.99957520769374 0.1334435097155816
-1.25 -1 36 37 56.24420144751809 0.1260109957821596
-1.25 -1 37 38 54.46046081736574 0.1190577568606559
-1.25 -1 38 39 52.66607891330074 0.1125466550335387
-1.25 -1 39 40 50.87526917436628 0.1064440774415431
-1.25 -1 40 41 49.09936540835594 0.1007195306323358
-1.25 -1 41 42 47.34733769748553 0.09534528963964913
-1.25 -1 42 43 45.62621443028422 0.09029609357950516
-1.25 -1 43 44 43.94142844515824 0.08554888158828691
-1.25 -1 44 45 42.2971015619807 0.08108256061790312
-1.25 -1 45 46 40.69513293887647 0.07712768673855769
-1.25 -1 46 47 39.18328853855346 1.133869338564159
-1.25 -1 47 48 37.62376374158603 1.654017235324993
-1.25 -1 48 49 36.162614602589 1.511138995457
-1.25 -1 49 50 34.74949284430403 1.371205210041496
-1 -0.75 0 1 2014.78082451254 1.314584266443354
-1 -0.75 1 2 -6639.91214273996 1.505655824654822
-1 -0.75 2 3 -6961.925184127384 1.889593938432063
-1 -0.75 3 4 -4993.373741870451 1.649917928186659
-1 -0.75 4 5 -3492.884472290955 1.419043769408852
-1 -0.75 5 6 -2463.010376186951 1.234019687169045
-1 -0.75 6 7 -1758.527384074114 1.086289076015204
-1 -0.75 7 8 -1269.126048671338 0.9661455472033145
-1 -0.75 8 9 -922.7134613839194 0.8662575636635691
-1 -0.75 9 10 -673.0617052452426 0.7811375482961411
-1 -0.75 10 11 -490.1538641364991 0.7091270709701342
-1 -0.75 11 12 -354.3955356219944 0.6463614079193867
-1 -0.75 12 13 -252.4713416314207 0.5914431570882157
-1 -0.75 13 14 -175.2527126881105 0.5430082171533955
-1 -0.75 14 15 -116.3403727711659 0.4999999331168707
-1 -0.75 15 16 -71.16773633107164 0.4615847782358952
-1 -0.75 16 17 -36.42313042310479 0.4270949488500909
-1 -0.75 17 18 -9.66992763204621 0.3959881982818015
-1 -0.75 18 19 10.90805743234682 0.3678190493519613
-1 -0.75 19 20 26.68033285632055 0.3422177244050964
-1 -0.75 20 21 38.69033545833736 0.3188744409450014
-1 -0.75 21 22 47.74045204699712 0.2975275197156991
-1 -0.75 22 23 54.45281889069804 0.277954251268435
-1 -0.75 23 24 59.31337538187518 0.2599637952527714
-1 -0.75 24 25 62.70417209092363 0.2433915959846299
-1 -0.75 25 26 64.92732921007837 0.228094947014236
-1 -0.75 26 27 66.22298549483423 0.2139494350633906
-1 -0.75 27 28 66.78287188723243 0.2008460636304929
-1 -0.75 28 29 66.76066555445846 0.1886889102794886
-1 -0.75 29 30 66.27995118822184 0.1773932021286742
-1 -0.75 30 31 65.44038773124697 0.1668837257208594
-1 -0.75 31 32 64.32251761730532 0.1570935046586999
-1 -0.75 32 33 62.99154096262492 0.1479626928666052
-1 -0.75 33 34 61.50029473594128 0.1394376444587616
-1 -0.75 34 35 59.89161705654698 0.1314701252896904
-1 -0.75 35 36 58.20023288317668 0.1240166458962277
-1 -0.75 36 37 56.45426491211435 0.1170378891994161
-1 -0.75 37 38 54.67644937533373 0.1104982219545466
-1 -0.75 38 39 52.88511822653805 0.1043652730635318
-1 -0.75 39 40 51.09499548315068 0.09860956885181608
-1 -0.75 40 41 49.3178451297884 0.09320421870292933
-1 -0.75 41 42 47.56299980480929 0.08812463845644392
-1 -0.75 42 43 45.83779348263042 0.08334831131053112
-1 -0.75 43 44 44.14791651317111 0.07885457673420117
-1 -0.75 44 45 42.49770760144105 0.07462444607272856
-1 -0.75 45 46 40.88922498913203 0.071139461268969
-1 -0.75 46 47 39.37141163127717 1.164333191448984
-1 -0.75 47 48 37.80114736227097 1.693492418736865
-1 -0.75 48 49 36.33260103223716 1.547444139958774
-1 -0.75 49 50 34.91193982205351 1.404324137965534
-0.75 -0.5 0 1 2172.016254080642 2.015318749277563
-0.75 -0.5 1 2 -6552.27139701636 1.479940879181226
-0.75 -0.5 2 3 -7016.390869367292 1.901069567809202
-0.75 -0.5 3 4 -5055.530163517091 1.66944441224597
-0.75 -0.5 4 5 -3546.208511914312 1.438031724948552
-0.75 -0.5 5 6 -2506.545548012558 1.249967732869866
-0.75 -0.5 6 7 -1793.78152827244 1.098828751261619
-0.75 -0.5 7 8 -1297.765516635491 0.9774138490771432
-0.75 -0.5 8 9 -946.1288071229428 0.8896540034933473
-0.75 -0.5 9 10 -692.3473428183561 0.8107205317760261
-0.75 -0.5 10 11 -506.1468586849323 0.7418526954328872
-0.75 -0.5 11 12 -367.7430139896096 0.6805764498362056
-0.75 -0.5 12 13 -263.675110540546 0.626104222250446
-0.75 -0.5 13 14 -184.7056856610043 0.5774914292262948
-0.75 -0.5 14 15 -124.3531195086066 0.5339339783757538
-0.75 -0.5 15 16 -77.98798761727312 0.4947536617698413
-0.75 -0.5 16 17 -42.25017970398585 0.4593796336623959
-0.75 -0.5 17 18 -14.66535679775438 0.4273307014878194
-0.75 -0.5 18 19 6.612308778021543 0.3981999025477039
-0.75 -0.5 19 20 22.97583284017583 0.3716415981548336
-0.75 -0.5 20 21 35.48744818735668 0.347360864999903
-0.75 -0.5 21 22 44.96468325558112 0.3251048452349592
-0.75 -0.5 22 23 52.04195579568022 0.3046557074684704
-0.75 -0.5 23 24 57.2152292292086 0.2858249156796214
-0.75 -0.5 24 25 60.87478255415112 0.2684485502659253
-0.75 -0.5 25 26 63.32952596749305 0.2523834752372303
-0.75 -0.5 26 27 64.82522839730314 0.2375041851197571
-0.75 -0.5 27 28 65.5583101385846 0.2237001990292266
-0.75 -0.5 28 29 65.68637032389199 0.2108738982833324
-0.75 -0.5 29 30 65.33628648409604 0.1989387222917218
-0.75 -0.5 30 31 64.61049218461892 0.187817657479099
-0.75 -0.5 31 32 63.59187574084592 0.1774419657100825
-0.75 -0.5 32 33 62.34762698220703 0.1677501094502447
-0.75 -0.5 33 34 60.93227556963149 0.1586868394613764
-0.75 -0.5 34 35 59.39010372549444 0.1502024175572763
-0.75 -0.5 35 36 57.75707174699289 0.1422519515691478
-0.75 -0.5 36 37 56.06236178566252 0.1347948236744352
-0.75 -0.5 37 38 54.32962089331033 0.12779419890491
-0.75 -0.5 38 39 52.57796587183486 0.1212165984719005
-0.75 -0.5 39 40 50.82279852614215 0.1150315311285754
-0.75 -0.5 40 41 49.07646940117189 0.1092111705646091
-0.75 -0.5 41 42 47.34881976224011 0.1037300750766936
-0.75 -0.5 42 43 45.64762547386911 0.09856494135093069
-0.75 -0.5 43 44 43.97896149447436 0.09369438788031662
-0.75 -0.5 44 45 42.34750186270441 0.08909876495164248
-0.75 -0.5 45 46 40.7555818397818 0.08501327900034192
-0.75 -0.5 46 47 39.25327521102938 1.188076906270136
-0.75 -0.5 47 48 37.69613009783259 1.734738487117898
-0.75 -0.5 48 49 36.23897317030764 1.585625536157272
-0.75 -0.5 49 50 34.82837685825439 1.439468310235467
-0.5 -0.25 0 1 2276.704246856216 1.990484888228601
-0.5 -0.25 1 2 -6498.771474658353 1.41929604577391
-0.5 -0.25 2 3 -7057.855089026081 1.886879138753536
-0.5 -0.25 3 4 -5100.938547552559 1.682899722315498
-0.5 -0.25 4 5 -3584.593364170976 1.559172666816384
-0.5 -0.25 5 6 -2537.504011557755 1.405169331264338
-0.5 -0.25 6 7 -1818.543486530185 1.26085629259231
-0.5 -0.25 7 8 -1317.619833518916 1.133654049338962
-0.5 -0.25 8 9 -962.1366954105106 1.022590501547054
-0.5 -0.25 9 10 -705.3338741305133 0.9271331880957986
-0.5 -0.25 10 11 -516.7439358422948 0.8432788402281798
-0.5 -0.25 11 12 -376.4338877448549 0.7700750126999779
-0.5 -0.25 12 13 -270.8331818945639 0.7056356523785908
-0.5 -0.25 13 14 -190.6218560305444 0.6485998431832229
-0.5 -0.25 14 15 -129.2561825261475 0.5978541679710819
-0.5 -0.25 15 16 -82.05954180208892 0.5524862458841536
-0.5 -0.25 16 17 -45.63559284552412 0.5117450262544452
-0.5 -0.25 17 18 -17.48189923418363 0.4750086230973536
-0.5 -0.25 18 19 4.269368497463347 0.4417588036857475
-0.5 -0.25 19 20 21.02861047659235 0.411560903059115
-0.5 -0.25 20 21 33.87190935701551 0.3840480177244025
-0.5 -0.25 21 22 43.62791101248604 0.3589085338191958
-0.5 -0.25 22 23 50.94001861069114 0.3358762388316063
-0.5 -0.25 23 24 56.31150315838988 0.3147224386087838
-0.5 -0.25 24 25 60.13862043708934 0.2952496357557574
-0.5 -0.25 25 26 62.73519426919938 0.277286426917859
-0.5 -0.25 26 27 64.35105226594817 0.2606833608899442
-0.5 -0.25 27 28 65.18598175439047 0.2453095533433796
-0.5 -0.25 28 29 65.40038625393447 0.2310499065949266
-0.5 -0.25 29 30 65.12348765662421 0.2178028105442003
-0.5 -0.25 30 31 64.45968600081665 0.2054782331856097
-0.5 -0.25 31 32 63.49352431526546 0.1939961251731695
-0.5 -0.25 32 33 62.29358890305406 0.1832850803157854
-0.5 -0.25 33 34 60.9155911909815 0.1732812064893381
-0.5 -0.25 34 35 59.40481602773826 0.1639271679845823
-0.5 -0.25 35 36 57.79807638297996 0.1551713709711383
-0.5 -0.25 36 37 56.12528117079808 0.1469672678824774
-0.5 -0.25 37 38 54.41069817612578 0.1392727597244626
-0.5 -0.25 38 39 52.67397540226347 0.1320496819657547
-0.5 -0.25 39 40 50.9309700565563 0.1252633602995779
-0.5 -0.25 40 41 49.19442375707672 0.1188822248945397
-0.5 -0.25 41 42 47.47451411772551 0.1128774749518265
-0.5 -0.25 42 43 45.77930669637433 0.1072227860117999
-0.5 -0.25 43 44 44.11512628336862 0.1018940538727378
-0.5 -0.25 44 45 42.48686262398331 0.09686916859734665
-0.5 -0.25 45 46 40.89702637009856 0.09236635768540383
-0.5 -0.25 46 47 39.39672713284446 1.203456060979674
-0.5 -0.25 47 48 37.83935254618521 1.756186596202925
-0.5 -0.25 48 49 36.38187067434095 1.605299716493272
-0.5 -0.25 49 50 34.97037217776344 1.457379701786031
-0.25 0 0 1 2330.509812320494 2.217723585020861
-0.25 0 1 2 -6469.281010033921 1.456132232831448
-0.25 0 2 3 -7076.571365639324 1.905639639538111
-0.25 0 3 4 -5121.388722116283 1.679619179332045
-0.25 0 4 5 -3601.383123745109 1.449646410948707
-0.25 0 5 6 -2550.591917566675 1.26207096612191
-0.25 0 6 7 -1828.639047123283 1.147557281411108
-0.25 0 7 8 -1325.411088504076 1.041717913089671
-0.25 0 8 9 -968.1676261430262 0.9465345601635944
-0.25 0 9 10 -710.0144930391493 0.8632804629412562
-0.25 0 10 11 -520.3829075355229 0.7889798535168722
-0.25 0 11 12 -379.2603253833745 0.7234245751271273
-0.25 0 12 13 -273.0212569942796 0.6652032863615658
-0.25 0 13 14 -192.3049014548549 0.6132922131603685
-0.25 0 14 15 -130.5373688086092 0.566820143059404
-0.25 0 15 16 -83.0194971908245 0.5250526693074619
-0.25 0 16 17 -46.33789189512117 0.487372094785456
-0.25 0 17 18 -17.97706317720167 0.4532581728265148
-0.25 0 18 19 3.94091870248144 0.4222713139012949
-0.25 0 19 20 20.8343463809681 0.3940385236972852
-0.25 0 20 21 33.785524319876 0.3682418449566446
-0.25 0 21 22 43.62804157218875 0.3446089329774671
-0.25 0 22 23 51.00925577285068 0.3229053920611155
-0.25 0 23 24 56.43562069251038 0.3029285374450437
-0.25 0 24 25 60.30596747813433 0.2845023075464412
-0.25 0 25 26 62.93621363787315 0.2674730987030125
-0.25 0 26 27 64.57789591443043 0.2517063413547496
-0.25 0 27 28 65.43220190674708 0.2370836731254538
-0.25 0 28 29 65.66068600788515 0.2235005941986815
-0.25 0 29 30 65.39351862968579 0.2108645134438904
-0.25 0 30 31 64.73588343512313 0.1990931128927718
-0.25 0 31 32 63.77297218565104 0.1881129723214992
-0.25 0 32 33 62.57390918012362 0.1778584082243674
-0.25 0 33 34 61.19485264586319 0.1682704881585865
-0.25 0 34 35 59.68145891215903 0.1592961924404712
-0.25 0 35 36 58.07085006126482 0.1508876965537836
-0.25 0 36 37 56.3931923508585 0.1430017559474056
-0.25 0 37 38 54.67296784883359 0.1355991757349641
-0.25 0 38 39 52.93000295338032 0.1286443528136857
-0.25 0 39 40 51.18030330331374 0.1221048777085636
-0.25 0 40 41 49.43673389519461 0.1159511899107753
-0.25 0 41 42 47.70957474199224 0.1101562751140037
-0.25 0 42 43 46.00697621327825 0.1046954014370818
-0.25 0 43 44 44.33533315209527 0.09954588758998824
-0.25 0 44 45 42.69959296101422 0.09468689825377791
-0.25 0 45 46 41.10230711734582 0.09034556259842463
-0.25 0 46 47 39.5945429479076 1.211234520265954
-0.25 0 47 48 38.02966771001797 1.766647827085862
-0.25 0 48 49 36.56504899815849 1.614939756959803
-0.25 0 49 50 35.14656114992422 1.466196887811289
0 0.25 0 1 2329.690062965645 2.217712703946453
0 0.25 1 2 -6471.015842239169 1.456026832413056
0 0.25 2 3 -7078.19306697978 1.905516285725496
0 0.25 3 4 -5122.627195119405 1.679483747840194
0 0.25 4 5 -3602.351533905444 1.449522113622414
0 0.25 5 6 -2551.396721777358 1.261968588721024
0 0.25 6 7 -1829.335944299462 1.147479509949559
0 0.25 7 8 -1326.029332686537 1.041657333578482
0 0.25 8 9 -968.7222324357795 0.9469305543868888
0 0.25 9 10 -710.5172633598618 0.8627844882178638
0 0.25 10 11 -520.8383589330929 0.7889450718286372
0 0.25 11 12 -379.6736882247051 0.72339309129787
0 0.25 12 13 -273.3964102705531 0.665174133671031
0 0.25 13 14 -192.6452744299786 0.6132648661573777
0 0.25 14 15 -130.846103115711 0.5667943273879072
0 0.25 15 16 -83.29950970440245 0.5250282452489212
0 0.25 16 17 -46.59189415836522 0.4873489895942137
0 0.25 17 18 -18.20756476315933 0.4532363433339466
0 0.25 18 19 3.731610162244124 0.422250727218488
0 0.25 19 20 20.64412325096941 0.3940191474737216
0 0.25 20 21 33.61247354484863 0.3682236436182127
0 0.25 21 22 43.47043592649209 0.3445918668036339
0 0.25 22 23 50.86554256296381 0.3228894172032825
0 0.25 23 24 56.30440883966014 0.3029136069529563
0 0.25 24 25 60.18601381878761 0.2844883724503927
0 0.25 25 26 62.82640911168949 0.2674601089196043
0 0.25 26 27 64.4772521269789 0.2516942464686992
0 0.25 27 28 65.33983839441112 0.2370724232840862
0 0.25 28 29 65.57581840472608 0.2234901404186919
0 0.25 29 30 65.31544783448862 0.2108548081071856
0 0.25 30 31 64.66398581204544 0.199084110114551
0 0.25 31 32 63.70669077756435 0.1881046280098642
0 0.25 32 33 62.5127458862201 0.1778506803023431
0 0.25 33 34 61.13836129570416 0.1682633365686599
0 0.25 34 35 59.62923915990245 0.1592895791294051
0 0.25 35 36 58.02254201771086 0.1508815856706804
0 0.25 36 37 56.34847187733698 0.1429961135150558
0 0.25 37 38 54.63154243504971 0.1355939698322002
0 0.25 38 39 52.89160811178971 0.1286395531805868
0 0.25 39 40 51.14469941568052 0.122100456391012
0 0.25 40 41 49.4037034538066 0.1159471201931345
0 0.25 41 42 47.67891993520323 0.1101525322003364
0 0.25 42 43 45.9785168113664 0.1046919621609776
0 0.25 43 44 44.30890465188344 0.09954272998420131
0 0.25 44 45 42.67504495789711 0.09468400211801531
0 0.25 45 46 41.07950213955274 0.09034287036799658
0 0.25 46 47 39.57335446949546 1.211234326788267
0 0.25 47 48 38.00998410205577 1.766525789660945
0 0.25 48 49 36.5467594483051 1.614829566505357
0 0.25 49 50 35.12956747735782 1.466097975683307
0.25 0.5 0 1 2274.328796258286 1.990453418101173
0.25 0.5 1 2 -6503.812070519922 1.419023001057501
0.25 0.5 2 3 -7062.599752867414 1.886580361828788
0.25 0.5 3 4 -5104.603580503179 1.682587564430381
0.25 0.5 4 5 -3587.4929189865 1.558901478765542
0.25 0.5 5 6 -2539.933820253713 1.404937994249506
0.25 0.5 6 7 -1820.657319652766 1.260659181510638
0.25 0.5 7 8 -1319.498790894308 1.133481389489338
0.25 0.5 8 9 -963.8252942895965 1.022447723176619
0.25 0.5 9 10 -706.8590514421135 0.9269929088083704
0.25 0.5 10 11 -518.1263229803376 0.8431555301603066
0.25 0.5 11 12 -377.6869685691095 0.7699613150237307
0.25 0.5 12 13 -271.9689736389046 0.7055301825193225
0.25 0.5 13 14 -191.6510649676227 0.6485016940430414
0.25 0.5 14 15 -130.1886306045587 0.5977627084891525
0.25 0.5 15 16 -82.90433071044959 0.5524009980532952
0.25 0.5 16 17 -46.40115547196842 0.5116655943803089
0.25 0.5 17 18 -18.17601145490858 0.4749346556148447
0.25 0.5 18 19 3.639582340513698 0.4416899739682049
0.25 0.5 19 20 20.45666516104507 0.411496900227053
0.25 0.5 20 21 33.35193600449816 0.3839885437622705
0.25 0.5 21 22 43.15462491677511 0.358853302421045
0.25 0.5 22 23 50.50868023288979 0.3358249756413542
0.25 0.5 23 24 55.91787509087567 0.3146748822660371
0.25 0.5 24 25 59.77892278656282 0.2952055377467584
0.25 0.5 25 26 62.40606036718304 0.2772455524995149
0.25 0.5 26 27 64.04948606619632 0.2606454885339725
0.25 0.5 27 28 64.90931780132178 0.2452744751145654
0.25 0.5 28 29 65.14625273193326 0.2310174273810948
0.25 0.5 29 30 64.88977274797128 0.2177727478950291
0.25 0.5 30 31 64.24450758100591 0.2054504166168219
0.25 0.5 31 32 63.29520288241139 0.1939703954208381
0.25 0.5 32 33 62.11062355181298 0.1832612891912874
0.25 0.5 33 34 60.74663839614828 0.173259215672511
0.25 0.5 34 35 59.2486709800155 0.1639068486671637
0.25 0.5 35 36 57.65365661710905 0.1551526034098229
0.25 0.5 36 37 55.99161223212178 0.1469499404642561
0.25 0.5 37 38 54.28690108982119 0.1392567686762604
0.25 0.5 38 39 52.55925572456346 0.1320349307268216
0.25 0.5 39 40 50.82460831069898 0.1252497590558019
0.25 0.5 40 41 49.09576707711125 0.1188696900523873
0.25 0.5 41 42 47.38296894188619 0.1128659288606355
0.25 0.5 42 43 45.69433237309406 0.1072121565569488
0.25 0.5 43 44 44.03622946740688 0.1018842736653102
0.25 0.5 44 45 42.41359236002268 0.09686017530236991
0.25 0.5 45 46 40.82897058942081 0.09235797982478428
0.25 0.5 46 47 39.33350661062448 1.203455443159859
0.25 0.5 47 48 37.7806335288316 1.755831400117449
0.25 0.5 48 49 36.32732035059817 1.604979059138816
0.25 0.5 49 50 34.91969644582159 1.457091895843893
0.5 0.75 0 1 2168.170590903828 2.015294344248982
0.5 0.75 1 2 -6560.450661535535 1.47969335973309
0.5 0.75 2 3 -7024.127802099554 1.900718318894358
0.5 0.75 3 4 -5061.546837045058 1.669017055509691
0.5 0.75 4 5 -3550.999296399152 1.437610612723589
0.5 0.75 5 6 -2510.580059012964 1.249580521772186
0.5 0.75 6 7 -1797.302698866864 1.098474342088473
0.5 0.75 7 8 -1300.900248425804 0.9773356648798134
0.5 0.75 8 9 -948.9475001132582 0.8885583215676898
0.5 0.75 9 10 -694.8943414482878 0.8109960974431975
0.5 0.75 10 11 -508.4531863226734 0.7415946428528317
0.5 0.75 11 12 -369.8320418280482 0.6803362838498762
0.5 0.75 12 13 -265.5670636728878 0.6258806700764914
0.5 0.75 13 14 -186.4187199972077 0.5772834492730136
0.5 0.75 14 15 -125.9039280621614 0.5337406421043454
0.5 0.75 15 16 -79.39202669303677 0.4945740999480846
0.5 0.75 16 17 -43.52173861132565 0.4592130137688875
0.5 0.75 17 18 -15.81757702575896 0.4271762194316977
0.5 0.75 18 19 5.567418103639739 0.398056781774944
0.5 0.75 19 20 22.02736578317308 0.3715090905872465
0.5 0.75 20 21 34.6255556636097 0.3472382537401308
0.5 0.75 21 22 44.18051210278679 0.3249914467153395
0.5 0.75 22 23 51.32757780080908 0.3045508730470282
0.5 0.75 23 24 56.56356474365782 0.2857280326544968
0.5 0.75 24 25 60.27952260635516 0.2683590423879373
0.5 0.75 25 26 62.78505584390018 0.2523008022781206
0.5 0.75 26 27 64.32655475679394 0.2374278421168547
0.5 0.75 27 28 65.10099295987231 0.2236297153293037
0.5 0.75 28 29 65.26646039525326 0.2108088359300324
0.5 0.75 29 30 64.9502687054628 0.1988786745176384
0.5 0.75 30 31 64.25523464424873 0.1877622468821582
0.5 0.75 31 32 63.26458433218698 0.1773908427179437
0.5 0.75 32 33 62.045805197677 0.1677029502683011
0.5 0.75 33 34 60.65368904801119 0.1586433446364521
0.5 0.75 34 35 59.13274909835332 0.1501623100434061
0.5 0.75 35 36 57.51914933464673 0.1422149750320692
0.5 0.75 36 37 55.84225171013577 0.1347607415056328
0.5 0.75 37 38 54.12586220254275 0.1277627920386678
0.5 0.75 38 39 52.38923830798569 0.1211876646869943
0.5 0.75 39 40 50.6479066031967 0.1150048833253556
0.5 0.75 40 41 48.91432849380976 0.10918663577257
0.5 0.75 41 42 47.19844394393135 0.1037074935971062
0.5 0.75 42 43 45.50811687368105 0.09854416519994662
0.5 0.75 43 44 43.84950096945582 0.09367528047570171
0.5 0.75 44 45 42.22734081141954 0.08908119986069661
0.5 0.75 45 46 40.64403638455369 0.08499694118223663
0.5 0.75 46 47 39.14971607962076 1.188075789415018
0.5 0.75 47 48 37.60000537725907 1.73415252745829
0.5 0.75 48 49 36.14972890570027 1.585096553589474
0.5 0.75 49 50 34.74552540286209 1.43899341581948
0.75 1 0 1 2009.488754543788 1.314395830344313
0.75 1 1 2 -6651.201684475 1.504647840012959
0.75 1 2 3 -6972.667821745054 1.888661810157033
0.75 1 3 4 -5001.782932910563 1.649390264103341
0.75 1 4 5 -3499.60511289507 1.418932988100806
0.75 1 5 6 -2468.672445511334 1.234111568563711
0.75 1 6 7 -1763.461833754517 1.086423784453247
0.75 1 7 8 -1273.50933735099 0.9659620031559197
0.75 1 8 9 -926.6443534211239 0.8665135915707167
0.75 1 9 10 -676.6082505735185 0.7812146590832824
0.75 1 10 11 -493.358089979899 0.7090610938835796
0.75 1 11 12 -357.2931280836315 0.6462563167227313
0.75 1 12 13 -255.0919767285629 0.5913093340954256
0.75 1 13 14 -177.622784705271 0.542854533730967
0.75 1 14 15 -118.483915035843 0.499833608985372
0.75 1 15 16 -73.10681051709162 0.4614115216050172
0.75 1 16 17 -38.17798742200625 0.4269191760666772
0.75 1 17 18 -11.2590856099871 0.3958132582184264
0.75 1 18 19 9.467751811998824 0.3676474252803306
0.75 1 19 20 25.37363400836534 0.3420512080598407
0.75 1 20 21 37.5035125139143 0.3187142775967847
0.75 1 21 22 46.66118834559984 0.2973745276285443
0.75 1 22 23 53.47010215435341 0.2778089191183595
0.75 1 23 24 58.41738380274785 0.2598263601939491
0.75 1 24 25 61.8861608334488 0.2432621062505571
0.75 1 25 26 64.1795207465924 0.2279733114362897
0.75 1 26 27 65.53846611368385 0.213835461693713
0.75 1 27 28 66.15549579626622 0.2007394901817031
0.75 1 28 29 66.18496728028151 0.1885894274693182
0.75 1 29 30 65.75106644668438 0.177300471290058
0.75 1 30 31 64.95398257826969 0.1667973927795447
0.75 1 31 32 63.87472545073967 0.1570132098109157
0.75 1 32 33 62.57890680906695 0.1478880784340943
0.75 1 33 34 61.11972618467314 0.1393683597041609
0.75 1 34 35 59.54034118332044 0.1314058308179616
0.75 1 35 36 57.87575851954114 0.1239570155624116
0.75 1 36 37 56.15434964833281 0.1169826122800553
0.75 1 37 38 54.39907072892305 0.1104470036237395
0.75 1 38 39 52.62844846381853 0.1043178348866557
0.75 1 39 40 50.85737962523285 0.09856564898582487
0.75 1 40 41 49.09778173620919 0.09316357118836384
0.75 1 41 42 47.35912416695203 0.0880870332217648
0.75 1 42 43 45.64886291014017 0.08331353309216744
0.75 1 43 44 43.9727974356708 0.07882242466932037
0.75 1 44 45 42.33536424288863 0.07459473291373832
0.75 1 45 46 40.7387112886413 0.07111179897431988
0.75 1 46 47 39.2318573073388 1.164331579952116
0.75 1 47 48 37.67178986661 1.692674625409503
0.75 1 48 49 36.21267398808632 1.546705995386011
0.75 1 49 50 34.80076934776383 1.403661500620228
1 1.25 0 1 1807.90841269725 0.8556301756083201
1 1.25 1 2 -6769.759374056116 2.001333269192056
1 1.25 2 3 -6915.150209662917 2.447108080853767
1 1.25 3 4 -4936.397728954885 2.104900627713523
1 1.25 4 5 -3445.616977459879 1.779053003029548
1 1.25 5 6 -2426.42782534387 1.519602056465565
1 1.25 6 7 -1730.701729607133 1.315071797359658
1 1.25 7 8 -1248.033949957181 1.151336410933124
1 1.25 8 9 -906.7349212888835 1.018922103304332
1 1.25 9 10 -660.9169865247768 0.9074248710667969
1 1.25 10 11 -480.9606663469112 0.815228543759296
1 1.25 11 12 -347.4509402459175 0.7362931430923291
1 1.25 12 13 -247.2580342508163 0.6683518140896642
1 1.25 13 14 -171.3794009392097 0.6093167390726781
1 1.25 14 15 -113.5087122278478 0.5575975131140406
1 1.25 15 16 -69.14849729969887 0.511961826504413
1 1.25 16 17 -35.03892472772532 0.4714400432121926
1 1.25 17 18 -8.782587298716635 0.4352585969267489
1 1.25 18 19 11.40678468723377 0.4027926372539022
1 1.25 19 20 26.87570419655231 0.3735317697624025
1 1.25 20 21 38.6498047401808 0.3470548649004392
1 1.25 21 22 47.51759668511136 0.3230112559427387
1 1.25 22 23 54.09033303079593 0.3011065120519453
1 1.25 23 24 58.84536811678822 0.2810915373188257
1 1.25 24 25 62.1579442872478 0.2627541203593938
1 1.25 25 26 64.32475621101537 0.2459123150660074
1 1.25 26 27 65.5815997601112 0.2304092027939251
1 1.25 27 28 66.11671562494439 0.2161087118242456
1 1.25 28 29 66.08096589531476 0.2028922513339529
1 1.25 29 30 65.59565759952523 0.1906559802250616
1 1.25 30 31 64.75860185381799 0.1793085753145922
1 1.25 31 32 63.64883861753293 0.1687693947797704
1 1.25 32 33 62.33034418146877 0.1589669573927785
1 1.25 33 34 60.85495739786205 0.1498376757741298
1 1.25 34 35 59.26470175698989 0.1413247952434329
1 1.25 35 36 57.5936372463114 0.1333775005541284
1 1.25 36 37 55.86934402047314 0.1259501594976542
1 1.25 37 38 54.11411619254847 0.1190016805131602
1 1.25 38 39 52.3459261645408 0.1124949633220186
1 1.25 39 40 50.57920642465922 0.1063964286959594
1 1.25 40 41 48.82548556406283 0.1006756126119167
1 1.25 41 42 47.09390721603629 0.09530481673511786
1 1.25 42 43 45.39165472021935 0.09025880389530289
1 1.25 43 44 43.72429955041875 0.0855145343564282
1 1.25 44 45 42.09608782539107 0.08105093444033375
1 1.25 45 46 40.50903271201338 0.0770982277957474
1 1.25 46 47 39.01099668433281 1.133867427255247
1 1.25 47 48 37.46431085704805 1.653019834743541
1 1.25 48 49 36.01502891902211 1.510240896083794
1 1.25 49 50 34.61291907571172 1.370401129122016
1.25 1.5 0 1 1584.125014276663 2.198251603469588
1.25 1.5 1 2 -6866.151958914175 2.357446391445473
1.25 1.5 2 3 -6809.387065248542 1.988344200346606
1.25 1.5 3 4 -4828.244049605794 1.742384773857531
1.25 1.5 4 5 -3357.092170584047 1.49954444002506
1.25 1.5 5 6 -2356.84925904344 1.298382955844614
1.25 1.5 6 7 -1676.368484837827 1.134633309342163
1.25 1.5 7 8 -1205.499686732573 1.000667226371982
1.25 1.5 8 9 -873.2243160521207 0.8890096013142651
1.25 1.5 9 10 -634.3454605667416 0.7956687859061765
1.25 1.5 10 11 -459.8280575484059 0.7164238822071942
1.25 1.5 11 12 -330.5646139964892 0.6483398194422271
1.25 1.5 12 13 -233.7303762988163 0.5893569372727457
1.25 1.5 13 14 -160.5292914352599 0.5378334390604784
1.25 1.5 14 15 -104.8080556937261 0.492495437473225
1.25 1.5 15 16 -62.18381690721958 0.4523413706036941
1.25 1.5 16 17 -29.48355689723599 0.4165738071044111
1.25 1.5 17 18 -4.376339595326044 0.3845503357726396
1.25 1.5 18 19 14.87268497450782 0.3557477807986387
1.25 1.5 19 20 29.56987406497319 0.3297357996535986
1.25 1.5 20 21 40.70922803523115 0.3061571539160175
1.25 1.5 21 22 49.05413949502179 0.2847127885987462
1.25 1.5 22 23 55.19577284743229 0.2651504146998932
1.25 1.5 23 24 59.59531051205863 0.2472556778439592
1.25 1.5 24 25 62.61489828923743 0.2308452564026783
1.25 1.5 25 26 64.54056733067011 0.2157614161659797
1.25 1.5 26 27 65.59938817458385 0.2018676752615521
1.25 1.5 27 28 65.97242998516788 0.1890453239152607
1.25 1.5 28 29 65.80463626747894 0.1771906092532499
1.25 1.5 29 30 65.21241123481911 0.166868249649981
1.25 1.5 30 31 64.28949076385038 0.1577599496220878
1.25 1.5 31 32 63.11151691409526 0.1492506557645575
1.25 1.5 32 33 61.73962480079751 0.1412922049571129
1.25 1.5 33 34 60.22327148853088 0.1338411740525756
1.25 1.5 34 35 58.60247913153552 0.1268583213718566
1.25 1.5 35 36 56.90962252822663 0.1203081049520897
1.25 1.5 36 37 55.17086018713957 0.1141582642424296
1.25 1.5 37 38 53.40728491133075 0.1083794571459285
1.25 1.5 38 39 51.63585251230944 0.1029449432880249
1.25 1.5 39 40 49.8701341437357 0.09783030749775586
1.25 1.5 40 41 48.12092786418233 0.09301321774192131
1.25 1.5 41 42 46.39675721986038 0.08847321197977821
1.25 1.5 42 43 44.70427891144212 0.08419151119488655
1.25 1.5 43 44 43.04861699069619 0.08015085350062032
1.25 1.5 44 45 41.43363742815276 0.07633534815424677
1.25 1.5 45 46 39.86105839194872 0.07297266607823241
1.25 1.5 46 47 38.33499608196507 0.07093531088375872
1.25 1.5 47 48 36.84954275727051 1.597690286145821
1.25 1.5 48 49 35.41685439964672 1.459242895454084
1.25 1.5 49 50 34.03168135513752 1.323673824219173
1.5 1.75 0 1 1313.73330889246 0.8019063829770411
1.5 1.75 1 2 -7007.88811705102 1.698846426741406
1.5 1.75 2 3 -6705.915715185137 2.044896219051585
1.5 1.75 3 4 -4712.342138667957 1.808994558014032
1.5 1.75 4 5 -3257.137444842843 1.556977399664083
1.5 1.75 5 6 -2274.551235305052 1.341234276493317
1.5 1.75 6 7 -1609.168316632776 1.163859224049542
1.5 1.75 7 8 -1150.500076586641 1.018598113407218
1.5 1.75 8 9 -827.9527837835353 0.8992083348344564
1.5 1.75 9 10 -596.8379800067628 0.7995656082201869
1.5 1.75 10 11 -428.5527604405761 0.7157729892196917
1.5 1.75 11 12 -304.3278671193127 0.6444695371594233
1.5 1.75 12 13 -211.5981076806979 0.5831853394474869
1.5 1.75 13 14 -141.7649996213927 0.5300377531720115
1.5 1.75 14 15 -88.82627395473173 0.4835767025933501
1.5 1.75 15 16 -48.5153365351855 0.4426718102317668
1.5 1.75 16 17 -17.7493981449245 0.4064310504778656
1.5 1.75 17 18 5.731844920275307 0.3741420859208958
1.5 1.75 18 19 23.60748064945005 0.3452296652828645
1.5 1.75 19 20 37.13948654768058 0.3192243738885251
1.5 1.75 20 21 47.28627264442707 0.2957394516698315
1.5 1.75 21 22 54.78248708600142 0.2744533960704613
1.5 1.75 22 23 60.19592585531109 0.2550967553821387
1.5 1.75 23 24 63.96865755197064 0.2374419926002904
1.5 1.75 24 25 66.44710571776295 0.2212956247477917
1.5 1.75 25 26 67.90430115386698 0.2064920654418356
1.5 1.75 26 27 68.55651229687351 0.1928887573028837
1.5 1.75 27 28 68.57579196369795 0.1803622898441617
1.5 1.75 28 29 68.09952590559328 0.1688052791237946
1.5 1.75 29 30 67.23775802897188 0.1581238386237261
1.5 1.75 30 31 66.07885164962323 0.1482355164011328
1.5 1.75 31 32 64.69389467336862 0.1390676004118125
1.5 1.75 32 33 63.14014901012712 0.130555717179576
1.5 1.75 33 34 61.46376733308682 0.1226426673519518
1.5 1.75 34 35 59.70194432399217 0.1152774510598453
1.5 1.75 35 36 57.88462858830849 0.108414449402595
1.5 1.75 36 37 56.03589120864643 0.1020127328419644
1.5 1.75 37 38 54.1750244633364 0.09603547377999749
1.5 1.75 38 39 52.31742734952115 0.09044944657747706
1.5 1.75 39 40 50.47532182666288 0.085224598268222
1.5 1.75 40 41 48.6583341183202 0.08033368105449261
1.5 1.75 41 42 46.87396784515627 0.07575193401687247
1.5 1.75 42 43 45.12799022051129 0.0714568079799085
1.5 1.75 43 44 43.42474808233698 0.06742772608326224
1.5 1.75 44 45 41.76742704792656 0.06364587561725613
1.5 1.75 45 46 40.15717518186736 0.06054532942382137
1.5 1.75 46 47 38.59753796500328 0.05974119918768175
1.5 1.75 47 48 37.08629767430062 1.528718543926168
1.5 1.75 48 49 35.62684963675127 1.394979086636696
1.5 1.75 49 50 34.21783119020725 1.26415298641548
1.75 2 0 1 1035.380627346879 0.8723502041380257
1.75 2 1 2 -7133.663770346895 3.607653089483391
1.75 2 2 3 -6590.705431236574 2.943286786303364
1.75 2 3 4 -4600.729151021562 2.284489427045787
1.75 2 4 5 -3170.828365670671 1.831152406870504
1.75 2 5 6 -2209.944967479694 1.512301058847085
1.75 2 6 7 -1560.836758234183 1.278301376968031
1.75 2 7 8 -1114.098118172971 1.099714855165512
1.75 2 8 9 -800.3284185691155 0.9595586040244332
1.75 2 9 10 -575.7395484354083 0.8462570289081355
1.75 2 10 11 -412.3740831254997 0.7530189764135734
1.75 2 11 12 -291.9019408380759 0.6749297947675696
1.75 2 12 13 -202.0648172318747 0.608605982995067
1.75 2 13 14 -134.4808823086444 0.5516101453174217
1.75 2 14 15 -83.30339346192773 0.5021412847600536
1.75 2 15 16 -44.37924906508124 0.4588388191787109
1.75 2 16 17 -14.70975357282964 0.4206547709692803
1.75 2 17 18 7.902215725465339 0.38676810386701
1.75 2 18 19 25.08768389200736 0.3565258697562858
1.75 2 19 20 38.07165989609587 0.3294018606720071
1.75 2 20 21 47.78383959976884 0.304966968187418
1.75 2 21 22 54.93637539850261 0.2828675456754462
1.75 2 22 23 60.07930507437607 0.2628093510457183
1.75 2 23 24 63.64058494598942 0.2445454533640355
1.75 2 24 25 65.9553575666497 0.2278670006020037
1.75 2 25 26 67.28758930691538 0.2125960852426052
1.75 2 26 27 67.84623211420501 0.1985801678507659
1.75 2 27 28 67.79740972674006 0.1856876751431454
1.75 2 28 29 67.27368653106817 0.1738044898277986
1.75 2 29 30 66.38117414992985 0.1628311293168118
1.75 2 30 31 65.20502061371144 0.152680458182163
1.75 2 31 32 63.81367925195894 0.1432758198039266
1.75 2 32 33 62.26224954688536 0.1345495005839033
1.75 2 33 34 60.5951069706914 0.1264414578802535
1.75 2 34 35 58.84798430074449 0.1188982611066659
1.75 2 35 36 57.04962703100512 0.1118722044336508
1.75 2 36 37 55.22311608639342 0.1053205608446246
1.75 2 37 38 53.38692921673635 0.09920494867064306
1.75 2 38 39 51.5557960261587 0.09349079559762746
1.75 2 39 40 49.74138922586127 0.08814687854538943
1.75 2 40 41 47.95288539327052 0.08314493055474419
1.75 2 41 42 46.19742117988844 0.07845930139177779
1.75 2 42 43 44.48046552054612 0.07406666461362187
1.75 2 43 44 42.80612408853287 0.06994576304869621
1.75 2 44 45 41.17738884295616 0.06607718764295228
1.75 2 45 46 39.59529322284578 0.06269750010140486
1.75 2 46 47 38.01641748881923 1.221857650581743
1.75 2 47 48 36.57302748013507 1.45814475898311
1.75 2 48 49 35.13987926728595 1.330236080616118
1.75 2 49 50 33.75635520001234 1.205137150715836
2 2.25 0 1 737.0994862876493 0.2297438606783103
2 2.25 1 2 -7245.474074292172 1.784271713003169
2 2.25 2 3 -6437.158004330984 1.922388130320334
2 2.25 3 4 -4439.858954206229 1.632467369653833
2 2.25 4 5 -3032.42452718702 1.390247924694371
2 2.25 5 6 -2095.241964823635 1.203029533252411
2 2.25 6 7 -1466.46034544055 1.055189346916467
2 2.25 7 8 -1036.317629373782 0.9354072504286292
2 2.25 8 9 -735.9244954873298 0.8356371667585176
2 2.25 9 10 -522.1109696391964 0.7516838199668335
2 2.25 10 11 -367.461438489998 0.6797615598188036
2 2.25 11 12 -254.0817918160747 0.617544236576487
2 2.25 12 13 -170.0542332823125 0.5632344089417679
2 2.25 13 14 -107.2604774062477 0.5154623494292742
2 2.25 14 15 -60.05773239013388 0.4731622122687832
2 2.25 15 16 -24.45138709476828 0.4354902103998254
2 2.25 16 17 2.433321732282593 0.4017685811384993
2 2.25 17 18 22.69591413312423 0.3714460762849146
2 2.25 18 19 37.8899778465194 0.34406941968831
2 2.25 19 20 49.17863278901439 0.3192622641489237
2 2.25 20 21 57.44176268208685 0.2967094066880336
2 2.25 21 22 63.35115922343027 0.2761447705070911
2 2.25 22 23 67.42395125802932 0.2573421347520192
2 2.25 23 24 70.06110346816013 0.2401078995738549
2 2.25 24 25 71.57549766551074 0.2242753811665255
2 2.25 25 26 72.21264624755804 0.2097002697913149
2 2.25 26 27 72.16612895061428 0.1962569820511392
2 2.25 27 28 71.58920637066768 0.1838357074448388
2 2.25 28 29 70.60363349297432 0.1723400002710702
2 2.25 29 30 69.30640204052435 0.1616848006525416
2 2.25 30 31 67.77493657992795 0.1517948000323492
2 2.25 31 32 66.07112632405818 0.142603080271664
2 2.25 32 33 64.24447319580548 0.1340499774713571
2 2.25 33 34 62.33456413377075 0.1260821244738315
2 2.25 34 35 60.37302309841579 0.1186516436909798
2 2.25 35 36 58.38505987802591 0.111715460502702
2 2.25 36 37 56.3907045567949 0.10523471856411
2 2.25 37 38 54.40579557402418 0.09917427832715081
2 2.25 38 39 52.44277358583162 0.09350228633452565
2 2.25 39 40 50.51132151856541 0.08818980303427848
2 2.25 40 41 48.61888232738099 0.08321048107251211
2 2.25 41 42 46.77107897730107 0.07854028438903081
2 2.25 42 43 44.97205603310695 0.07415724415497317
2 2.25 43 44 43.22475816150282 0.07004124507609515
2 2.25 44 45 41.53115762011788 0.06617383747874134
2 2.25 45 46 39.89141883291944 0.06295328934655428
2 2.25 46 47 38.30804510042526 0.06186287160569214
2 2.25 47 48 36.73047118002563 1.099693828667425
2 2.25 48 49 35.29572243548199 1.288722395391673
2 2.25 49 50 33.87646428495819 1.167852513639466
2.25 2.5 0 1 432.14812734634 0.8382479187657813
2.25 2.5 1 2 -7328.805218262742 1.856691001908744
2.25 2.5 2 3 -6242.68377481481 1.94913596933837
2.25 2.5 3 4 -4253.673574083083 1.660536885572748
2.25 2.5 4 5 -2882.6514301541 1.451766968706986
2.25 2.5 5 6 -1978.341345133254 1.269161834523041
2.25 2.5 6 7 -1375.409393458484 1.116628843844675
2.25 2.5 7 8 -964.9960021636125 0.989655621660575
2.25 2.5 8 9 -679.62917653771 0.882544223038583
2.25 2.5 9 10 -477.336797908752 0.7919794009657081
2.25 2.5 10 11 -331.6133401697111 0.7143348967905729
2.25 2.5 11 12 -225.2208535513321 0.6472666564774863
2.25 2.5 12 13 -146.7168310937348 0.5888781487600907
2.25 2.5 13 14 -88.32870459931496 0.5376862366634527
2.25 2.5 14 15 -44.66786202153912 0.4925188885942782
2.25 2.5 15 16 -11.92886267959193 0.4524399634003072
2.25 2.5 16 17 12.62052353085801 0.4166939369089961
2.25 2.5 17 18 30.9711451040323 0.3846650450865664
2.25 2.5 18 19 44.59281415595842 0.3558468123781826
2.25 2.5 19 20 54.58340661006309 0.3298190936581071
2.25 2.5 20 21 61.77152001678667 0.3062305970480371
2.25 2.5 21 22 66.78828948231592 0.2847854438849021
2.25 2.5 22 23 70.11836542640822 0.2652327314780774
2.25 2.5 23 24 72.13658573734028 0.2473583537283496
2.25 2.5 24 25 73.13468127987255 0.2309785325843013
2.25 2.5 25 26 73.3409425654861 0.21593466226572
2.25 2.5 26 27 72.93485254206388 0.2020891657491659
2.25 2.5 27 28 72.05807727512286 0.1893221409899415
2.25 2.5 28 29 70.82279307759347 0.1775286271300342
2.25 2.5 29 30 69.3180461931791 0.1666163619403841
2.25 2.5 30 31 67.61464578304242 0.156503929795272
2.25 2.5 31 32 65.76895409886941 0.1471192246854417
2.25 2.5 32 33 63.82584080028312 0.1383981665978247
2.25 2.5 33 34 61.820999063192 0.1302836238538534
2.25 2.5 34 35 59.78277102049901 0.1227245053470194
2.25 2.5 35 36 57.73359352981021 0.1156749903096438
2.25 2.5 36 37 55.69114838446689 0.1090938733253024
2.25 2.5 37 38 53.66928119217658 0.1029440046403321
2.25 2.5 38 39 51.67873820857011 0.09719180980017175
2.25 2.5 39 40 49.72775921659763 0.09180687568400149
2.25 2.5 40 41 47.82255611948105 0.08676159346818033
2.25 2.5 41 42 45.96770030658868 0.08203084783189799
2.25 2.5 42 43 44.16643699351005 0.07759174744380719
2.25 2.5 43 44 42.42094089621335 0.07342338901710652
2.25 2.5 44 45 40.73252453809388 0.06950665119728772
2.25 2.5 45 46 39.10082905880984 0.06603976548602046
2.25 2.5 46 47 37.5277901179611 0.06379734735525618
2.25 2.5 47 48 35.96571237296959 1.026592219098746
2.25 2.5 48 49 34.54350484121747 1.2102512649677
2.25 2.5 49 50 33.13928783275175 1.095191011942035
2.5 2.75 0 1 95.08303569514271 0.8733595498751353
2.5 2.75 1 2 -7419.379753401518 2.715105863211025
2.5 2.75 2 3 -6040.170221145358 3.368051167775285
2.5 2.75 3 4 -4056.544927630625 2.874666964326688
2.5 2.75 4 5 -2719.952677078503 2.407909562482456
2.5 2.75 5 6 -1847.730465482603 2.037415188003857
2.5 2.75 6 7 -1270.756527483788 1.746550281899085
2.5 2.75 7 8 -880.7024306456033 1.515100730635468
2.5 2.75 8 9 -611.2450849762108 1.327623188493712
2.5 2.75 9 10 -421.4462133597444 1.173598630065485
2.5 2.75 10 11 -285.6160955106243 1.04503550635851
2.5 2.75 11 12 -187.1270430174136 0.9364354075908427
2.5 2.75 12 13 -114.9916364506601 0.8437004290697584
2.5 2.75 13 14 -61.77709660265032 0.7637613568336962
2.5 2.75 14 15 -22.3504022495556 0.6942794446657458
2.5 2.75 15 16 6.899821953701121 0.6334441592620981
2.5 2.75 16 17 28.55698064008106 0.5798336152513943
2.5 2.75 17 18 44.49665608777627 0.5323165495046009
2.5 2.75 18 19 56.09853558016221 0.4899822782855734
2.5 2.75 19 20 64.38939687221068 0.4520898320694254
2.5 2.75 20 21 70.14128219964243 0.4180304563545221
2.5 2.75 21 22 73.939993185822 0.3872995799762606
2.5 2.75 22 23 76.2335838949208 0.3594755892486453
2.5 2.75 23 24 77.36715565868599 0.3342035652037532
2.5 2.75 24 25 77.60813076954173 0.3111826860225999
2.5 2.75 25 26 77.16481738326593 0.2901563700912416
2.5 2.75 26 27 76.20018740758894 0.2709044898317757
2.5 2.75 27 28 74.84219863613242 0.2532371690013899
2.5 2.75 28 29 73.19159524040697 0.2369897994127169
2.5 2.75 29 30 71.32784977181177 0.2220190085787147
2.5 2.75 30 31 69.31372277555556 0.2081993727845581
2.5 2.75 31 32 67.19878529855129 0.1954207200592644
2.5 2.75 32 33 65.02215710846792 0.183585903967703
2.5 2.75 33 34 62.81464742475362 0.1726089546864727
2.5 2.75 34 35 60.6004373404154 0.1624135351899415
2.5 2.75 35 36 58.39840841732757 0.1529316458756083
2.5 2.75 36 37 56.2231964930204 0.1441025315010226
2.5 2.75 37 38 54.08603091136592 0.1358717556071136
2.5 2.75 38 39 51.99540530437449 0.1281904123570441
2.5 2.75 39 40 49.95761549053927 0.1210144532131626
2.5 2.75 40 41 47.97719214229409 0.1143041092176392
2.5 2.75 41 42 46.0572496681809 0.108023393426393
2.5 2.75 42 43 44.19976819848017 0.1021396710127084
2.5 2.75 43 44 42.40582197696702 0.09662328621401052
2.5 2.75 44 45 40.67576459946841 0.09144723782115476
2.5 2.75 45 46 39.00844060357551 0.08673724175030796
2.5 2.75 46 47 37.40497438687248 0.08302523904552885
2.5 2.75 47 48 35.86340838933992 0.08034383929391524
2.5 2.75 48 49 34.33617183421711 0.8913058303362048
2.5 2.75 49 50 32.95050203675125 1.038372182077926
2.75 3 0 1 -261.5813833193993 0.9161061338829526
2.75 3 1 2 -7450.974380927423 7.227908692059222
2.75 3 2 3 -5767.239870867637 6.655015470028484
2.75 3 3 4 -3802.020716106064 5.278051129213522
2.75 3 4 5 -2512.882281840318 4.2402669378762
2.75 3 5 6 -1683.358336928451 3.482601321116105
2.75 3 6 7 -1140.433196886333 2.916469451376383
2.75 3 7 8 -776.8014861525171 2.481547983546797
2.75 3 8 9 -527.7948011440119 2.139323043011498
2.75 3 9 10 -353.9181849877853 1.864099353230986
2.75 3 10 11 -230.5910962214862 1.63897139936801
2.75 3 11 12 -142.0120549978981 1.452023473357672
2.75 3 12 13 -77.80295691036258 1.294791143768108
2.75 3 13 14 -30.98199362829791 1.161092739804774
2.75 3 14 15 3.247426069544417 1.046317678579964
2.75 3 15 16 28.2432081088084 0.9469626460500146
2.75 3 16 17 46.39578466673038 0.8603214763577025
2.75 3 17 18 59.43229478033243 0.7842729155252559
2.75 3 18 19 68.61709920825649 0.7171322779721477
2.75 3 19 20 74.88653946708132 0.6575457642334448
2.75 3 20 21 78.94112291730028 0.6044138595159232
2.75 3 21 22 81.30961199635396 0.5568349346783495
2.75 3 22 23 82.39424234956243 0.5140631249670636
2.75 3 23 24 82.50305851023495 0.4754764607143029
2.75 3 24 25 81.87332304802322 0.4405524651378562
2.75 3 25 26 80.68865476293541 0.4088492643389181
2.75 3 26 27 79.09170544311326 0.3799908156077875
2.75 3 27 28 77.19362526985799 0.3536552482451024
2.75 3 28 29 75.081191685845 0.3295655806001176
2.75 3 29 30 72.82222116375061 0.3074822698107921
2.75 3 30 31 70.46970744666447 0.2871971872053827
2.75 3 31 32 68.06500712210635 0.2685287123448928
2.75 3 32 33 65.64030687183913 0.2513177120156121
2.75 3 33 34 63.22054510419775 0.2354242234899133
2.75 3 34 35 60.82491631480372 0.2207247044659674
2.75 3 35 36 58.46805428393472 0.2071097381564647
2.75 3 36 37 56.16096662191012 0.1944821107082402
2.75 3 37 38 53.91177575934469 0.1827551909544582
2.75 3 38 39 51.72630848169118 0.1718515597596664
2.75 3 39 40 49.60856637864021 0.1617018449035541
2.75 3 40 41 47.56110231208416 0.1522437270432707
2.75 3 41 42 45.58532231826132 0.1434210876279588
2.75 3 42 43 43.68172818418722 0.1351832767754439
2.75 3 43 44 41.8501126852002 0.1274844810365952
2.75 3 44 45 40.08971684435684 0.120283175759436
2.75 3 45 46 38.39846660918238 0.1136463791050931
2.75 3 46 47 36.77654555721679 0.1079286878384378
2.75 3 47 48 35.22131153527239 0.1031457799150197
2.75 3 48 49 33.68659657854313 0.8485973185495161
2.75 3 49 50 32.25694426921739 0.7675050259966021
3 3.25 0 1 -618.7347242008725 3.299913333032031
3 3.25 1 2 -7339.336137811921 12.57255345830675
3 3.25 2 3 -5372.063372252693 10.38937734967949
3 3.25 3 4 -3460.698160551729 7.983455996915497
3 3.25 4 5 -2244.815516910604 6.299506974185422
3 3.25 5 6 -1475.900056286356 5.108753898722387
3 3.25 6 7 -979.4027657660413 4.236181656731656
3 3.25 7 8 -650.8447503506868 3.57520139264016
3 3.25 8 9 -428.4295994858865 3.060611519372546
3 3.25 9 10 -274.9023551291127 2.650581593438925
3 3.25 10 11 -167.3151047137828 2.317724120856989
3 3.25 11 12 -91.04226277507087 2.043174344283288
3 3.25 12 13 -36.55206612785628 1.813651611727418
3 3.25 13 14 2.522758524617984 1.619545975040689
3 3.25 14 15 30.52756587351041 1.453745803016722
3 3.25 15 16 50.4849011219784 1.310884077523162
3 3.25 16 17 64.53293423425316 1.186839972851655
3 3.25 17 18 74.20684670438277 1.078400862159382
3 3.25 18 19 80.623339551811 0.9830279137309068
3 3.25 19 20 84.60402277723949 0.8986902303265362
3 3.25 20 21 86.75942777402497 0.8237453508308268
3 3.25 21 22 87.54715170757765 0.756851741149004
3 3.25 22 23 87.3127012963381 0.6969037584124853
3 3.25 23 24 86.31857428073499 0.6429826633622338
3 3.25 24 25 84.76522247289392 0.5943192656633225
3 3.25 25 26 82.80633334325518 0.5502651174140919
3 3.25 26 27 80.56008473742656 0.5102700675332725
3 3.25 27 28 78.11751181046355 0.4738646046386707
3 3.25 28 29 75.54878062907159 0.4406458433620952
3 3.25 29 30 72.90792910140766 0.4102663108317147
3 3.25 30 31 70.23647539546511 0.3824249045736611
3 3.25 31 32 67.56618236700848 0.356859549676228
3 3.25 32 33 64.92118802563436 0.3333411957520481
3 3.25 33 34 62.31965632483096 0.3116688782820164
3 3.25 34 35 59.77506255767889 0.291665632169349
3 3.25 35 36 57.2971986479609 0.2731750914278182
3 3.25 36 37 54.89296247394361 0.2560586451438174
3 3.25 37 38 52.56697979348087 0.2401930469815167
3 3.25 38 39 50.32209575220429 0.2254683964775109
3 3.25 39 40 48.1597643141024 0.2117864271169744
3 3.25 40 41 46.08035751197284 0.1990590480620455
3 3.25 41 42 44.08341139320041 0.1872070971305419
3 3.25 42 43 42.16782185341066 0.1761592709434106
3 3.25 43 44 40.33200070544883 0.1658512027440224
3 3.25 44 45 38.5740000189886 0.1562246658642071
3 3.25 45 46 36.89078616586932 0.1472998004356976
3 3.25 46 47 35.28152533021057 0.1393000597692959
3 3.25 47 48 33.74287907017334 0.1322173204301877
3 3.25 48 49 32.27227759800292 0.1259948562289203
3 3.25 49 50 30.86696039576148 0.1203324547570879
3.25 3.5 0 1 -941.6106441654412 5.931743302209729
3.25 3.5 1 2 -6966.31153451949 21.17027050492239
3.25 3.5 2 3 -4793.532106451956 15.02087410515693
3.25 3.5 3 4 -3001.000135836558 10.95454116924197
3.25 3.5 4 5 -1899.732012422108 8.383085906402885
3.25 3.5 5 6 -1217.894044189678 6.652007815887139
3.25 3.5 6 7 -785.0542486119755 5.422332364131095
3.25 3.5 7 8 -503.0202502760226 4.511567388785973
3.25 3.5 8 9 -314.9576204787211 3.814771296383704
3.25 3.5 9 10 -187.1317025815038 3.267562129633306
3.25 3.5 10 11 -99.02305457310422 2.828756636219538
3.25 3.5 11 12 -37.69407429670218 2.470695387175621
3.25 3.5 12 13 5.205369071127279 2.174227115457973
3.25 3.5 13 14 35.2033654504944 1.925692534531183
3.25 3.5 14 15 56.04051302461767 1.715106581080195
3.25 3.5 15 16 70.29719965001539 1.535013451167286
3.25 3.5 16 17 79.78385155983551 1.379742047344091
3.25 3.5 17 18 85.78959001159853 1.244908163755301
3.25 3.5 18 19 89.2441952884451 1.127073413255143
3.25 3.5 19 20 90.82574510907625 1.023506437367527
3.25 3.5 20 21 91.03346723812626 0.9320124743772538
3.25 3.5 21 22 90.23787059048146 0.8508095980179902
3.25 3.5 22 23 88.71576198110961 0.7784374374324494
3.25 3.5 23 24 86.67503990697912 0.7136888975257842
3.25 3.5 24 25 84.27246756254652 0.6555584247271098
3.25 3.5 25 26 81.6265565273788 0.6032023464526983
3.25 3.5 26 27 78.82700170473612 0.5559081376731587
3.25 3.5 27 28 75.94165489542922 0.5130703676655121
3.25 3.5 28 29 73.02172268245391 0.4741717024423971
3.25 3.5 29 30 70.10567047131246 0.4387677716046156
3.25 3.5 30 31 67.22217514149611 0.4064750189348814
3.25 3.5 31 32 64.39237219412948 0.3769608759531654
3.25 3.5 32 33 61.63157562681903 0.3499357599658031
3.25 3.5 33 34 58.95060091784484 0.3251465157043695
3.25 3.5 34 35 56.35678727838211 0.3023710076771942
3.25 3.5 35 36 53.85479062761303 0.2814136363003354
3.25 3.5 36 37 51.44720079048273 0.2621015997366977
3.25 3.5 37 38 49.13502324721389 0.2442817620151524
3.25 3.5 38 39 46.91805600530662 0.2278180165994205
3.25 3.5 39 40 44.79518490665129 0.2125890568934229
3.25 3.5 40 41 42.76461530135701 0.1984864829659982
3.25 3.5 41 42 40.82405383816243 0.18541318730552
3.25 3.5 42 43 38.97085105529987 0.173281972889553
3.25 3.5 43 44 37.20211313012611 0.162014366424973
3.25 3.5 44 45 35.51478921506353 0.1515395949151647
3.25 3.5 45 46 33.90500571133995 0.1418597401109352
3.25 3.5 46 47 32.37095625599729 0.1331652343146353
3.25 3.5 47 48 30.90873440768608 0.1254414333699607
3.25 3.5 48 49 29.5152154978317 0.1186310369572494
3.25 3.5 49 50 28.18717035360363 0.1124545677893008
3.5 3.75 0 1 -1156.360652710443 9.279369008714694
3.5 3.75 1 2 -6183.576904241857 25.21303122580894
3.5 3.75 2 3 -3976.710811459255 15.74939516499061
3.5 3.75 3 4 -2404.206038683194 10.9036138045684
3.5 3.75 4 5 -1474.63311134901 8.07845584982878
3.5 3.75 5 6 -913.3347999842347 6.259699898854335
3.5 3.75 6 7 -564.3974443924028 5.005963801435727
3.5 3.75 7 8 -341.4593505208654 4.098050250723925
3.5 3.75 8 9 -195.7134840938361 3.415699280477316
3.5 3.75 9 10 -98.69897531875904 2.887946233888127
3.5 3.75 10 11 -33.36142907534486 2.470192892941824
3.5 3.75 11 12 10.91452776033452 2.13323603675552
3.5 3.75 12 13 40.89882531248986 1.857154195719183
3.5 3.75 13 14 61.02344405596443 1.627933924635558
3.5 3.75 14 15 74.25496925364132 1.435452981493831
3.5 3.75 15 16 82.61803409982338 1.272232232166776
3.5 3.75 16 17 87.51787140253884 1.132636062619337
3.5 3.75 17 18 89.94404517426335 1.012344603266637
3.5 3.75 18 19 90.60207278504856 0.9079961815346949
3.5 3.75 19 20 90.00022256702755 0.8169394894580215
3.5 3.75 20 21 88.50782277226261 0.7370582791107532
3.5 3.75 21 22 86.39509245967287 0.6666450949533389
3.5 3.75 22 23 83.86076284266244 0.6043088351748915
3.5 3.75 23 24 81.05149371117625 0.5489060774854086
3.5 3.75 24 25 78.07569051659948 0.4994893750799616
3.5 3.75 25 26 75.01344627788114 0.4552678530329975
3.5 3.75 26 27 71.92376698962173 0.4155768424988592
3.5 3.75 27 28 68.84987029477401 0.3798542393296244
3.5 3.75 28 29 65.82310285871858 0.3476219228227238
3.5 3.75 29 30 62.8658576598371 0.3184710239545898
3.5 3.75 30 31 59.99376066688026 0.2920501504496744
3.5 3.75 31 32 57.21731932608978 0.268055903480017
3.5 3.75 32 33 54.54317157823854 0.2462251868540613
3.5 3.75 33 34 51.97503631286912 0.2263289279948874
3.5 3.75 34 35 49.51443926602056 0.2081669204169289
3.5 3.75 35 36 47.16126903059501 0.1915635624872201
3.5 3.75 36 37 44.91420387348535 0.176364317595957
3.5 3.75 37 38 42.77103984869126 0.1624327585745708
3.5 3.75 38 39 40.72894316861503 0.1496480879522798
3.5 3.75 39 40 38.78464423349391 0.1379030477413596
3.5 3.75 40 41 36.93458661482234 0.1271021502349686
3.5 3.75 41 42 35.17504111038865 0.1171601742292762
3.5 3.75 42 43 33.50219267337948 0.1080008816689033
3.5 3.75 43 44 31.91220628627255 0.09955591896965806
3.5 3.75 44 45 30.40127638921163 0.0917638724934676
3.5 3.75 45 46 28.96505528256023 0.0846595270541685
3.5 3.75 46 47 27.60101069171247 0.07853920138219324
3.5 3.75 47 48 26.30500166053154 0.07342358314559563
3.5 3.75 48 49 25.0736307785569 0.06926637390705662
3.5 3.75 49 50 23.90347065400356 0.06570969162012708
3.75 4 0 1 -1191.000647024435 1.190620741747398
3.75 4 1 2 -4916.2670043277 24.11707390835497
3.75 4 2 3 -2928.237908710144 11.09210557428126
3.75 4 3 4 -1690.698738882508 6.431157921826128
3.75 4 4 5 -991.4130572583322 4.161909155460116
3.75 4 5 6 -582.5898420721601 2.872920950697317
3.75 4 6 7 -335.4793096483463 2.068424322156059
3.75 4 7 8 -181.8459530353778 1.533554624271606
3.75 4 8 9 -84.22389998221161 1.161428622252893
3.75 4 9 10 -21.25153289917387 0.8941239070651202
3.75 4 10 11 19.63488183863069 0.6974272935817498
3.75 4 11 12 46.12126763713036 0.5503390540000969
3.75 4 12 13 63.03242237411348 0.439301455621317
3.75 4 13 14 73.47927319259691 0.3552705501993874
3.75 4 14 15 79.51322248576651 0.3018328076927358
3.75 4 15 16 82.51335178106552 0.2765069770714633
3.75 4 16 17 83.42208365625754 0.2539116686025665
3.75 4 17 18 82.89233439218464 0.2336646946241168
3.75 4 18 19 81.38155840109931 0.2154501367613449
3.75 4 19 20 79.21312252981346 0.1990048882952437
3.75 4 20 21 76.61711874393052 0.1841082648791389
3.75 4 21 22 73.75796392548574 0.1705739195023201
3.75 4 22 23 70.75334720901697 0.1582435037723004
3.75 4 23 24 67.68741356149795 0.1475863451877128
3.75 4 24 25 64.62004785274291 0.1467421092772264
3.75 4 25 26 61.59348334106056 0.1460294708538781
3.75 4 26 27 58.63705077042783 0.1452780862458121
3.75 4 27 28 55.77062019437864 0.1443931660444157
3.75 4 28 29 53.00711397432596 0.1433279381795519
3.75 4 29 30 50.35435346428619 0.1420654160340567
3.75 4 30 31 47.81642353983764 0.1406065598968274
3.75 4 31 32 45.39468546503537 0.1389626890213144
3.75 4 32 33 43.08853143573984 0.137150671387878
3.75 4 33 34 40.89594814954889 0.1351899116264972
3.75 4 34 35 38.81393839384756 0.1331004975441256
3.75 4 35 36 36.83883653054743 0.1309020901476605
3.75 4 36 37 34.9665443492236 0.1286132890321288
3.75 4 37 38 33.19270694081233 0.1262512997326158
3.75 4 38 39 31.51284324634851 0.1238317906570321
3.75 4 39 40 29.92244227434166 0.1213688673853577
3.75 4 40 41 28.41703329798796 0.1188751167751649
3.75 4 41 42 26.99223628387606 0.1163616915546334
3.75 4 42 43 25.64379730965987 0.113838414851116
3.75 4 43 44 24.36761263822029 0.1113138937380855
3.75 4 44 45 23.15974417664113 0.1087956330042669
3.75 4 45 46 22.01597939179825 0.106342427936143
3.75 4 46 47 20.93352870930892 0.1041408717340811
3.75 4 47 48 19.9085437235387 0.1021925512630432
3.75 4 48 49 18.93781015925517 0.1004652526406603
3.75 4 49 50 18.01813250197678 0.09879122061653534
4 5 0 1 -1623.882591698311 2.610390281666438
4 5 1 2 -4929.147516752923 7.699207843237057
4 5 2 3 -2542.243850489439 5.376148168366217
4 5 3 4 -1319.373744762276 3.898486002680438
4 5 4 5 -686.4781776973427 2.862776625482204
4 5 5 6 -341.2172986038622 2.153996408918798
4 5 6 7 -146.0250120763142 1.674911786885128
4 5 7 8 -33.00300085541926 1.3470141417669
4 5 8 9 33.22279767129191 1.117042470723977
4 5 9 10 71.88848907359056 0.9507070956640091
4 5 10 11 93.84988827078882 0.8262729178661377
4 5 11 12 105.4857044765311 0.7304422651213208
4 5 12 13 110.646758237075 0.6542552109716399
4 5 13 14 111.7233734290184 0.5921326886981472
4 5 14 15 110.230328781568 0.540316919209159
4 5 15 16 107.1443112332396 0.496253419888763
4 5 16 17 103.1032372134884 0.4581655535894857
4 5 17 18 98.52736967814133 0.424789620003951
4 5 18 19 93.69470802408381 0.3952069922189352
4 5 19 20 88.78892587816054 0.3687358012708796
4 5 20 21 83.93042933238081 0.3448597639801521
4 5 21 22 79.1968108393927 0.3231805725426223
4 5 22 23 74.6365116083839 0.3033854855583278
4 5 23 24 70.27805924378706 0.285224890703907
4 5 24 25 66.13637818333072 0.2684965165604347
4 5 25 26 62.21713723693418 0.2530341480246305
4 5 26 27 58.51976497637679 0.2386994392047098
4 5 27 28 55.03955141972222 0.2253758872902212
4 5 28 29 51.76911722330341 0.212964336060004
4 5 29 30 48.69944153044106 0.2013795766305875
4 5 30 31 45.82057980183136 0.1905477443337546
4 5 31 32 43.12216267814318 0.180404302838318
4 5 32 33 40.5937395337897 0.1708924637436644
4 5 33 34 38.22501156835513 0.1619619348699359
4 5 34 35 36.00598623456982 0.1535679186935677
4 5 35 36 33.92707566379622 0.1456703026513505
4 5 36 37 31.97915532666222 0.138232999247609
4 5 37 38 30.15359460689769 0.1312234026290061
4 5 38 39 28.44226769711518 0.1246119382470261
4 5 39 40 26.83755088778824 0.1183716862565796
4 5 40 41 25.33231065345245 0.1124780646542986
4 5 41 42 23.9198856926932 0.1069085602620676
4 5 42 43 22.59406517893551 0.1016424996880932
4 5 43 44 21.34906490311131 0.0966608524766172
4 5 44 45 20.17950241354749 0.09194606098615699
4 5 45 46 19.07994919181952 0.08777544771688912
4 5 46 47 18.04632938750179 0.08518927786538169
4 5 47 48 17.07393070511538 0.08415448659915575
4 5 48 49 16.15877324302637 0.08434260129144076
4 5 49 50 15.29684058495659 0.08482083073502751
-5 5 0 50 -772062.6938374081 92.94861688707479
