#ylo yhi qTlo qThi PDF0  uncertainty
-5 -4 0 1 -1785.072289891801 3.194107659426583
-5 -4 1 2 -5284.278994357968 8.850021969912911
-5 -4 2 3 -2723.743970776384 6.595234618142415
-5 -4 3 4 -1423.056308196754 4.859459196407506
-5 -4 4 5 -749.4427705073044 3.486729932274717
-5 -4 5 6 -380.9154364924432 2.523199059349814
-5 -4 6 7 -171.6000769751099 1.877412111012876
-5 -4 7 8 -49.60723237868706 1.449098227319014
-5 -4 8 9 22.52240892890802 1.163950088378466
-5 -4 9 10 65.20115077507683 0.9718702285804425
-5 -4 10 11 89.95074934099466 0.83938736617231
-5 -4 11 12 103.5607780522348 0.7445523030065659
-5 -4 12 13 110.1403853370193 0.6739946029110914
-5 -4 13 14 112.2462787791536 0.6190599371817812
-5 -4 14 15 111.5045756410989 0.574441492090741
-5 -4 15 16 108.9680637457744 0.5368397349085149
-5 -4 16 17 105.327786172563 0.5041857544746781
-5 -4 17 18 101.0417904115076 0.4751632982861539
-5 -4 18 19 96.41539394493674 0.4489182765658743
-5 -4 19 20 91.65231073850046 0.4248828919122595
-5 -4 20 21 86.88783952857361 0.4026688939498804
-5 -4 21 22 82.21076808886093 0.3820023346076203
-5 -4 22 23 77.67804042313855 0.3626832922078909
-5 -4 23 24 73.32470150335274 0.3445607166232145
-5 -4 24 25 69.17071242314179 0.3275165142455776
-5 -4 25 26 65.22566288498044 0.3114553406127037
-5 -4 26 27 61.49205361069953 0.2962979582355876
-5 -4 27 28 57.96759552845374 0.2819768491356414
-5 -4 28 29 54.64682651452468 0.268433268690295
-5 -4 29 30 51.52225049860924 0.2556152329830961
-5 -4 30 31 48.58513990569703 0.2434761172245932
-5 -4 31 32 45.82609938438914 0.2319736607369337
-5 -4 32 33 43.23545945943917 0.2210692428893775
-5 -4 33 34 40.80354858610254 0.2107273461240837
-5 -4 34 35 38.52087808125278 0.2009151451406882
-5 -4 35 36 36.37826457162965 0.1916021879226168
-5 -4 36 37 34.36690768563702 0.1827601388901474
-5 -4 37 38 32.47843578221786 0.1743625697397415
-5 -4 38 39 30.70492897760909 0.1663847841827959
-5 -4 39 40 29.03892618919942 0.158803668721984
-5 -4 40 41 27.47342110183975 0.1515975635632796
-5 -4 41 42 26.00185059870985 0.1447461491445013
-5 -4 42 43 24.61807821483713 0.1382303459341044
-5 -4 43 44 23.31637453159755 0.1320322234757878
-5 -4 44 45 22.09139580188036 0.1261349200203732
-5 -4 45 46 20.93772403371677 0.1208359501759321
-5 -4 46 47 19.85129837160068 0.1172422305154084
-5 -4 47 48 18.82739989360972 0.1153044421796661
-5 -4 48 49 17.86204992734176 0.114659246373656
-5 -4 49 50 16.95119002824313 0.1143175854056777
-4 -3.75 0 1 -1281.15916016037 1.723198810805619
-4 -3.75 1 2 -5243.108065314453 27.61507060297741
-4 -3.75 2 3 -3145.278606734087 12.24160007092196
-4 -3.75 3 4 -1834.113590433451 6.931156990190912
-4 -3.75 4 5 -1089.152977005433 4.399012415998436
-4 -3.75 5 6 -651.3407099019066 2.983156855169528
-4 -3.75 6 7 -385.1776577801702 2.111173542492505
-4 -3.75 7 8 -218.5730929756655 1.538468058055354
-4 -3.75 8 9 -111.8358955285403 1.144788752880939
-4 -3.75 9 10 -42.28000772255405 0.8655953906690682
-4 -3.75 10 11 3.475770974136253 0.6631748781136795
-4 -3.75 11 12 33.63704483316769 0.5146264417142462
-4 -3.75 12 13 53.3696419281921 0.4053494945122763
-4 -3.75 13 14 66.01448746251276 0.3394805369502573
-4 -3.75 14 15 73.78204709568172 0.310310070085774
-4 -3.75 15 16 78.16391810807926 0.2843832180396861
-4 -3.75 16 17 80.18373302779389 0.26123151009934
-4 -3.75 17 18 80.55408678599144 0.240469935400984
-4 -3.75 18 19 79.77700137634611 0.2217796146228324
-4 -3.75 19 20 78.20961080535363 0.2048944996292662
-4 -3.75 20 21 76.10792651495615 0.1895910774504746
-4 -3.75 21 22 73.65649692044616 0.1772052833176038
-4 -3.75 22 23 70.98881554890875 0.1773803032472186
-4 -3.75 23 24 68.20155641329379 0.1775392863794616
-4 -3.75 24 25 65.36462591924857 0.1774558831634972
-4 -3.75 25 26 62.528339043188 0.1770244135495163
-4 -3.75 26 27 59.72859307762587 0.1762096010866569
-4 -3.75 27 28 56.99063054852991 0.1750157845589616
-4 -3.75 28 29 54.33179744904524 0.1734684076158079
-4 -3.75 29 30 51.76357897263992 0.1716030480817914
-4 -3.75 30 31 49.29311105032616 0.1694590197113989
-4 -3.75 31 32 46.92430846497328 0.1670757315810907
-4 -3.75 32 33 44.65871043394979 0.1644907038643114
-4 -3.75 33 34 42.49611661208381 0.1617385725710149
-4 -3.75 34 35 40.43506669668817 0.1588506784634921
-4 -3.75 35 36 38.4732026792622 0.1558549946837348
-4 -3.75 36 37 36.60754262194952 0.1527762437837916
-4 -3.75 37 38 34.83468745834655 0.149636113795545
-4 -3.75 38 39 33.1509768982022 0.1464535192651764
-4 -3.75 39 40 31.55260653867938 0.1432448753708037
-4 -3.75 40 41 30.03571536076473 0.1400243663233625
-4 -3.75 41 42 28.59645054763057 0.1368041989228781
-4 -3.75 42 43 27.23101491936877 0.1335948354218673
-4 -3.75 43 44 25.93570108924897 0.1304052047766743
-4 -3.75 44 45 24.70691540881458 0.1272428916384707
-4 -3.75 45 46 23.54073235345342 0.1241620810993181
-4 -3.75 46 47 22.43463864032667 0.1213341721404535
-4 -3.75 47 48 21.38500098389225 0.1187620362914776
-4 -3.75 48 49 20.38880412895936 0.116417346015948
-4 -3.75 49 50 19.44301081712796 0.1141467025033665
-3.75 -3.5 0 1 -1188.382189608172 10.57847960420419
-3.75 -3.5 1 2 -6528.068569618758 27.7115279099524
-3.75 -3.5 2 3 -4260.067319149688 16.91553009308369
-3.75 -3.5 3 4 -2607.376934490641 11.59629542902977
-3.75 -3.5 4 5 -1620.763861520022 8.538713249737841
-3.75 -3.5 5 6 -1020.683277534802 6.586304842380442
-3.75 -3.5 6 7 -645.1076341231055 5.247958862527222
-3.75 -3.5 7 8 -403.4127663751747 4.282848834767307
-3.75 -3.5 8 9 -244.1041510736027 3.560095774410551
-3.75 -3.5 9 10 -137.0396154706234 3.002596177655638
-3.75 -3.5 10 11 -64.09030593193279 2.562422210500162
-3.75 -3.5 11 12 -13.93875141347121 2.208159338804528
-3.75 -3.5 12 13 20.65612746648219 1.91847192663654
-3.75 -3.5 13 14 44.45033082291741 1.67839127383924
-3.75 -3.5 14 15 60.63848589584131 1.477129868179409
-3.75 -3.5 15 16 71.40914003697401 1.306733102796918
-3.75 -3.5 16 17 78.28760958623434 1.161217897283437
-3.75 -3.5 17 18 82.35294961552552 1.036005511309947
-3.75 -3.5 18 19 84.37840367804426 0.9275381198541571
-3.75 -3.5 19 20 84.92421069867112 0.8330135517393282
-3.75 -3.5 20 21 84.4000830188923 0.7501979802551726
-3.75 -3.5 21 22 83.10798028262923 0.677291219574955
-3.75 -3.5 22 23 81.27184143724645 0.6128282520181497
-3.75 -3.5 23 24 79.05853696850221 0.5556061671104965
-3.75 -3.5 24 25 76.59281847756523 0.5046292221726699
-3.75 -3.5 25 26 73.96810595863707 0.459067020782623
-3.75 -3.5 26 27 71.25435143125318 0.418222317604052
-3.75 -3.5 27 28 68.50382451923713 0.3815059779751838
-3.75 -3.5 28 29 65.75540492994628 0.3484173157179516
-3.75 -3.5 29 30 63.03779135129491 0.3185285181929418
-3.75 -3.5 30 31 60.37191675851255 0.2914722078010638
-3.75 -3.5 31 32 57.77277758331695 0.2669314330069265
-3.75 -3.5 32 33 55.25082659034697 0.2446315566464916
-3.75 -3.5 33 34 52.81303868063421 0.2243336390815263
-3.75 -3.5 34 35 50.46372988822773 0.2058290065779259
-3.75 -3.5 35 36 48.20518900500451 0.1889347668334651
-3.75 -3.5 36 37 46.03816617041075 0.1734900864837129
-3.75 -3.5 37 38 43.9622517324826 0.1593530849843112
-3.75 -3.5 38 39 41.97617052897697 0.1463982300246783
-3.75 -3.5 39 40 40.0780107011451 0.1345141440612351
-3.75 -3.5 40 41 38.26540168372189 0.1236017487384006
-3.75 -3.5 41 42 36.53565255633502 0.1135726884833129
-3.75 -3.5 42 43 34.88585941099056 0.1043479869399948
-3.75 -3.5 43 44 33.31298848839511 0.09585689694942832
-3.75 -3.5 44 45 31.81394024115599 0.08803591307912431
-3.75 -3.5 45 46 30.38497490979096 0.08092634700511013
-3.75 -3.5 46 47 29.02413382830603 0.07485766015495626
-3.75 -3.5 47 48 27.72774846929901 0.06986079078571079
-3.75 -3.5 48 49 26.49285424390317 0.06589145300265341
-3.75 -3.5 49 50 25.31639535194999 0.06255963530402461
-3.5 -3.25 0 1 -866.716140835134 2.743511258494179
-3.5 -3.25 1 2 -7266.875536287387 22.85847243653323
-3.5 -3.25 2 3 -5113.81223668585 16.05048089963411
-3.5 -3.25 3 4 -3246.285487472517 11.65299833927019
-3.5 -3.25 4 5 -2083.219432846555 8.890375359108088
-3.5 -3.25 5 6 -1356.870592475286 7.037448025797293
-3.5 -3.25 6 7 -892.3548186019943 5.724660696383329
-3.5 -3.25 7 8 -587.419033956538 4.754366121239845
-3.5 -3.25 8 9 -382.4326190046629 4.013325508472095
-3.5 -3.25 9 10 -241.8248786494496 3.432270462232378
-3.5 -3.25 10 11 -143.8683187633915 2.966965971176727
-3.5 -3.25 11 12 -74.81646289508899 2.587761359388019
-3.5 -3.25 12 13 -25.76622879695992 2.274155262895806
-3.5 -3.25 13 14 9.196932562422717 2.011544045138061
-3.5 -3.25 14 15 34.08950009877231 1.789264317877163
-3.5 -3.25 15 16 51.69271214142952 1.599361816589092
-3.5 -3.25 16 17 63.96586241379771 1.435791861191481
-3.5 -3.25 17 18 72.31021281526057 1.293885389771422
-3.5 -3.25 18 19 77.7412645937635 1.169983490543288
-3.5 -3.25 19 20 81.00349609521015 1.06118176798165
-3.5 -3.25 20 21 82.64819351324525 0.9651480415398461
-3.5 -3.25 21 22 83.08713062548378 0.8799900667799349
-3.5 -3.25 22 23 82.6301536286652 0.8041580423307436
-3.5 -3.25 23 24 81.51185933719745 0.7363717307125865
-3.5 -3.25 24 25 79.91076870685765 0.6755652731206362
-3.5 -3.25 25 26 77.96326372096314 0.6208449079398929
-3.5 -3.25 26 27 75.77382303406068 0.5714562239447833
-3.5 -3.25 27 28 73.42261049427952 0.526758545041048
-3.5 -3.25 28 29 70.97114979687296 0.4862047085388371
-3.5 -3.25 29 30 68.46660143897935 0.4493249651518285
-3.5 -3.25 30 31 65.94500947811255 0.4157140585473361
-3.5 -3.25 31 32 63.43378243762956 0.3850207804928649
-3.5 -3.25 32 33 60.95360033855567 0.3569394685435315
-3.5 -3.25 33 34 58.51988856006844 0.3312030405184205
-3.5 -3.25 34 35 56.14396251235638 0.3075772536492626
-3.5 -3.25 35 36 53.83392055613695 0.28585594596062
-3.5 -3.25 36 37 51.59534326367887 0.2658570706128324
-3.5 -3.25 37 38 49.43184292331438 0.2474193750840155
-3.5 -3.25 38 39 47.34549664213102 0.2303996058725106
-3.5 -3.25 39 40 45.33718854628933 0.2146701463404575
-3.5 -3.25 40 41 43.40688075002528 0.2001170109779715
-3.5 -3.25 41 42 41.55382821024581 0.1866381358511242
-3.5 -3.25 42 43 39.77674926482244 0.1741419160414092
-3.5 -3.25 43 44 38.07396109104248 0.1625459494273193
-3.5 -3.25 44 45 36.44348723502753 0.151775954159406
-3.5 -3.25 45 46 34.88239260616338 0.1418333197974448
-3.5 -3.25 46 47 33.38974879941959 0.132915922214102
-3.5 -3.25 47 48 31.96239072004914 0.1250106741704843
-3.5 -3.25 48 49 30.59787115020576 0.1180605547194233
-3.5 -3.25 49 50 29.29355765910432 0.1117758924260778
-3.25 -3 0 1 -455.1517244040822 1.749542713949763
-3.25 -3 1 2 -7554.544885787676 12.591897826805
-3.25 -3 2 3 -5705.696948558556 10.66170833969729
-3.25 -3 3 4 -3734.215676428514 8.237584802261415
-3.25 -3 4 5 -2457.125264224336 6.513070997382781
-3.25 -3 5 6 -1641.02300046013 5.285922099544
-3.25 -3 6 7 -1109.649875222482 4.383855954816116
-3.25 -3 7 8 -755.2059060398519 3.699362619390986
-3.25 -3 8 9 -513.2693245757941 3.165949141938567
-3.25 -3 9 10 -344.749173405891 2.740695126141757
-3.25 -3 10 11 -225.4437005408877 2.395386601057369
-3.25 -3 11 12 -139.8642355438581 2.11054197833189
-3.25 -3 12 13 -77.87675034697349 1.872421422787488
-3.25 -3 13 14 -32.68590088923861 1.671069913093057
-3.25 -3 14 15 0.3636043050405533 1.499113425899015
-3.25 -3 15 16 24.52271728246296 1.350982923341824
-3.25 -3 16 17 42.10071614310436 1.222400136941848
-3.25 -3 17 18 54.76290743751565 1.110028315709674
-3.25 -3 18 19 63.72631706742368 1.01122971467779
-3.25 -3 19 20 69.89087864652743 0.9238938260890306
-3.25 -3 20 21 73.92897451831357 0.846313523630717
-3.25 -3 21 22 76.34755941997116 0.7770943015778272
-3.25 -3 22 23 77.53190901801054 0.7150867844956894
-3.25 -3 23 24 77.77684953536982 0.6593358671623983
-3.25 -3 24 25 77.30932870889211 0.6090419168482326
-3.25 -3 25 26 76.30491444360189 0.5635308441255038
-3.25 -3 26 27 74.89998040418567 0.5222307760234446
-3.25 -3 27 28 73.20079188695621 0.4846537014287022
-3.25 -3 28 29 71.29033974471292 0.4503809011065397
-3.25 -3 29 30 69.23352176087116 0.4190512870127395
-3.25 -3 30 31 67.08110006540431 0.3903519985757284
-3.25 -3 31 32 64.87274419681955 0.364010765398797
-3.25 -3 32 33 62.63938561047712 0.3397896624921185
-3.25 -3 33 34 60.40504982868401 0.3174799734497399
-3.25 -3 34 35 58.18828958174095 0.2968979386518329
-3.25 -3 35 36 56.00331118301116 0.2778812181805975
-3.25 -3 36 37 53.86086364864505 0.2602859328764161
-3.25 -3 37 38 51.76894332258266 0.2439841772339774
-3.25 -3 38 39 49.7333542597888 0.2288619196873407
-3.25 -3 39 40 47.75815530021512 0.2148172211560771
-3.25 -3 40 41 45.84601778297051 0.2017587183111531
-3.25 -3 41 42 43.99851241232631 0.1896043264166061
-3.25 -3 42 43 42.21633978792386 0.1782801263349906
-3.25 -3 43 44 40.49951600695739 0.1677194053019673
-3.25 -3 44 45 38.84752223410203 0.1578618287733821
-3.25 -3 45 46 37.25858387804715 0.1487274388971383
-3.25 -3 46 47 35.73303737770958 0.1405453115895129
-3.25 -3 47 48 34.2685482749026 0.1333084087052505
-3.25 -3 48 49 32.8634626604528 0.1269602269669827
-3.25 -3 49 50 31.51583708111795 0.1211933788883903
-3 -2.75 0 1 5.142627687315439 1.377686891885789
-3 -2.75 1 2 -7573.082778383387 7.11973826175678
-3 -2.75 2 3 -6104.677368608545 6.835901186312481
-3 -2.75 3 4 -4096.105975211511 5.463927449201747
-3 -2.75 4 5 -2748.141716514539 4.400236375006041
-3 -2.75 5 6 -1870.118646057581 3.616144528843096
-3 -2.75 6 7 -1290.107648670546 3.027720472863374
-3 -2.75 7 8 -898.3305132732326 2.574728248635767
-3 -2.75 8 9 -627.7462623378926 2.217933523207015
-3 -2.75 9 10 -437.0793483352215 1.930894358649316
-3 -2.75 10 11 -300.4855152808489 1.696102093040427
-3 -2.75 11 12 -201.2707434582189 1.501174299513875
-3 -2.75 12 13 -128.4223473464858 1.337292955526109
-3 -2.75 13 14 -74.50082278022342 1.198007751209433
-3 -2.75 14 15 -34.37421401991401 1.07850243216796
-3 -2.75 15 16 -4.43498372809313 0.9751146467809574
-3 -2.75 16 17 17.89591958038886 0.8850139478358308
-3 -2.75 17 18 34.49015457035136 0.8059809444966523
-3 -2.75 18 19 46.72424607301025 0.7362526851224157
-3 -2.75 19 20 55.62262473691817 0.6744123657011895
-3 -2.75 20 21 61.95573761192747 0.6193093090443529
-3 -2.75 21 22 66.30843728537104 0.5700000023862641
-3 -2.75 22 23 69.12836140251818 0.5257040353122647
-3 -2.75 23 24 70.76062121775954 0.4857707457797218
-3 -2.75 24 25 71.47298194509017 0.4496536720776137
-3 -2.75 25 26 71.47434853320772 0.4168907694373768
-3 -2.75 26 27 70.92847796336054 0.387088937576294
-3 -2.75 27 28 69.9642478680575 0.3599118050040213
-3 -2.75 28 29 68.68341389946119 0.335070003720949
-3 -2.75 29 30 67.16651736364281 0.312313362039397
-3 -2.75 30 31 65.4774177419996 0.2914245920301232
-3 -2.75 31 32 63.66679408305833 0.2722141489496313
-3 -2.75 32 33 61.77486698780405 0.2545160179443922
-3 -2.75 33 34 59.83352706093581 0.238184239513118
-3 -2.75 34 35 57.86800823799615 0.223090027783529
-3 -2.75 35 36 55.89820983941411 0.2091193673375367
-3 -2.75 36 37 53.93974586557212 0.1961709989801896
-3 -2.75 37 38 52.00478132247071 0.1841547234393344
-3 -2.75 38 39 50.10270135500082 0.1729899657217032
-3 -2.75 39 40 48.24064847597708 0.1626045558758553
-3 -2.75 40 41 46.42395531507617 0.1529336881849111
-3 -2.75 41 42 44.65649414819299 0.1439190296915512
-3 -2.75 42 43 42.94095995405459 0.1355079540493108
-3 -2.75 43 44 41.27910017917574 0.1276528800381051
-3 -2.75 44 45 39.67190156316161 0.120310699552654
-3 -2.75 45 46 38.11883620275441 0.1135504391862782
-3 -2.75 46 47 36.62151926792927 0.1077392621065932
-3 -2.75 47 48 35.17854875494793 0.1028959849660786
-3 -2.75 48 49 33.78914293068328 0.09896004538180971
-3 -2.75 49 50 32.40548670980425 0.7890925205413736
-2.75 -2.5 0 1 455.5372883522789 1.335101572164998
-2.75 -2.5 1 2 -7450.382889240349 2.180637658043515
-2.75 -2.5 2 3 -6375.67120862726 3.295527855455784
-2.75 -2.5 3 4 -4365.719060572927 2.89305885631638
-2.75 -2.5 4 5 -2973.850742901278 2.449140782514848
-2.75 -2.5 5 6 -2052.844744950408 2.082951331582283
-2.75 -2.5 6 7 -1437.340050570133 1.790556643673866
-2.75 -2.5 7 8 -1017.435894839835 1.555641311503311
-2.75 -2.5 8 9 -724.7494788442705 1.364738106342631
-2.75 -2.5 9 10 -516.6654423288569 1.206984968503011
-2.75 -2.5 10 11 -366.2499219623803 1.075136627486257
-2.75 -2.5 11 12 -255.9743975838087 0.9635891646993983
-2.75 -2.5 12 13 -174.1985528386458 0.8682342801758972
-2.75 -2.5 13 14 -113.0119028098547 0.7859740525145561
-2.75 -2.5 14 15 -66.92737796527035 0.7144362391468353
-2.75 -2.5 15 16 -32.06757764861277 0.651777600416327
-2.75 -2.5 16 17 -5.646496024867474 0.5965464604369805
-2.75 -2.5 17 18 14.36773782794353 0.5475852886986076
-2.75 -2.5 18 19 29.47682890019621 0.5039606110737876
-2.75 -2.5 19 20 40.80388556256537 0.464911839043473
-2.75 -2.5 20 21 49.19779281841545 0.4298133847981173
-2.75 -2.5 21 22 55.30624123530481 0.3981462433632758
-2.75 -2.5 22 23 59.62757625450161 0.3694764133116334
-2.75 -2.5 23 24 62.54810582696678 0.3434383236874097
-2.75 -2.5 24 25 64.36927568117073 0.3197219709087031
-2.75 -2.5 25 26 65.32768781104812 0.2980628362629087
-2.75 -2.5 26 27 65.610000090933 0.2782339107415314
-2.75 -2.5 27 28 65.36412182308516 0.2600393331497776
-2.75 -2.5 28 29 64.7077000642613 0.2433092742892664
-2.75 -2.5 29 30 63.73460448738149 0.2278957927512101
-2.75 -2.5 30 31 62.51991994410486 0.2136694544041538
-2.75 -2.5 31 32 61.12381674414769 0.2005165570872094
-2.75 -2.5 32 33 59.59457012700346 0.1883368372871735
-2.75 -2.5 33 34 57.97092991863786 0.1770415658717673
-2.75 -2.5 34 35 56.28399042599256 0.1665519563044141
-2.75 -2.5 35 36 54.5586734506856 0.1567978289179603
-2.75 -2.5 36 37 52.81490998778935 0.1477164833742508
-2.75 -2.5 37 38 51.06858593159404 0.1392517435530954
-2.75 -2.5 38 39 49.33230194343844 0.1313531442621002
-2.75 -2.5 39 40 47.61598623179376 0.1239752357074481
-2.75 -2.5 40 41 45.92739045273595 0.1170769876507167
-2.75 -2.5 41 42 44.27249220190356 0.1106212751806363
-2.75 -2.5 42 43 42.6558226447201 0.1045744344688478
-2.75 -2.5 43 44 41.08073391285581 0.0989058782156282
-2.75 -2.5 44 45 39.54961779579011 0.09358775967691021
-2.75 -2.5 45 46 38.06313119498958 0.08874633992008384
-2.75 -2.5 46 47 36.6240710172757 0.08491849578080583
-2.75 -2.5 47 48 35.23193950918741 0.08213909647196808
-2.75 -2.5 48 49 33.83988580983977 0.9138922798486131
-2.75 -2.5 49 50 32.5784949149002 1.065752077525017
-2.5 -2.25 0 1 875.5476357585777 0.3654242517306253
-2.5 -2.25 1 2 -7278.537874603044 1.790046031561095
-2.5 -2.25 2 3 -6574.066033471856 1.978783102768999
-2.5 -2.25 3 4 -4572.898355992643 1.694514118617428
-2.5 -2.25 4 5 -3150.070234480781 1.47107654303257
-2.5 -2.25 5 6 -2197.429615974013 1.294321200507226
-2.5 -2.25 6 7 -1555.348045306499 1.142729458064781
-2.5 -2.25 7 8 -1114.09880934126 1.014861976981856
-2.5 -2.25 8 9 -804.4355186552962 0.9061698325041297
-2.5 -2.25 9 10 -582.8236449970791 0.8138404311097642
-2.5 -2.25 10 11 -421.558292632388 0.7344415523724876
-2.5 -2.25 11 12 -302.5136854870218 0.6657173911921195
-2.5 -2.25 12 13 -213.5937547556539 0.6058029210577586
-2.5 -2.25 13 14 -146.5418465549956 0.5532214672791154
-2.5 -2.25 14 15 -95.60695252939308 0.5067960756873314
-2.5 -2.25 15 16 -56.70902062821915 0.4655808786189142
-2.5 -2.25 16 17 -26.90515285415336 0.4288090318464521
-2.5 -2.25 17 18 -4.040951723716717 0.3958534059606382
-2.5 -2.25 18 19 13.48180351275846 0.3661968268683304
-2.5 -2.25 19 20 26.86287958539447 0.3394094054165897
-2.5 -2.25 20 21 37.01252625137192 0.3151311333658387
-2.5 -2.25 21 22 44.62791802987226 0.2930584136761546
-2.5 -2.25 22 23 50.24757795588994 0.2729335460568591
-2.5 -2.25 23 24 54.29064430373921 0.2545364535035582
-2.5 -2.25 24 25 57.08554947752566 0.2376781176132863
-2.5 -2.25 25 26 58.89120204272422 0.222195332559075
-2.5 -2.25 26 27 59.91279377485228 0.2079464785514217
-2.5 -2.25 27 28 60.31370813504105 0.194808095578863
-2.5 -2.25 28 29 60.22457061639011 0.1826720856356992
-2.5 -2.25 29 30 59.75018274009562 0.1714434144271667
-2.5 -2.25 30 31 58.9748744733796 0.1610382118763751
-2.5 -2.25 31 32 57.96666450146495 0.1513821939804743
-2.5 -2.25 32 33 56.78051466633349 0.1424093428566071
-2.5 -2.25 33 34 55.46089098387131 0.1340608000321813
-2.5 -2.25 34 35 54.04379014039665 0.1262839310356285
-2.5 -2.25 35 36 52.55835125284591 0.1190315329407188
-2.5 -2.25 36 37 51.02814386914628 0.1122611605094061
-2.5 -2.25 37 38 49.47220180734152 0.1059345483943362
-2.5 -2.25 38 39 47.90585638015833 0.1000171170812041
-2.5 -2.25 39 40 46.34141045620427 0.0944775459359207
-2.5 -2.25 40 41 44.78868574343372 0.0892874047151677
-2.5 -2.25 41 42 43.25546849855661 0.08442083373286798
-2.5 -2.25 42 43 41.74787363919339 0.07985426549544089
-2.5 -2.25 43 44 40.2706430197066 0.07556618177547192
-2.5 -2.25 44 45 38.82739034582835 0.07153690037969057
-2.5 -2.25 45 46 37.41980997727472 0.06796646396440215
-2.5 -2.25 46 47 36.05172802714839 0.0656382167477492
-2.5 -2.25 47 48 34.67616587050702 1.051338395437218
-2.5 -2.25 48 49 33.42660533902955 1.243493510433268
-2.5 -2.25 49 50 32.17920877154738 1.124950987319291
-2.25 -2 0 1 1250.757436794883 1.345490777415546
-2.25 -2 1 2 -7134.427681540801 1.711458148574148
-2.25 -2 2 3 -6782.239415128719 1.944324223402855
-2.25 -2 3 4 -4784.942066132588 1.660476140316225
-2.25 -2 4 5 -3325.369517377119 1.415183796836468
-2.25 -2 5 6 -2336.629234858001 1.225345949151286
-2.25 -2 6 7 -1665.206771907937 1.075794442196294
-2.25 -2 7 8 -1201.151457428799 0.9547717295429521
-2.25 -2 8 9 -873.9094159375682 0.8539598409734273
-2.25 -2 9 10 -638.6972228386503 0.7690372579480315
-2.25 -2 10 11 -466.8175785062035 0.6961791103183191
-2.25 -2 11 12 -339.409432082203 0.6330516304068309
-2.25 -2 12 13 -243.8362571561247 0.577860642812714
-2.25 -2 13 14 -171.4443181038794 0.5292416625078784
-2.25 -2 14 15 -116.1885975754365 0.4861330746580947
-2.25 -2 15 16 -73.7690766173198 0.4476936522624278
-2.25 -2 16 17 -41.07643188516727 0.4132466681986294
-2.25 -2 17 18 -15.82894233684306 0.3822407394794193
-2.25 -2 18 19 3.670059542557738 0.3542216336835604
-2.25 -2 19 20 18.69721687578942 0.3288115101040552
-2.25 -2 20 21 30.22336285850122 0.3056933468588334
-2.25 -2 21 22 38.9938178716128 0.2845990750064515
-2.25 -2 22 23 45.585661805163 0.2653004127473067
-2.25 -2 23 24 50.44912860969475 0.2476017015729008
-2.25 -2 24 25 53.9378912451856 0.2313342476855113
-2.25 -2 25 26 56.33146783812481 0.2163518087207997
-2.25 -2 26 27 57.85197030231552 0.2025269633934464
-2.25 -2 27 28 58.67674321979894 0.189748166441129
-2.25 -2 28 29 58.94798527332489 0.1779173442532679
-2.25 -2 29 30 58.78013303804659 0.1669479153708479
-2.25 -2 30 31 58.26557008122535 0.1567631523834096
-2.25 -2 31 32 57.47907187313859 0.1472948180652443
-2.25 -2 32 33 56.48128871302816 0.1384820225207796
-2.25 -2 33 34 55.32149116826588 0.1302702612857495
-2.25 -2 34 35 54.03974619197447 0.1226106015052609
-2.25 -2 35 36 52.66865085693217 0.1154589899929308
-2.25 -2 36 37 51.23472023656876 0.1087756630420208
-2.25 -2 37 38 49.75950338706485 0.1025246395283029
-2.25 -2 38 39 48.260484392282 0.09667328510918317
-2.25 -2 39 40 46.75181263634721 0.09119193599062493
-2.25 -2 40 41 45.24489684232691 0.0860535715150649
-2.25 -2 41 42 43.74888980303086 0.0812335308649606
-2.25 -2 42 43 42.27108516714657 0.07670926439672418
-2.25 -2 43 44 40.81724315583213 0.07246011632776733
-2.25 -2 44 45 39.39185859421869 0.06846713425847047
-2.25 -2 45 46 37.9973461668358 0.06513867165663692
-2.25 -2 46 47 36.6382800614891 0.06399501382204199
-2.25 -2 47 48 35.31549424672428 0.06501070532306572
-2.25 -2 48 49 34.01826192067557 1.330630010639102
-2.25 -2 49 50 32.77082523199721 1.205945961244511
-2 -1.75 0 1 1623.496494589465 1.399728451279241
-2 -1.75 1 2 -6946.755963804969 4.555122893665922
-2 -1.75 2 3 -6924.713999660586 3.592886846410781
-2 -1.75 3 4 -4952.259845987535 2.747236642782857
-2 -1.75 4 5 -3477.560413260499 2.174926816915989
-2 -1.75 5 6 -2468.079349570835 1.776135938830813
-2 -1.75 6 7 -1777.10179906972 1.48604871326416
-2 -1.75 7 8 -1296.118093061526 1.267022350466152
-2 -1.75 8 9 -954.639633062111 1.096611500429449
-2 -1.75 9 10 -707.5699068071017 0.9603474213876306
-2 -1.75 10 11 -525.8328076109347 0.849256583703394
-2 -1.75 11 12 -390.2129035547314 0.7570413366495765
-2 -1.75 12 13 -287.772267784427 0.6793624349272259
-2 -1.75 13 14 -209.6098441874585 0.6131114941621336
-2 -1.75 14 15 -149.4808739148727 0.5560063594210668
-2 -1.75 15 16 -102.9249403658023 0.5063346640579921
-2 -1.75 16 17 -66.70395980950025 0.4627866618235839
-2 -1.75 17 18 -38.43258077651899 0.4243433962769456
-2 -1.75 18 19 -16.33038414876569 0.3902000999680086
-2 -1.75 19 20 0.9472944794614477 0.3597125796564262
-2 -1.75 20 21 14.42682656929969 0.3323589466688093
-2 -1.75 21 22 24.89912271672495 0.3077118080238325
-2 -1.75 22 23 32.97888579379742 0.2854177289938489
-2 -1.75 23 24 39.14755808534892 0.2651818411097722
-2 -1.75 24 25 43.78482841474295 0.2467561489698511
-2 -1.75 25 26 47.192005147896 0.229930539588817
-2 -1.75 26 27 49.60953370239895 0.2145257901316493
-2 -1.75 27 28 51.23025016986026 0.2003880732754786
-2 -1.75 28 29 52.20949686579183 0.1873845994029334
-2 -1.75 29 30 52.67290535547232 0.1754001290018369
-2 -1.75 30 31 52.72242975771871 0.1643341584641119
-2 -1.75 31 32 52.44105621247172 0.1540986332599207
-2 -1.75 32 33 51.89650269929348 0.1446160745505641
-2 -1.75 33 34 51.14414309086777 0.1358180368922281
-2 -1.75 34 35 50.22933099073163 0.1276438277420748
-2 -1.75 35 36 49.18925613837769 0.1200394408665623
-2 -1.75 36 37 48.05443455906396 0.1129566611967565
-2 -1.75 37 38 46.84991012464747 0.1063523106876558
-2 -1.75 38 39 45.59622746964055 0.1001876092869333
-2 -1.75 39 40 44.31022282800561 0.09442763171370366
-2 -1.75 40 41 43.00566928064242 0.08904084248159795
-2 -1.75 41 42 41.69380491576368 0.08399869784830889
-2 -1.75 42 43 40.38376656642251 0.07927530204034797
-2 -1.75 43 44 39.08294705429256 0.07484711027344755
-2 -1.75 44 45 37.79729019528889 0.07069267156510151
-2 -1.75 45 46 36.53047736932695 0.06702841275297682
-2 -1.75 46 47 35.24252847930833 1.233921550519228
-2 -1.75 47 48 34.06690128065011 1.489889159651006
-2 -1.75 48 49 32.87905775828958 1.358532034545384
-2 -1.75 49 50 31.72134267085602 1.230125838340741
-1.75 -1.5 0 1 1956.489724035144 1.285337854157321
-1.75 -1.5 1 2 -6776.206416937281 1.643453836612657
-1.75 -1.5 2 3 -7048.807009191662 2.162525849486534
-1.75 -1.5 3 4 -5076.142303578816 1.97749166543805
-1.75 -1.5 4 5 -3573.83124756825 1.721293340905614
-1.75 -1.5 5 6 -2540.290542682837 1.482320798189524
-1.75 -1.5 6 7 -1831.230691453596 1.279676496965469
-1.75 -1.5 7 8 -1337.013887766635 1.11217366201233
-1.75 -1.5 8 9 -985.8272127399346 0.9748989738452101
-1.75 -1.5 9 10 -731.5586165854984 0.8607239929319722
-1.75 -1.5 10 11 -544.4042618984136 0.7655067849354151
-1.75 -1.5 11 12 -404.6552507858371 0.6851388035614889
-1.75 -1.5 12 13 -299.0308841248882 0.6166221836715549
-1.75 -1.5 13 14 -218.3895700518312 0.557662892656521
-1.75 -1.5 14 15 -156.3148260480989 0.5064967961667785
-1.75 -1.5 15 16 -108.2215166291887 0.4617549377505748
-1.75 -1.5 16 17 -70.7795088730179 0.4223635995710264
-1.75 -1.5 17 18 -41.53451147489909 0.387471232783722
-1.75 -1.5 18 19 -18.65379111599168 0.3563950983928966
-1.75 -1.5 19 20 -0.7525207157596014 0.3285820944594273
-1.75 -1.5 20 21 13.22682291330841 0.3035797543161645
-1.75 -1.5 21 22 24.09953194898935 0.2810145619552647
-1.75 -1.5 22 23 32.49954412492104 0.260575569079986
-1.75 -1.5 23 24 38.92358266692679 0.242001887632642
-1.75 -1.5 24 25 43.7635511461641 0.2250730444661334
-1.75 -1.5 25 26 47.33057489698115 0.2096014693671771
-1.75 -1.5 26 27 49.87302712911264 0.1954265910037397
-1.75 -1.5 27 28 51.59017324875367 0.182410154500596
-1.75 -1.5 28 29 52.64258912241678 0.1704324795027991
-1.75 -1.5 29 30 53.16018046891122 0.1593894433681871
-1.75 -1.5 30 31 53.24840202913401 0.1491900340884889
-1.75 -1.5 31 32 52.99311412140344 0.1397543501408996
-1.75 -1.5 32 33 52.46439953686229 0.1310119557395409
-1.75 -1.5 33 34 51.71958127896147 0.1229005193636493
-1.75 -1.5 34 35 50.80562172953637 0.1153646815015847
-1.75 -1.5 35 36 49.76103989465588 0.1083551072842825
-1.75 -1.5 36 37 48.61745089214293 0.1018276892611954
-1.75 -1.5 37 38 47.40080767342073 0.09574287432692093
-1.75 -1.5 38 39 46.13240674530618 0.09006509252320821
-1.75 -1.5 39 40 44.82970588824304 0.08476226886618768
-1.75 -1.5 40 41 43.50699150043613 0.07980540772743439
-1.75 -1.5 41 42 42.17592496556867 0.07516823262673815
-1.75 -1.5 42 43 40.84599143947534 0.07082687819305482
-1.75 -1.5 43 44 39.52486955616084 0.06675962175612175
-1.75 -1.5 44 45 38.21873677832036 0.0629466509472054
-1.75 -1.5 45 46 36.93142188886929 0.05983087401704722
-1.75 -1.5 46 47 35.6689288284378 0.05906102138345286
-1.75 -1.5 47 48 34.43536668554754 1.574479934997512
-1.75 -1.5 48 49 33.22768812138668 1.436301972552171
-1.75 -1.5 49 50 32.0506043578815 1.301236962211812
-1.5 -1.25 0 1 2290.118303876282 2.88757337084633
-1.5 -1.25 1 2 -6569.978662354177 3.421522478633626
-1.5 -1.25 2 3 -7146.318680351331 2.054339405738236
-1.5 -1.25 3 4 -5198.867684286561 1.836928353841422
-1.5 -1.25 4 5 -3684.836581442978 1.594138890740557
-1.5 -1.25 5 6 -2635.000229136597 1.383029511364815
-1.5 -1.25 6 7 -1910.968216390132 1.207303790950413
-1.5 -1.25 7 8 -1404.107362133712 1.061694158186342
-1.5 -1.25 8 9 -1042.512777523038 0.9409475100865049
-1.5 -1.25 9 10 -779.698698505028 0.8395359582336475
-1.5 -1.25 10 11 -585.5229246039139 0.753338201955742
-1.5 -1.25 11 12 -439.9751828427877 0.6797197608411187
-1.5 -1.25 12 13 -329.5329664841504 0.6161626136638332
-1.5 -1.25 13 14 -244.863990821837 0.5608413136203841
-1.5 -1.25 14 15 -179.4017099413197 0.5123327898528582
-1.5 -1.25 15 16 -128.442702036956 0.4695164349522515
-1.5 -1.25 16 17 -88.56316276755251 0.4315003814286071
-1.5 -1.25 17 18 -57.23417469575929 0.3975672895355999
-1.5 -1.25 18 19 -32.56316056805122 0.3671343310648517
-1.5 -1.25 19 20 -13.11698370077875 0.3397234303627385
-1.5 -1.25 20 21 2.201131540235451 0.3149389291676149
-1.5 -1.25 21 22 14.2385699066574 0.2924506559703693
-1.5 -1.25 22 23 23.65566339518182 0.2719809636605837
-1.5 -1.25 23 24 30.97096444963472 0.2532947062592295
-1.5 -1.25 24 25 36.59452552238361 0.2361914146081049
-1.5 -1.25 25 26 40.85263584987388 0.2204991329133514
-1.5 -1.25 26 27 44.00639772737168 0.2060695209212215
-1.5 -1.25 27 28 46.26580888894671 0.1944776980415584
-1.5 -1.25 28 29 47.80053169176119 0.1837244817134725
-1.5 -1.25 29 30 48.74819524605971 0.1737057425701882
-1.5 -1.25 30 31 49.22084363232881 0.1643589324900415
-1.5 -1.25 31 32 49.30997896883633 0.1556280829174652
-1.5 -1.25 32 33 49.09053092303498 0.1474629770759056
-1.5 -1.25 33 34 48.62399990992157 0.1398184413020326
-1.5 -1.25 34 35 47.9609598435103 0.1326537367220262
-1.5 -1.25 35 36 47.14306126249784 0.125932036578932
-1.5 -1.25 36 37 46.20464230119677 0.1196199742208721
-1.5 -1.25 37 38 45.17403013480896 0.1136872520299862
-1.5 -1.25 38 39 44.07459677765399 0.1081063020553122
-1.5 -1.25 39 40 42.92561893355003 0.1028519901041859
-1.5 -1.25 40 41 41.7429809067558 0.09790135720289572
-1.5 -1.25 41 42 40.53975108406681 0.09323339414109293
-1.5 -1.25 42 43 39.32665630170811 0.08882884173596529
-1.5 -1.25 43 44 38.11247333949728 0.0846700168978979
-1.5 -1.25 44 45 36.90435288376014 0.08074065753283011
-1.5 -1.25 45 46 35.70696475335959 0.07725374871145645
-1.5 -1.25 46 47 34.52712293919913 0.0750291953635092
-1.5 -1.25 47 48 33.36369969502505 1.641070858788098
-1.5 -1.25 48 49 32.22623518426883 1.498497120382485
-1.5 -1.25 49 50 31.11389413227633 1.358949930147841
-1.25 -1 0 1 2560.620152142242 1.433196875978888
-1.25 -1 1 2 -6437.29640767742 2.592767424750509
-1.25 -1 2 3 -7262.819648042818 2.962876868867212
-1.25 -1 3 4 -5325.064934375378 2.50116930431063
-1.25 -1 4 5 -3791.611344616148 2.08705980329957
-1.25 -1 5 6 -2721.269197432694 1.763947360723674
-1.25 -1 6 7 -1980.066422245446 1.51267567059292
-1.25 -1 7 8 -1459.559078754241 1.314177822885316
-1.25 -1 8 9 -1087.265257981099 1.153736066106307
-1.25 -1 9 10 -816.1155686088573 1.023192545057626
-1.25 -1 10 11 -615.2638209439806 0.913689357821629
-1.25 -1 11 12 -464.4250609167959 0.821445469885303
-1.25 -1 12 13 -349.7310065839845 0.7426347293771525
-1.25 -1 13 14 -261.6185498513282 0.6746116658405229
-1.25 -1 14 15 -193.3474310913552 0.615378216921311
-1.25 -1 15 16 -140.0823920718631 0.563398836355066
-1.25 -1 16 17 -98.29860931226312 0.5174746666065686
-1.25 -1 17 18 -65.38899813729699 0.476656302059032
-1.25 -1 18 19 -39.39991974815598 0.4401821888145468
-1.25 -1 19 20 -18.85010937132688 0.407434359370264
-1.25 -1 20 21 -2.604540424621746 0.3779060991011115
-1.25 -1 21 22 10.21480673234976 0.3511779667745988
-1.25 -1 22 23 20.29297276827538 0.3268997596838853
-1.25 -1 23 24 28.16856818156248 0.3047767753686129
-1.25 -1 24 25 34.26802505649209 0.2845592212630226
-1.25 -1 25 26 38.93108155243647 0.2660339623662847
-1.25 -1 26 27 42.42993816356238 0.2490180258900846
-1.25 -1 27 28 44.98379356594069 0.233353441344847
-1.25 -1 28 29 46.76997097928358 0.2189031066013661
-1.25 -1 29 30 47.93250356711781 0.2055474487883948
-1.25 -1 30 31 48.58880874276417 0.1931817077876268
-1.25 -1 31 32 48.83491276061915 0.1817137107845896
-1.25 -1 32 33 48.74956677369488 0.1710620368066365
-1.25 -1 33 34 48.39750894846327 0.1611544944224556
-1.25 -1 34 35 47.83206417700541 0.1519268515830153
-1.25 -1 35 36 47.09722661723873 0.1433217699789452
-1.25 -1 36 37 46.22933598000884 0.1352879066466707
-1.25 -1 37 38 45.25843291061761 0.1277791533696853
-1.25 -1 38 39 44.20935949155404 0.1207539889504579
-1.25 -1 39 40 43.10265627752256 0.1141749255214222
-1.25 -1 40 41 41.9552962390307 0.1080080343009424
-1.25 -1 41 42 40.7812872269763 0.1022225356199699
-1.25 -1 42 43 39.59216815891133 0.09679044621546525
-1.25 -1 43 44 38.39741888817895 0.09168627150184479
-1.25 -1 44 45 37.20479968753938 0.08688673855646901
-1.25 -1 45 46 36.01948316940738 0.08260340936778149
-1.25 -1 46 47 34.84879830194183 0.07968154661902666
-1.25 -1 47 48 33.69003427684203 1.702186744433235
-1.25 -1 48 49 32.55700752799345 1.554934499223436
-1.25 -1 49 50 31.44722642046082 1.410796887907575
-1 -0.75 0 1 2804.136392844313 1.481578469190985
-1 -0.75 1 2 -6279.597476626939 1.400113544233307
-1 -0.75 2 3 -7321.028893961595 1.906880280998066
-1 -0.75 3 4 -5396.755151563744 1.680613132601413
-1 -0.75 4 5 -3852.398463496469 1.448577354636586
-1 -0.75 5 6 -2769.865587769513 1.26060754797138
-1 -0.75 6 7 -2018.5721090071 1.110246850088745
-1 -0.75 7 8 -1490.196163638116 0.9879095813006155
-1 -0.75 8 9 -1111.82717839687 0.8856958384006343
-1 -0.75 9 10 -835.9681132372548 0.8002698785035011
-1 -0.75 10 11 -631.4362318856292 0.7262545564963551
-1 -0.75 11 12 -477.6887006098036 0.662279313367793
-1 -0.75 12 13 -360.6748593180296 0.6062669433465729
-1 -0.75 13 14 -270.696292945009 0.5568350810905695
-1 -0.75 14 15 -200.9124305988939 0.5129138484793045
-1 -0.75 15 16 -146.4127481333162 0.4736595605510156
-1 -0.75 16 17 -103.6152526717549 0.4383962456719943
-1 -0.75 17 18 -69.86892477256902 0.406574871624639
-1 -0.75 18 19 -43.18599426268997 0.3777441950032638
-1 -0.75 19 20 -22.05841850876368 0.3515294591509893
-1 -0.75 20 21 -5.329974893441204 0.327616533106766
-1 -0.75 21 22 7.894268363314723 0.3057399058963671
-1 -0.75 22 23 18.31294303138111 0.2856734700921369
-1 -0.75 23 24 26.47565245897408 0.2672233543222016
-1 -0.75 24 25 32.81777190844446 0.2502222877699844
-1 -0.75 25 26 37.68635363778424 0.234525121944087
-1 -0.75 26 27 41.35960862564241 0.220005239817586
-1 -0.75 27 28 44.06169640868336 0.206551650402439
-1 -0.75 28 29 45.97405118752727 0.1940666212174502
-1 -0.75 29 30 47.24412541622792 0.1824637328860444
-1 -0.75 30 31 47.99219019546126 0.1716662709307089
-1 -0.75 31 32 48.31666095390085 0.1616058877523303
-1 -0.75 32 33 48.29829499312621 0.1522214824031787
-1 -0.75 33 34 48.00351961462701 0.143458258323572
-1 -0.75 34 35 47.48708555456045 0.1352669250146422
-1 -0.75 35 36 46.79419342873354 0.1276030211977902
-1 -0.75 36 37 45.96220604676444 0.1204263350764972
-1 -0.75 37 38 45.02203346303418 0.11370040768414
-1 -0.75 38 39 43.99925799914962 0.1073921055859461
-1 -0.75 39 40 42.91505160800796 0.1014712505942268
-1 -0.75 40 41 41.78692672802958 0.09591029930611551
-1 -0.75 41 42 40.62935284765297 0.09068406258068416
-1 -0.75 42 43 39.45426448973586 0.08576946280460386
-1 -0.75 43 44 38.27148097306664 0.08114531808257745
-1 -0.75 44 45 37.08905421222855 0.07679215517445487
-1 -0.75 45 46 35.91238383764892 0.07320374713969909
-1 -0.75 46 47 34.79508748432619 1.218696095623796
-1 -0.75 47 48 33.59225068832188 1.737873781932275
-1 -0.75 48 49 32.46470920865283 1.587625283335417
-1 -0.75 49 50 31.35957729009692 1.440458985543754
-0.75 -0.5 0 1 2997.782391702351 2.439861020924396
-0.75 -0.5 1 2 -6155.802244711223 1.379761289745
-0.75 -0.5 2 3 -7373.174480003814 1.92847567559296
-0.75 -0.5 3 4 -5463.318123054167 1.712494287292414
-0.75 -0.5 4 5 -3911.934192212341 1.479425086133386
-0.75 -0.5 5 6 -2819.972567447079 1.286441735375531
-0.75 -0.5 6 7 -2060.232693184957 1.142124016632456
-0.75 -0.5 7 8 -1524.877904719007 1.035295518567086
-0.75 -0.5 8 9 -1140.855027974894 0.9398181421721994
-0.75 -0.5 9 10 -860.4261567698022 0.8552230028034762
-0.75 -0.5 10 11 -652.1850433685863 0.7811397672882988
-0.75 -0.5 11 12 -495.402985634089 0.7155267197653092
-0.75 -0.5 12 13 -375.8889659676115 0.6573680009326003
-0.75 -0.5 13 14 -283.8353998368864 0.6056016339162114
-0.75 -0.5 14 15 -212.3175112484917 0.5593285503162526
-0.75 -0.5 15 16 -156.3594416443348 0.5177944310682888
-0.75 -0.5 16 17 -112.3281079475928 0.4803674834647593
-0.75 -0.5 17 18 -77.53220192243225 0.446517541293368
-0.75 -0.5 18 19 -49.95191563445337 0.4157980732793943
-0.75 -0.5 19 20 -28.05352514507126 0.3878312655973136
-0.75 -0.5 20 21 -10.66006648210987 0.3622958562825256
-0.75 -0.5 21 22 3.140261287362819 0.3389172807653628
-0.75 -0.5 22 23 14.05989889536761 0.3174597014459567
-0.75 -0.5 23 24 22.65982151457638 0.2977195501195691
-0.75 -0.5 24 25 29.38482133540322 0.2795202826387152
-0.75 -0.5 25 26 34.58978899835745 0.2627080989849807
-0.75 -0.5 26 27 38.55949132963133 0.2471484363147285
-0.75 -0.5 27 28 41.52359569687883 0.2327230816564421
-0.75 -0.5 28 29 43.66818318452044 0.2193277824512836
-0.75 -0.5 29 30 45.14464234097068 0.2068702605136413
-0.75 -0.5 30 31 46.07659081496865 0.195268552414187
-0.75 -0.5 31 32 46.56529946710634 0.1844496171180817
-0.75 -0.5 32 33 46.69397023078591 0.1743481615608612
-0.75 -0.5 33 34 46.53113009158363 0.164905646630119
-0.75 -0.5 34 35 46.13333875132906 0.1560694415359503
-0.75 -0.5 35 36 45.54735992523479 0.1477921024027651
-0.75 -0.5 36 37 44.8119108947613 0.140030753395809
-0.75 -0.5 37 38 43.95907859430179 0.1327465545356713
-0.75 -0.5 38 39 43.01547059430601 0.1259042422500392
-0.75 -0.5 39 40 42.00315424940476 0.1194717314568804
-0.75 -0.5 40 41 40.94042589783487 0.1134197691030056
-0.75 -0.5 41 42 39.84244291666363 0.1077216330633812
-0.75 -0.5 42 43 38.72174483272647 0.1023528676351931
-0.75 -0.5 43 44 37.58868423171194 0.09729105215577574
-0.75 -0.5 44 45 36.4517840578998 0.09251559777121963
-0.75 -0.5 45 46 35.31684591133828 0.08825646445178799
-0.75 -0.5 46 47 34.2388117520745 1.245113919057146
-0.75 -0.5 47 48 33.07222251420575 1.784284606325323
-0.75 -0.5 48 49 31.97701253888067 1.630679765427038
-0.75 -0.5 49 50 30.90168214417051 1.480189015617446
-0.5 -0.25 0 1 3126.194956745398 2.419236937201173
-0.5 -0.25 1 2 -6080.407681958256 1.291503724631476
-0.5 -0.25 2 3 -7415.536595744079 1.903540438724222
-0.5 -0.25 3 4 -5514.006565178195 1.839710182057244
-0.5 -0.25 4 5 -3956.519340868518 1.706659608175661
-0.5 -0.25 5 6 -2857.03774343955 1.535673131434498
-0.5 -0.25 6 7 -2090.676337893038 1.374837144150272
-0.5 -0.25 7 8 -1549.898574107198 1.233192998602611
-0.5 -0.25 8 9 -1161.515172321521 1.110335571162552
-0.5 -0.25 9 10 -877.5856536252049 1.003765317557735
-0.5 -0.25 10 11 -666.5254927769392 0.9116249272611738
-0.5 -0.25 11 12 -507.4546277930463 0.8310477815768879
-0.5 -0.25 12 13 -386.0698745179586 0.7603123708114886
-0.5 -0.25 13 14 -292.4764928926334 0.6978642186148275
-0.5 -0.25 14 15 -219.6827616433491 0.6424352179456534
-0.5 -0.25 15 16 -162.661099596502 0.5929893971945868
-0.5 -0.25 16 17 -117.738150134556 0.5486765858567885
-0.5 -0.25 17 18 -82.19098098078348 0.5087949462085655
-0.5 -0.25 18 19 -53.97474231562728 0.4727613271656126
-0.5 -0.25 19 20 -31.53571984392738 0.4400879854223316
-0.5 -0.25 20 21 -13.68087035805411 0.4103643181115438
-0.5 -0.25 21 22 0.5146317694475329 0.3832424893800563
-0.5 -0.25 22 23 11.77384653042952 0.3584260666681475
-0.5 -0.25 23 24 20.66645925015462 0.3356609864867305
-0.5 -0.25 24 25 27.64444602034655 0.3147283280085295
-0.5 -0.25 25 26 33.06865295225828 0.295438496265986
-0.5 -0.25 26 27 37.22880742553889 0.277626510434679
-0.5 -0.25 27 28 40.35872690168321 0.2611481641236711
-0.5 -0.25 28 29 42.64797881182335 0.2458768767040496
-0.5 -0.25 29 30 44.25089175075982 0.2317010976295192
-0.5 -0.25 30 31 45.2935716902025 0.2185221529849465
-0.5 -0.25 31 32 45.87940267321665 0.2062524510005483
-0.5 -0.25 32 33 46.09338701241154 0.1948139785205716
-0.5 -0.25 33 34 46.00559024624749 0.1841370348758675
-0.5 -0.25 34 35 45.67389068739209 0.1741591607932029
-0.5 -0.25 35 36 45.1461852705786 0.1648242292401481
-0.5 -0.25 36 37 44.46216772408377 0.1560816687104569
-0.5 -0.25 37 38 43.65476844859319 0.1478857990614305
-0.5 -0.25 38 39 42.75132534958095 0.1401952594782532
-0.5 -0.25 39 40 41.77453960277649 0.1329725153276649
-0.5 -0.25 40 41 40.7432588074339 0.1261834310428413
-0.5 -0.25 41 42 39.67312079649065 0.1197968988110834
-0.5 -0.25 42 43 38.57708467699757 0.1137845152029941
-0.5 -0.25 43 44 37.46587015345352 0.1081202977183213
-0.5 -0.25 44 45 36.3483219724252 0.1027804372797137
-0.5 -0.25 45 46 35.23051418269995 0.09797362915982674
-0.5 -0.25 46 47 34.16869077091161 1.261598505378382
-0.5 -0.25 47 48 33.01468821484363 1.805589763792848
-0.5 -0.25 48 49 31.93138791727961 1.650169769921896
-0.5 -0.25 49 50 30.86658489449363 1.497878997822593
-0.25 0 0 1 3192.024631485507 2.734890807341511
-0.25 0 1 2 -6039.659983181617 1.597772046618528
-0.25 0 2 3 -7434.795623099049 1.932055787085496
-0.25 0 3 4 -5537.01575454763 1.723254770599749
-0.25 0 4 5 -3976.117890927601 1.492563424135219
-0.25 0 5 6 -2872.749988609054 1.331820536474035
-0.25 0 6 7 -2103.108378961295 1.212304783551958
-0.25 0 7 8 -1559.733370851372 1.100221567799334
-0.25 0 8 9 -1169.323954381689 0.9999934337213274
-0.25 0 9 10 -883.8105551684716 0.9103532309512079
-0.25 0 10 11 -671.5084122320186 0.8317375569683153
-0.25 0 11 12 -511.4536843059745 0.7620251327572517
-0.25 0 12 13 -389.2842323331849 0.7001631657894483
-0.25 0 13 14 -295.060629556629 0.6450604023653003
-0.25 0 14 15 -221.7576308973314 0.5957826343906698
-0.25 0 15 16 -164.3222697331987 0.5515400797415779
-0.25 0 16 17 -119.0617654111111 0.5116676555923133
-0.25 0 17 18 -83.23816746673515 0.4756050548300768
-0.25 0 18 19 -54.79489899210921 0.4428789792309093
-0.25 0 19 20 -32.16900455551922 0.4130880901474741
-0.25 0 20 21 -14.16009822394494 0.3858905596316815
-0.25 0 21 22 0.1625235560202327 0.3609938835007928
-0.25 0 22 23 11.52665760847231 0.3381465798047336
-0.25 0 23 24 20.50582935701709 0.3171314262337687
-0.25 0 24 25 27.5551446820142 0.2977599412999043
-0.25 0 25 26 33.03801279829759 0.2798678670208746
-0.25 0 26 27 37.24626915899114 0.2633114564501277
-0.25 0 27 28 40.41547178877147 0.2479644109849614
-0.25 0 28 29 42.73663029093188 0.233715340701939
-0.25 0 29 30 44.36527199857483 0.2204656503289396
-0.25 0 30 31 45.4285021595889 0.2081277712639109
-0.25 0 31 32 46.03054000826836 0.1966236753820693
-0.25 0 32 33 46.25708757240471 0.1858836220797926
-0.25 0 33 34 46.17879787620194 0.1758450953326567
-0.25 0 34 35 45.85404345455743 0.1664519006576479
-0.25 0 35 36 45.33113773946945 0.1576533928652728
-0.25 0 36 37 44.65012600695439 0.1494038138007932
-0.25 0 37 38 43.84423579519745 0.1416617234404234
-0.25 0 38 39 42.94105645937839 0.1343895075073003
-0.25 0 39 40 41.96350217631755 0.1275529513559809
-0.25 0 40 41 40.93060112424229 0.1211208691850309
-0.25 0 41 42 39.85814432222401 0.1150647815437576
-0.25 0 42 43 38.75922087687974 0.1093586318620965
-0.25 0 43 44 37.64466083444987 0.1039785387010354
-0.25 0 44 45 36.52340259084298 0.09890257826393017
-0.25 0 45 46 35.40159340988603 0.09435163334750307
-0.25 0 46 47 34.33531034289024 1.270125036903059
-0.25 0 47 48 33.1768236544039 1.815700374513525
-0.25 0 48 49 32.08904656448203 1.659488978977232
-0.25 0 49 50 31.01969727459613 1.506404247025917
0 0.25 0 1 3191.076936335143 2.734886052360862
0 0.25 1 2 -6041.672811786848 1.597709944663234
0 0.25 2 3 -7436.690931885549 1.931949256528452
0 0.25 3 4 -5538.475027796975 1.723101964309101
0 0.25 4 5 -3977.263323005386 1.492396524535354
0 0.25 5 6 -2873.700070704995 1.331672750948993
0 0.25 6 7 -2103.926278606876 1.212186914446457
0 0.25 7 8 -1560.453347355611 1.100130254337919
0 0.25 8 9 -1169.965377415095 0.9999178272731158
0 0.25 9 10 -884.3854036490575 0.9102957247190498
0 0.25 10 11 -672.0258354482835 0.8316878773600836
0 0.25 11 12 -511.9196963079676 0.7619823980622711
0 0.25 12 13 -389.7040638876858 0.7001256462922926
0 0.25 13 14 -295.4388405882985 0.6450269807061129
0 0.25 14 15 -222.0983222423101 0.5957525694912328
0 0.25 15 16 -164.629179209724 0.5515128574986206
0 0.25 16 17 -119.3383105981814 0.5116428996220757
0 0.25 17 18 -83.48746650555063 0.475582474432156
0 0.25 18 19 -55.01978440627408 0.4428583396859483
0 0.25 19 20 -32.37203660583532 0.413069195391902
0 0.25 20 21 -14.34358004596197 0.3858732419317548
0 0.25 21 22 -0.003471219125003699 0.3609779972375132
0 0.25 22 23 11.37630801004423 0.338131996906388
0 0.25 23 24 20.36948504212057 0.3171180335322432
0 0.25 24 25 27.43134843947507 0.2977476381261458
0 0.25 25 26 32.92547142047579 0.2798565633038809
0 0.25 26 27 37.14383578775596 0.2633010714279199
0 0.25 27 28 40.32212953853809 0.2479548717049545
0 0.25 28 29 42.65147727878161 0.2337065812240082
0 0.25 29 30 44.28750781861254 0.2204576108132089
0 0.25 30 31 45.35741577349904 0.2081203970368815
0 0.25 31 32 45.96549898317886 0.1966169165757293
0 0.25 32 33 46.19752856891319 0.1858774326027851
0 0.25 33 34 46.12421828001453 0.1758394331721113
0 0.25 34 35 45.80399403777727 0.1664467267739594
0 0.25 35 36 45.2852162414319 0.1576486711449052
0 0.25 36 37 44.60797152870754 0.149399510874523
0 0.25 37 38 43.80552391014544 0.1416578083676531
0 0.25 38 39 42.90549495057576 0.1343859514413021
0 0.25 39 40 41.93082732051374 0.1275497274077237
0 0.25 40 41 40.90057445217423 0.1211179525659848
0 0.25 41 42 39.83054978969142 0.1150621488466523
0 0.25 42 43 38.73386239614973 0.1093562614886752
0 0.25 43 44 37.621360112513 0.1039764105278687
0 0.25 44 45 36.50199723769418 0.098900673361068
0 0.25 45 46 35.38193557537261 0.09434990546901713
0 0.25 46 47 34.31726442590343 1.270124915184399
0 0.25 47 48 33.16026865859905 1.815612051500401
0 0.25 48 49 32.0738663422251 1.65941096339712
0 0.25 49 50 31.00578776778906 1.506335853851106
0.25 0.5 0 1 3123.473706519477 2.419216636674796
0.25 0.5 1 2 -6086.208340497405 1.29125491144318
0.25 0.5 2 3 -7421.047919694214 1.903265077470802
0.25 0.5 3 4 -5518.310531898174 1.839402147440914
0.25 0.5 4 5 -3959.945868407185 1.706356810102112
0.25 0.5 5 6 -2859.90881834015 1.535393582988374
0.25 0.5 6 7 -2093.162627552594 1.374589231805242
0.25 0.5 7 8 -1552.093263562922 1.232973851299183
0.25 0.5 8 9 -1163.471966954832 1.110143742460239
0.25 0.5 9 10 -879.3387036175091 1.003602915066879
0.25 0.5 10 11 -668.1017002959975 0.9114762306155523
0.25 0.5 11 12 -508.8722993953647 0.8309146010042324
0.25 0.5 12 13 -387.3451885972499 0.760192422144635
0.25 0.5 13 14 -293.6236956892408 0.6977557531475905
0.25 0.5 14 15 -220.7147082034871 0.6423368553462376
0.25 0.5 15 16 -163.5895004134973 0.59290000940194
0.25 0.5 16 17 -118.5736854146298 0.5485952230929393
0.25 0.5 17 18 -82.94336272804139 0.5087207906893092
0.25 0.5 18 19 -54.65276179710168 0.4726936648154771
0.25 0.5 19 20 -32.14729603519368 0.4400261867762804
0.25 0.5 20 21 -14.23310410196086 0.410307825862012
0.25 0.5 21 22 0.0153981007188122 0.3831908082948818
0.25 0.5 22 23 11.3219659454021 0.3583787558291312
0.25 0.5 23 24 20.25691605667976 0.3356176526708691
0.25 0.5 24 25 27.27279289457829 0.3146886197603841
0.25 0.5 25 26 32.73095077814639 0.2954020988616053
0.25 0.5 26 27 36.92156899499651 0.2775931413881159
0.25 0.5 27 28 40.07886510364472 0.2611175692681113
0.25 0.5 28 29 42.39275958268945 0.2458488267359392
0.25 0.5 29 30 44.01789179524133 0.2316753851511581
0.25 0.5 30 31 45.08064080422719 0.2184985895837911
0.25 0.5 31 32 45.6846303896844 0.206230865546885
0.25 0.5 32 33 45.91507322279756 0.1947942147608147
0.25 0.5 33 34 45.84221943118524 0.1841189500109739
0.25 0.5 34 35 45.52410937624069 0.174142623886976
0.25 0.5 35 36 45.00878237211793 0.1648091200446825
0.25 0.5 36 37 44.33605738481333 0.1560678767446918
0.25 0.5 37 38 43.5389751301596 0.1478732224884111
0.25 0.5 38 39 42.64497083983053 0.1401838040775867
0.25 0.5 39 40 41.67683171059969 0.1329620944284878
0.25 0.5 40 41 40.65348151791716 0.1261739642910729
0.25 0.5 41 42 39.59062569025053 0.1197883120106191
0.25 0.5 42 43 38.50128344398217 0.1137767393832124
0.25 0.5 43 44 37.3962280509347 0.1081132692268572
0.25 0.5 44 45 36.28435210195414 0.1027740970116906
0.25 0.5 45 46 35.17177339128472 0.09796783796921789
0.25 0.5 46 47 34.11477265226492 1.261598080654073
0.25 0.5 47 48 32.96523145989704 1.805338244352186
0.25 0.5 48 49 31.88604325792622 1.649947720974617
0.25 0.5 49 50 30.82504067248095 1.4976844126413
0.5 0.75 0 1 2993.320096946358 2.439835921776733
0.5 0.75 1 2 -6165.319980646018 1.379430390074128
0.5 0.75 2 3 -7382.224242152886 1.928056083965408
0.5 0.75 3 4 -5470.388056330462 1.712020922359334
0.5 0.75 4 5 -3917.565442050881 1.47899569729298
0.5 0.75 5 6 -2824.695878121379 1.28607151675648
0.5 0.75 6 7 -2064.328086447036 1.141800397160983
0.5 0.75 7 8 -1528.496633285087 1.035002072191154
0.5 0.75 8 9 -1144.083573428664 0.9395490610680077
0.5 0.75 9 10 -863.3194879226367 0.8549857612611991
0.5 0.75 10 11 -654.7867420614607 0.7809089532314788
0.5 0.75 11 12 -497.7429781268197 0.7153100541503502
0.5 0.75 12 13 -377.9938737353853 0.6571645698517725
0.5 0.75 13 14 -285.7287602545875 0.6054107861124076
0.5 0.75 14 15 -214.020596536981 0.5591497470588201
0.5 0.75 15 16 -157.8916308337025 0.5176271758937755
0.5 0.75 16 17 -113.7070627389812 0.4802112899819934
0.5 0.75 17 18 -78.77396774512931 0.4463719189835113
0.5 0.75 18 19 -51.07100335122527 0.4156625235794478
0.5 0.75 19 20 -29.06299568570898 0.3877052825260561
0.5 0.75 20 21 -11.57162459858819 0.3621789299788407
0.5 0.75 21 22 2.316165094599683 0.3388089023416022
0.5 0.75 22 23 13.31396180159402 0.3173593671463165
0.5 0.75 23 24 21.98378104806852 0.2976267665051274
0.5 0.75 24 25 28.7713506469413 0.2794345697478438
0.5 0.75 25 26 34.03239720825468 0.2626289936648832
0.5 0.75 26 27 38.05243058379153 0.2470754944976761
0.5 0.75 27 28 41.06177584500176 0.2326558797504249
0.5 0.75 28 29 43.24709443227391 0.2192659185221656
0.5 0.75 29 30 44.76028582850131 0.206813354636945
0.5 0.75 30 31 45.72541679981066 0.1952162467454854
0.5 0.75 31 32 46.2441526219028 0.1844015755858373
0.5 0.75 32 33 46.40004147289744 0.1743040693507356
0.5 0.75 33 34 46.26191432376731 0.1648652094901177
0.5 0.75 34 35 45.88659789425986 0.1560323848876346
0.5 0.75 35 36 45.32109064334469 0.1477581704330995
0.5 0.75 36 37 44.60431645996096 0.139999708041441
0.5 0.75 37 38 43.76854437539134 0.1327181745839146
0.5 0.75 38 39 42.8405427106361 0.1258783223628128
0.5 0.75 39 40 41.84252097952447 0.1194480808523649
0.5 0.75 40 41 40.7929014765075 0.1133982111558833
0.5 0.75 41 42 39.70695340407673 0.1077020038124756
0.5 0.75 42 43 38.59731577518971 0.1023350154352642
0.5 0.75 43 44 37.47442987238412 0.09727483648455125
0.5 0.75 44 45 36.34689788845836 0.09250088847165865
0.5 0.75 45 46 35.22059390280623 0.08824298458865217
0.5 0.75 46 47 34.15052077428118 1.245113023683425
0.5 0.75 47 48 32.99129821126155 1.783869067222665
0.5 0.75 48 49 31.90287209238988 1.6303128360897
0.5 0.75 49 50 30.83380952228097 1.479867244556377
0.75 1 0 1 2797.926259458629 1.481407738180649
0.75 1 1 2 -6292.864847814086 1.398855368451839
0.75 1 2 3 -7333.678967442575 1.905766691569006
0.75 1 3 4 -5406.656911405828 1.68010803793385
0.75 1 4 5 -3860.279238797246 1.448707576348201
0.75 1 5 6 -2776.457125184091 1.261061819629542
0.75 1 6 7 -2024.267621758185 1.110781581379246
0.75 1 7 8 -1495.212257731022 0.988390108238099
0.75 1 8 9 -1116.289059035854 0.8865415363173434
0.75 1 9 10 -839.9592579387008 0.8000773074670738
0.75 1 10 11 -635.0179187374597 0.7264354994561846
0.75 1 11 12 -480.9056154289865 0.6623760369273035
0.75 1 12 13 -363.5654618343824 0.6062956959466123
0.75 1 13 14 -273.2941978029212 0.5568108432812239
0.75 1 14 15 -203.2477134243318 0.5128495515683718
0.75 1 15 16 -148.5125872595888 0.4735659671059076
0.75 1 16 17 -105.5042640051827 0.4382821019573905
0.75 1 17 18 -71.56936656351286 0.40644715813558
0.75 1 18 19 -44.71792555654702 0.3776083961175267
0.75 1 19 20 -23.43984746807473 0.3513898186610485
0.75 1 20 21 -6.577009566741481 0.3274762816173311
0.75 1 21 22 6.767265177866761 0.3056014571721078
0.75 1 22 23 17.2931975393476 0.2855385857623067
0.75 1 23 24 25.55182607069833 0.2670932810472859
0.75 1 24 25 31.9798133862505 0.2500978689203026
0.75 1 25 26 36.92535983191635 0.2344068886139274
0.75 1 26 27 40.66769549804337 0.2198934836820521
0.75 1 27 28 43.43188122191884 0.2064464820150508
0.75 1 28 29 45.4001460840002 0.1939680160746771
0.75 1 29 30 46.72064214533702 0.1823715677603406
0.75 1 30 31 47.51425542994946 0.1715803520485468
0.75 1 31 32 47.87994144630358 0.1615259730624115
0.75 1 32 33 47.8989317233129 0.1521472982748243
0.75 1 33 34 47.63807004702522 0.1433895125444603
0.75 1 34 35 47.15247313608342 0.135203316721228
0.75 1 35 36 46.48766350169075 0.127544247887184
0.75 1 36 37 45.68128740597547 0.1203720978085413
0.75 1 37 38 44.76450485829554 0.1136504154421029
0.75 1 38 39 43.76311895140663 0.1073460774799988
0.75 1 39 40 42.69849697774504 0.1014289175431633
0.75 1 40 41 41.58832454108085 0.095871405506887
0.75 1 41 42 40.44722494268382 0.09064836593459591
0.75 1 42 43 39.28726961038484 0.08573673478169364
0.75 1 43 44 38.11839997364035 0.08111534399796899
0.75 1 44 45 36.94877709272001 0.07676473393607448
0.75 1 45 46 35.78390040093018 0.07317852710912852
0.75 1 46 47 34.67747157361163 1.218694678871808
0.75 1 47 48 33.48468736900151 1.737286710394754
0.75 1 48 49 32.36639393484748 1.587106673770758
0.75 1 49 50 31.26980045287689 1.440003882882023
1 1.25 0 1 2552.900521058886 1.434009261639929
1 1.25 1 2 -6453.892204986614 2.594502914013259
1 1.25 2 3 -7278.836893595004 2.963379444605923
1 1.25 3 4 -5337.768288850611 2.500257659767668
1 1.25 4 5 -3801.795336031669 2.085404292785306
1 1.25 5 6 -2729.794741514866 1.762139395854466
1 1.25 6 7 -1987.414909298644 1.510978734685265
1 1.25 7 8 -1466.007038674324 1.312467093732716
1 1.25 8 9 -1092.981005258524 1.153090109434355
1 1.25 9 10 -821.2118719014811 1.021588847660123
1 1.25 10 11 -619.8247340978301 0.9127105742586862
1 1.25 11 12 -468.5124553507117 0.8205989677694095
1 1.25 12 13 -353.3971995382501 0.7419014311813527
1 1.25 13 14 -264.9086710678032 0.6739752484000214
1 1.25 14 15 -196.3013632506375 0.6148247316340117
1 1.25 15 16 -142.7358025476688 0.5629163475508774
1 1.25 16 17 -100.6835341343663 0.5170529620509015
1 1.25 17 18 -67.53421577132781 0.4762866587729435
1 1.25 18 19 -41.33123307947699 0.4398571749673202
1 1.25 19 20 -20.59059116124695 0.4071476607818393
1 1.25 20 21 -4.174765012289299 0.3776523637243147
1 1.25 21 22 8.796538517924319 0.3509526656279286
1 1.25 22 23 19.01041546296995 0.3266990640252146
1 1.25 23 24 27.00732270423623 0.3045974484962012
1 1.25 24 25 33.21534157308395 0.2843985248771879
1 1.25 25 26 37.97567628098886 0.2658895761205307
1 1.25 26 27 41.56182537938832 0.2488879791896629
1 1.25 27 28 44.19413327404311 0.2332360557049149
1 1.25 28 29 46.05093208322126 0.2187969472406593
1 1.25 29 30 47.27714189664152 0.2054512842911891
1 1.25 30 31 47.99095900193333 0.1930944767357148
1 1.25 31 32 48.28909327995444 0.1816344938844986
1 1.25 32 33 48.25089587721294 0.1709900338769614
1 1.25 33 34 47.94163173673974 0.1610890056558248
1 1.25 34 35 47.41508857159431 0.1518672616056918
1 1.25 35 36 46.7156675796756 0.1432675351774247
1 1.25 36 37 45.88006690772136 0.1352385443982123
1 1.25 37 38 44.93864330528157 0.1277342333157225
1 1.25 38 39 43.9165180907662 0.1207131253925408
1 1.25 39 40 42.8344789317149 0.1141377717436852
1 1.25 40 41 41.70971790586884 0.1079742771532836
1 1.25 41 42 40.5564375275062 0.1021918916205207
1 1.25 42 43 39.38635001842914 0.09676265763083051
1 1.25 43 44 38.20908984389831 0.09166110348642735
1 1.25 44 45 37.03255550418325 0.08686397663990025
1 1.25 45 46 35.86204597258691 0.08258259599289955
1 1.25 46 47 34.70499680766258 0.0796613467772142
1 1.25 47 48 33.5588311908561 1.701483424722039
1 1.25 48 49 32.43739277591766 1.554316216450755
1 1.25 49 50 31.3383030616335 1.410257372217802
1.25 1.5 0 1 2281.496545663122 2.887892399458908
1.25 1.5 1 2 -6588.672113891678 3.422957342688993
1.25 1.5 2 3 -7164.694810629519 2.056532691293032
1.25 1.5 3 4 -5213.80628518395 1.837314417122512
1.25 1.5 4 5 -3697.077359553375 1.592759693866325
1.25 1.5 5 6 -2645.399516096199 1.380587425280716
1.25 1.5 6 7 -1920.007066615278 1.204437852459672
1.25 1.5 7 8 -1412.05394365257 1.058863974271969
1.25 1.5 8 9 -1049.578969405391 0.9389628240244241
1.25 1.5 9 10 -786.005116210928 0.8363636642110082
1.25 1.5 10 11 -591.1460170983205 0.7512306529538191
1.25 1.5 11 12 -445.0042714266638 0.6778935877926276
1.25 1.5 12 13 -334.0342807508152 0.6145883781411303
1.25 1.5 13 14 -248.8953102105631 0.5594863817706482
1.25 1.5 14 15 -183.0142314269249 0.5111659391679478
1.25 1.5 15 16 -131.6821074825064 0.4685096869828619
1.25 1.5 16 17 -91.4702925244917 0.4306294857608781
1.25 1.5 17 18 -59.84551401276553 0.3968115982481302
1.25 1.5 18 19 -34.91124003716664 0.3664764306842456
1.25 1.5 19 20 -15.23073986174063 0.3391487067673271
1.25 1.5 20 21 0.2960172529160445 0.3144351425020401
1.25 1.5 21 22 12.51934892408372 0.2920075584822363
1.25 1.5 22 23 22.10221502536763 0.2715899681803553
1.25 1.5 23 24 29.56551030595358 0.2529486057189044
1.25 1.5 24 25 35.32136540011481 0.2358841463975043
1.25 1.5 25 26 39.69790629520071 0.2202255840113714
1.25 1.5 26 27 42.95785363804123 0.2058253660035015
1.25 1.5 27 28 45.31262770190756 0.1942611817299114
1.25 1.5 28 29 46.9331391207794 0.1835320860974184
1.25 1.5 29 30 47.95811114049218 0.1735344474478682
1.25 1.5 30 31 48.50054630340333 0.1642061631067507
1.25 1.5 31 32 48.65278623406829 0.1554916350295609
1.25 1.5 32 33 48.49049612532923 0.1473409551869225
1.25 1.5 33 34 48.07582122881246 0.1397092085185792
1.25 1.5 34 35 47.4599013270078 0.1325558736002043
1.25 1.5 35 36 46.6848841338678 0.1258443069687063
1.25 1.5 36 37 45.7855452349001 0.1195412973970665
1.25 1.5 37 38 44.79059733488003 0.113616679609293
1.25 1.5 38 39 43.72375282523387 0.10804299869863
1.25 1.5 39 40 42.60458949482535 0.1027952172039204
1.25 1.5 40 41 41.44925851076118 0.0978504602704814
1.25 1.5 41 42 40.27106527827854 0.09318779047499422
1.25 1.5 42 43 39.08094759021932 0.08878801190661129
1.25 1.5 43 44 37.88787038665396 0.08463349611465752
1.25 1.5 44 45 36.69915254013247 0.08070802928806867
1.25 1.5 45 46 35.51961766997312 0.07722431355974804
1.25 1.5 46 47 34.35620917665005 0.07500120045349286
1.25 1.5 47 48 33.20796699998309 1.640314494239812
1.25 1.5 48 49 32.0844541212152 1.497837512477547
1.25 1.5 49 50 30.98497843198706 1.35837948948577
1.5 1.75 0 1 1946.570864772011 1.288180996197303
1.5 1.75 1 2 -6797.769278035183 1.654552664245205
1.5 1.75 2 3 -7070.094094643135 2.169316987144715
1.5 1.75 3 4 -5093.497856555179 1.978265482388499
1.5 1.75 4 5 -3588.047439720312 1.717861220733214
1.5 1.75 5 6 -2552.338159185135 1.47709382413031
1.5 1.75 6 7 -1841.669576388633 1.274093054145333
1.5 1.75 7 8 -1346.176592035154 1.106724473726994
1.5 1.75 8 9 -993.9385212301813 0.9708975349643706
1.5 1.75 9 10 -738.7731477660518 0.8562172936697601
1.5 1.75 10 11 -550.8346016812484 0.7620731227612979
1.5 1.75 11 12 -410.3978843744294 0.6822299643486507
1.5 1.75 12 13 -304.1649760627033 0.6141601730746559
1.5 1.75 13 14 -222.9835382663232 0.555575635315131
1.5 1.75 14 15 -160.4287644227927 0.5047217852743934
1.5 1.75 15 16 -111.9086405179594 0.4602396090622872
1.5 1.75 16 17 -74.08709712988048 0.4210644189943782
1.5 1.75 17 18 -44.50459074997138 0.3863524001032771
1.5 1.75 18 19 -21.32368716392625 0.3554272484456001
1.5 1.75 19 20 -3.155337331046212 0.3277411395540794
1.5 1.75 20 21 11.06176996032116 0.3028459044608814
1.5 1.75 21 22 22.14631502479187 0.2803715173658463
1.5 1.75 22 23 30.73525438140018 0.2600098628759755
1.5 1.75 23 24 37.32799055344401 0.2415023547516464
1.5 1.75 24 25 42.31879676184906 0.2246303932775408
1.5 1.75 25 26 46.02088788747096 0.209207936836135
1.5 1.75 26 27 48.68447528526644 0.1950756641089778
1.5 1.75 27 28 50.51043842658817 0.1820963460707072
1.5 1.75 28 29 51.66076869693723 0.1701511463992225
1.5 1.75 29 30 52.26661228031293 0.1591366394357889
1.5 1.75 30 31 52.43451065831317 0.1489623907444706
1.5 1.75 31 32 52.25127632588453 0.1395489790845717
1.5 1.75 32 33 51.78782674587853 0.1308263692031244
1.5 1.75 33 34 51.10221716773412 0.1227325658260119
1.5 1.75 34 35 50.24205304681561 0.1152124916689305
1.5 1.75 35 36 49.24641888216485 0.1082170506550438
1.5 1.75 36 37 48.1474278077842 0.1017023374072556
1.5 1.75 37 38 46.97147209438668 0.09562897151998595
1.5 1.75 38 39 45.74023648406421 0.08996152992032191
1.5 1.75 39 40 44.47152249963108 0.08466806464473786
1.5 1.75 40 41 43.1799214889603 0.07971968859501458
1.5 1.75 41 42 41.87736592050641 0.07509022006843383
1.5 1.75 42 43 40.57358242713278 0.07075587568002217
1.5 1.75 43 44 39.27646519215918 0.06669500455150287
1.5 1.75 44 45 37.99238448226043 0.06288785665981346
1.5 1.75 45 46 36.72534539337292 0.05977710515224811
1.5 1.75 46 47 35.48150062930321 0.05901054672275885
1.5 1.75 47 48 34.2651729998546 1.57350293369971
1.5 1.75 48 49 33.07329748220465 1.435445140354799
1.5 1.75 49 50 31.91077252250776 1.300490687321802
1.75 2 0 1 1613.319365903507 1.400325920170908
1.75 2 1 2 -6969.323284377277 4.55570076836686
1.75 2 2 3 -6947.836086586079 3.592720690351368
1.75 2 3 4 -4971.867225808346 2.746001499200908
1.75 2 4 5 -3494.015697174275 2.173174557364163
1.75 2 5 6 -2482.151532459142 1.774314137894188
1.75 2 6 7 -1789.301267377798 1.484343961842504
1.75 2 7 8 -1306.792968029099 1.265473478282975
1.75 2 8 9 -964.0401255403544 1.095249021999956
1.75 2 9 10 -715.8858821421377 0.9591271321184701
1.75 2 10 11 -533.2109783158146 0.8481710747567741
1.75 2 11 12 -396.7728494079415 0.7560750353062006
1.75 2 12 13 -293.6140721243178 0.6785017334443763
1.75 2 13 14 -214.8190880364612 0.6123444491818048
1.75 2 14 15 -154.1317528298327 0.5553223630632629
1.75 2 15 16 -107.0823016934817 0.5057242317084184
1.75 2 16 17 -70.42472249765069 0.4622413098660261
1.75 2 17 18 -41.76679921535492 0.4238555642863712
1.75 2 18 19 -19.32210051815105 0.38976308571047
1.75 2 19 20 -1.740668421703617 0.3593204734580535
1.75 2 20 21 12.00853629842698 0.3320065616094988
1.75 2 21 22 22.72053769016475 0.3073946073501461
1.75 2 22 23 31.01365784452173 0.2851317538604975
1.75 2 23 24 37.3725173527738 0.264923640566489
1.75 2 24 25 42.17959100544761 0.2465227153195699
1.75 2 25 26 45.73862537516311 0.2297192493015849
1.75 2 26 27 48.2921971389685 0.2143343506860885
1.75 2 27 28 50.03500381629374 0.2002144775881645
1.75 2 28 29 51.12401279779101 0.1872270849117005
1.75 2 29 30 51.68627432302588 0.1752571433424298
1.75 2 30 31 51.82498138652483 0.1642043299408111
1.75 2 31 32 51.6242026760703 0.1539807450228139
1.75 2 32 33 51.15260298666033 0.1445090440326283
1.75 2 33 34 50.46638526211228 0.1357208967429238
1.75 2 34 35 49.61163008422648 0.1275557110454652
1.75 2 35 36 48.62616565455113 0.119959567835272
1.75 2 36 37 47.54106969476271 0.1128843284592977
1.75 2 37 38 46.38188115654754 0.1062868814168533
1.75 2 38 39 45.1695818957445 0.100128505831706
1.75 2 39 40 43.92139505652821 0.09437432840571613
1.75 2 40 41 42.65143682680196 0.08899285988687498
1.75 2 41 42 41.37125020115414 0.08395559806002137
1.75 2 42 43 40.09024355230656 0.07923668385944312
1.75 2 43 44 38.81605204135062 0.07481260606581426
1.75 2 44 45 37.55483622065938 0.0706619435634683
1.75 2 45 46 36.31047560488869 0.06700079795149018
1.75 2 46 47 35.04319453035376 1.23256540741504
1.75 2 47 48 33.88653589589893 1.488992388020664
1.75 2 48 49 32.71614245560338 1.357758650279373
1.75 2 49 50 31.57448615612051 1.229465271352479
2 2.25 0 1 1239.479540049528 1.345398385499321
2 2.25 1 2 -7159.336802271609 1.710777406529953
2 2.25 2 3 -6807.560114324277 1.943249517486225
2 2.25 3 4 -4806.220914842261 1.659340432991314
2 2.25 4 5 -3343.117338002661 1.414203524888646
2 2.25 5 6 -2351.762809283163 1.22448775725478
2 2.25 6 7 -1678.312853366296 1.074993383364655
2 2.25 7 8 -1212.617163517851 0.9539826106065238
2 2.25 8 9 -884.0073379347505 0.8531850220320636
2 2.25 9 10 -647.6323275173841 0.7682657614642668
2 2.25 10 11 -474.7476305962332 0.6954214507266545
2 2.25 11 12 -346.4628919224133 0.6323153001438285
2 2.25 12 13 -250.1205486848155 0.5771520053515843
2 2.25 13 14 -177.0511868770789 0.5285654011292339
2 2.25 14 15 -121.1974608785822 0.4854922290861982
2 2.25 15 16 -78.24923480630014 0.4470898679956987
2 2.25 16 17 -45.08862693557398 0.412680490939053
2 2.25 17 18 -19.42653386763891 0.3817118872205519
2 2.25 18 19 0.4401515677504904 0.3537292257511571
2 2.25 19 20 15.79372124315569 0.3283542503148814
2 2.25 20 21 27.60997371811129 0.3052696659182083
2 2.25 21 22 36.63859456759258 0.2842072383218847
2 2.25 22 23 43.46049796129239 0.2649386015224537
2 2.25 23 24 48.52928164923014 0.2472680718112592
2 2.25 24 25 52.20156596936465 0.2310269726503761
2 2.25 25 26 54.75944881387295 0.2160691085078961
2 2.25 26 27 56.42729833840542 0.2022671250182008
2 2.25 27 28 57.38443151776437 0.1895095567775268
2 2.25 28 29 57.77477107552562 0.1776984170823983
2 2.25 29 30 57.71426084662005 0.1667472150562779
2 2.25 30 31 57.29660279340334 0.1565793144806327
2 2.25 31 32 56.5977264738317 0.1471265679280645
2 2.25 32 33 55.67929347295512 0.1383281725652271
2 2.25 33 34 54.59146160579746 0.1301297074275623
2 2.25 34 35 53.37507735397622 0.122482318792848
2 2.25 35 36 52.0634237580706 0.1153420285580068
2 2.25 36 37 50.68362056061505 0.1086691429852615
2 2.25 37 38 49.25775079015187 0.1024277466497298
2 2.25 38 39 47.8037709675568 0.09658526638055624
2 2.25 39 40 46.33624928640666 0.09111209519309932
2 2.25 40 41 44.866966483081 0.08598126528343726
2 2.25 41 42 43.40540646097719 0.08116816452718524
2 2.25 42 43 41.95915817178093 0.07665028859872634
2 2.25 43 44 40.53424573524487 0.07240702354715385
2 2.25 44 45 39.13540027910696 0.06841945560241805
2 2.25 45 46 37.76525260281417 0.06509568392501731
2 2.25 46 47 36.42855982731851 0.06395506879733452
2 2.25 47 48 35.12633151716807 0.06497241115704219
2 2.25 48 49 33.84804302063515 1.329851327056798
2 2.25 49 50 32.61798095649863 1.205288875931465
2.25 2.5 0 1 864.6784684974391 0.3651355221656355
2.25 2.5 1 2 -7302.940499558279 1.789512236739577
2.25 2.5 2 3 -6599.692253519083 1.977790376456509
2.25 2.5 3 4 -4595.277909456124 1.693169352263482
2.25 2.5 4 5 -3169.29245483 1.469619686352531
2.25 2.5 5 6 -2214.098053752204 1.292855729679047
2.25 2.5 6 7 -1569.894092457889 1.141291849572898
2.25 2.5 7 8 -1126.849088361481 1.013468602556224
2.25 2.5 8 9 -815.6503289736675 0.9048529238192018
2.25 2.5 9 10 -592.7173288518284 0.8125975996475688
2.25 2.5 10 11 -430.3065504978601 0.7332817655517401
2.25 2.5 11 12 -310.2646335568627 0.6646416708298161
2.25 2.5 12 13 -220.4733452778803 0.6048095521597612
2.25 2.5 13 14 -152.6581404512044 0.5523070344321949
2.25 2.5 14 15 -101.0532439588758 0.5059562058271432
2.25 2.5 15 16 -61.56619762341029 0.4648107412935053
2.25 2.5 16 17 -31.24354317133134 0.4281036614369419
2.25 2.5 17 18 -7.921813342789847 0.3952079022388456
2.25 2.5 18 19 10.00504609127813 0.3656064745735322
2.25 2.5 19 20 23.74358921367286 0.338869740916145
2.25 2.5 20 21 34.20995609904435 0.314637978389071
2.25 2.5 21 22 42.10643635211943 0.2926078868297203
2.25 2.5 22 23 47.97599549235099 0.2725220614519124
2.25 2.5 23 24 52.24162990738 0.2541607109311722
2.25 2.5 24 25 55.23512244515905 0.237335088255016
2.25 2.5 25 26 57.21829145862807 0.2218822416713571
2.25 2.5 26 27 58.39885646756272 0.2076607876674066
2.25 2.5 27 28 58.94239784503316 0.1945474841797321
2.25 2.5 28 29 58.98145180701164 0.1824344332972159
2.25 2.5 29 30 58.62248323058884 0.1712267840298859
2.25 2.5 30 31 57.95127173903961 0.1608408338270976
2.25 2.5 31 32 57.0371011057772 0.1512024509692462
2.25 2.5 32 33 55.93603884385743 0.1422457569880424
2.25 2.5 33 34 54.69351890447723 0.1339120196011449
2.25 2.5 34 35 53.34638683347345 0.1261487195711046
2.25 2.5 35 36 51.92452758069896 0.1189087589102291
2.25 2.5 36 37 50.45216729194095 0.1121497873810459
2.25 2.5 37 38 48.94891899807897 0.1058336269152653
2.25 2.5 38 39 47.43062601965585 0.09992577686739333
2.25 2.5 39 40 45.91004477862489 0.09439498874501767
2.25 2.5 40 41 44.39739960401297 0.08921289815819311
2.25 2.5 41 42 42.90083491711019 0.0843537054849509
2.25 2.5 42 43 41.42678491911354 0.07979389815260536
2.25 2.5 43 44 39.98027667764728 0.07551200790589963
2.25 2.5 44 45 38.56517919360638 0.07148839872652397
2.25 2.5 45 46 37.18342028665819 0.06792274077600165
2.25 2.5 46 47 35.83902338021275 0.06559706316158118
2.25 2.5 47 48 34.4852547060708 1.050115302380283
2.25 2.5 48 49 33.25565076237169 1.242694891051775
2.25 2.5 49 50 32.02658222775317 1.12428205793847
2.5 2.75 0 1 444.7563010030194 1.335045635567733
2.5 2.75 1 2 -7474.873613254103 2.180285262917387
2.5 2.75 2 3 -6401.909167152602 3.294933836704857
2.5 2.75 3 4 -4389.058632878684 2.892138806462587
2.5 2.75 4 5 -2994.095103841538 2.448053028758855
2.5 2.75 5 6 -2070.451924970426 2.081817176619732
2.5 2.75 6 7 -1452.697915872547 1.789435857097746
2.5 2.75 7 8 -1030.869892932689 1.554701583894372
2.5 2.75 8 9 -736.5353439759888 1.363575271590076
2.5 2.75 9 10 -527.0340140570825 1.206031614815748
2.5 2.75 10 11 -375.394287159731 1.074250524002466
2.5 2.75 11 12 -264.0572884552514 0.9627698077228051
2.5 2.75 12 13 -181.3579615940512 0.8674794555025174
2.5 2.75 13 14 -119.3655795980405 0.7852805365789625
2.5 2.75 14 15 -72.57632353925533 0.713800271333795
2.5 2.75 15 16 -37.09878000345475 0.6511951988900073
2.5 2.75 16 17 -10.13510993185764 0.5960136269914983
2.5 2.75 17 18 10.35662277030201 0.5470981368956868
2.5 2.75 18 19 25.88672925250876 0.5035154416663743
2.5 2.75 19 20 37.58570309257959 0.4645051799693226
2.5 2.75 20 21 46.30878216674535 0.4294420085096786
2.5 2.75 21 22 52.70913092607998 0.3978071691054775
2.5 2.75 22 23 57.28981697051154 0.3691669006734523
2.5 2.75 23 24 60.44122587003335 0.3431558609050469
2.5 2.75 24 25 62.46832757394918 0.3194642602405324
2.5 2.75 25 26 63.61077283331508 0.2978277782271285
2.5 2.75 26 27 64.0578596519058 0.2780195883835345
2.5 2.75 27 28 63.95978621680723 0.2598439963694398
2.5 2.75 28 29 63.43618649924144 0.2431313253906586
2.5 2.75 29 30 62.58265740971137 0.227733772517718
2.5 2.75 30 31 61.47578763970995 0.2135220296579356
2.5 2.75 31 32 60.17705904036859 0.2003825090507254
2.5 2.75 32 33 58.73589273795267 0.1882150511925932
2.5 2.75 33 34 57.19204160875529 0.1769310213602219
2.5 2.75 34 35 55.57747970902977 0.1664517188645907
2.5 2.75 35 36 53.91790201847732 0.1567070420313534
2.5 2.75 36 37 52.2339204633175 0.1476343616494003
2.5 2.75 37 38 50.54202189724927 0.1391775662975381
2.5 2.75 38 39 48.85533849207678 0.1312862497981848
2.5 2.75 39 40 47.18426954780097 0.1239150163809082
2.5 2.75 40 41 45.53698514894126 0.117022885012419
2.5 2.75 41 42 43.91983532578013 0.1105727756917686
2.5 2.75 42 43 42.33768342823146 0.1045310660426817
2.5 2.75 43 44 40.79417847531363 0.09886720642063561
2.5 2.75 44 45 39.291978124362 0.09355338489741596
2.5 2.75 45 46 37.83198239608413 0.08871555161945369
2.5 2.75 46 47 36.41719400672392 0.08488949837979165
2.5 2.75 47 48 35.04731278649817 0.08211038100342856
2.5 2.75 48 49 33.67571219915021 0.9129492092365586
2.5 2.75 49 50 32.43303222874214 1.065154265604012
2.75 3 0 1 -5.251997217275743 1.377656683968292
2.75 3 1 2 -7596.958783761062 7.119654895926591
2.75 3 2 3 -6130.746328962145 6.835625519149298
2.75 3 3 4 -4119.716038862659 5.463413493831492
2.75 3 4 5 -2768.835991195333 4.39957662027986
2.75 3 5 6 -1888.189787207203 3.615424942605218
2.75 3 6 7 -1305.876454742988 3.026989060413357
2.75 3 7 8 -912.1039358019584 2.574014261674511
2.75 3 8 9 -639.8006795145288 2.217245690402347
2.75 3 9 10 -447.6559790886151 1.930245520432715
2.75 3 10 11 -309.7882291158826 1.695494273923534
2.75 3 11 12 -209.4726603328052 1.500608532811012
2.75 3 12 13 -135.6702606919837 1.336768692714161
2.75 3 13 14 -80.91956540215119 1.197523494538918
2.75 3 14 15 -40.07031519043744 1.07805614700984
2.75 3 15 16 -9.499665042827701 0.9747040298860233
2.75 3 16 17 13.38430028974813 0.8846365992978884
2.75 3 17 18 30.46410144372874 0.8056344755175471
2.75 3 18 19 43.12547360363669 0.7359347831314548
2.75 3 19 20 52.40068456969027 0.6741208315164813
2.75 3 20 21 59.06686908640813 0.6190420760466161
2.75 3 21 22 63.71460005607594 0.569755143976814
2.75 3 22 23 66.7964179423401 0.5254797652311355
2.75 3 23 24 68.66164387050208 0.4855654140208095
2.75 3 24 25 69.58166420203668 0.4494657581259655
2.75 3 25 26 69.76850397120762 0.4167188744704048
2.75 3 26 27 69.38861316643295 0.386931775737643
2.75 3 27 28 68.57319793908573 0.3597681950632002
2.75 3 28 29 67.42603100661563 0.334938860571608
2.75 3 29 30 66.02940427913711 0.3121936887928718
2.75 3 30 31 64.44869957975334 0.2913154725906104
2.75 3 31 32 62.73592249684009 0.2721147413115205
2.75 3 32 33 60.93245196908964 0.2544255476392133
2.75 3 33 34 59.07119222425092 0.2381019940608229
2.75 3 34 35 57.17826610890728 0.2230153512633022
2.75 3 35 36 55.27435419401158 0.2090516556728816
2.75 3 36 37 53.37575862024698 0.1961096956085959
2.75 3 37 38 51.49525185383811 0.1840993151838008
2.75 3 38 39 49.64275645337531 0.1729399794934106
2.75 3 39 40 47.82589140590477 0.1625595551385572
2.75 3 40 41 46.05041268909537 0.1528932700957821
2.75 3 41 42 44.32056951456707 0.1438828223790399
2.75 3 42 43 42.63939316082477 0.1354756141531363
2.75 3 43 44 41.00893172192957 0.1276240904485862
2.75 3 44 45 39.43044123421637 0.120285167374023
2.75 3 45 46 37.9036399965095 0.1135276285549554
2.75 3 46 47 36.43035184682282 0.1077177987505448
2.75 3 47 48 35.00937490667322 0.1028747164924387
2.75 3 48 49 33.64010376811623 0.09893825449330929
2.75 3 49 50 32.27492850504339 0.7884181028884001
3 3.25 0 1 -464.8886199933994 1.749525532682355
3 3.25 1 2 -7577.134468248229 12.59185439524611
3 3.25 2 3 -5730.773719909352 10.66153806499273
3 3.25 3 4 -3757.271150504508 8.23725448252101
3 3.25 4 5 -2477.498828370357 6.512637222102605
3 3.25 5 6 -1658.859902752122 5.285441490901998
3 3.25 6 7 -1125.206535177807 4.383362017620085
3 3.25 7 8 -768.7662333917469 3.698876318448963
3 3.25 8 9 -525.1046709755544 3.165477720181413
3 3.25 9 10 -355.1025586527414 2.740247879933916
3 3.25 10 11 -234.5230898832058 2.394965606214455
3 3.25 11 12 -147.8467550017824 2.110148420645777
3 3.25 12 13 -84.91239405743136 1.872055306617856
3 3.25 13 14 -38.90173586652531 1.670730517923907
3 3.25 14 15 -5.140309256047885 1.498799605540592
3 3.25 15 16 19.63884854771754 1.350693301397602
3 3.25 16 17 37.75840172913763 1.222133232961323
3 3.25 17 18 50.89488288211282 1.109782625174922
3 3.25 18 19 60.2747654484557 1.011003758638703
3 3.25 19 20 66.80596125413683 0.9236861805403582
3 3.25 20 21 71.16761171675603 0.8461228361122948
3 3.25 21 22 73.87241476124223 0.7769192992683581
3 3.25 22 23 75.31053942762355 0.7149262769836696
3 3.25 23 24 75.78099199734118 0.6591887459917387
3 3.25 24 25 75.51429974029554 0.6089071528710192
3 3.25 25 26 74.68910319056783 0.5634074838292434
3 3.25 26 27 73.44441974275708 0.5221179371181291
3 3.25 27 28 71.88879471911531 0.4845505683028175
3 3.25 28 29 70.10718992741704 0.4502867202284757
3 3.25 29 30 68.16621092228337 0.4189653622676653
3 3.25 30 31 66.11810303900211 0.3902736871348288
3 3.25 31 32 64.00382701694366 0.3639394734326409
3 3.25 32 33 61.85544101015091 0.3397248416047388
3 3.25 33 34 59.69795600946418 0.3174211169227073
3 3.25 34 35 57.55078870407095 0.296844578323441
3 3.25 35 36 55.42890460093327 0.2778329213931894
3 3.25 36 37 53.34372138642254 0.2602422996138269
3 3.25 37 38 51.30382568063666 0.2439448377894058
3 3.25 38 39 49.31554377912039 0.2288265320735508
3 3.25 39 40 47.38339757955006 0.2147854691801787
3 3.25 40 41 45.51046988434018 0.2017303094531491
3 3.25 41 42 43.69869777929168 0.1895789901585271
3 3.25 42 43 41.94910876635151 0.1782576123184037
3 3.25 43 44 40.26201119482174 0.1676994820013672
3 3.25 44 45 38.63714800338212 0.1578442819487923
3 3.25 45 46 37.07298380780988 0.1487118858733579
3 3.25 46 47 35.57005799322455 0.1405307976405589
3 3.25 47 48 34.12623047936657 0.133294155392809
3 3.25 48 49 32.74001865698689 0.1269457759878678
3 3.25 49 50 31.40963440985399 0.1211789731270406
3.25 3.5 0 1 -875.5377080734206 2.743509536655518
3.25 3.5 1 2 -7287.461880156227 22.85845831876222
3.25 3.5 2 3 -5136.887181202363 16.05039097145274
3.25 3.5 3 4 -3267.681965657634 11.65279582993196
3.25 3.5 4 5 -2102.20421868622 8.890093706066079
3.25 3.5 5 6 -1373.497909168259 7.03712573923019
3.25 3.5 6 7 -906.8316450868599 5.724321091155445
3.25 3.5 7 8 -600.0031914566855 4.754024517083126
3.25 3.5 8 9 -393.3806146796185 4.012988354818173
3.25 3.5 9 10 -251.3699909069196 3.43194545743491
3.25 3.5 10 11 -152.211407526094 2.966655802163873
3.25 3.5 11 12 -82.1286137413897 2.587467867719503
3.25 3.5 12 13 -32.19193111946879 2.273879267302513
3.25 3.5 13 14 3.535795580377453 2.011285682463442
3.25 3.5 14 15 29.08995710357749 1.789023282403781
3.25 3.5 15 16 47.26752551520667 1.599137526063908
3.25 3.5 16 17 60.04087874803508 1.435583570210659
3.25 3.5 17 18 68.82218194378697 1.293692265852935
3.25 3.5 18 19 74.63605077083969 1.169804664597089
3.25 3.5 19 20 78.23460955910741 1.061016366945923
3.25 3.5 20 21 80.17558157249198 0.9649952092808459
3.25 3.5 21 22 80.87617874943601 0.8798489769248513
3.25 3.5 22 23 80.65085689220314 0.8040279057543545
3.25 3.5 23 24 79.73813259740956 0.7362517994680561
3.25 3.5 24 25 78.31987025265136 0.6754548420542603
3.25 3.5 25 26 76.53531212957239 0.6207433147710699
3.25 3.5 26 27 74.49139089667824 0.5713628482672227
3.25 3.5 27 28 72.27038176924771 0.5266728069594668
3.25 3.5 28 29 69.93563000757018 0.4861260666413943
3.25 3.5 29 30 67.53587189732497 0.4492529145092281
3.25 3.5 30 31 65.10851829265607 0.4156481286264805
3.25 3.5 31 32 62.68216633873629 0.3849605329864452
3.25 3.5 32 33 60.27853238776723 0.3568844952330585
3.25 3.5 33 34 57.91394765490475 0.3311529614055324
3.25 3.5 34 35 55.60052128782584 0.3075317149809565
3.25 3.5 35 36 53.34704884925378 0.2858146184001625
3.25 3.5 36 37 51.15972477662604 0.2658196477205894
3.25 3.5 37 38 49.04270310451048 0.2473855715172223
3.25 3.5 38 39 46.99854012298835 0.2303691561158895
3.25 3.5 39 40 45.02854473814679 0.2146428032250108
3.25 3.5 40 41 43.13305642368154 0.2000925444500159
3.25 3.5 41 42 41.31166606512792 0.1866163318061455
3.25 3.5 42 43 39.56339164737049 0.1741225752406701
3.25 3.5 43 44 37.88681814966178 0.1625288864019631
3.25 3.5 44 45 36.28020890688541 0.1517609963709956
3.25 3.5 45 46 34.74084775423589 0.1418201527792209
3.25 3.5 46 47 33.26799217282688 0.132903765664778
3.25 3.5 47 48 31.85865478450199 0.1249989313900085
3.25 3.5 48 49 30.51054498198681 0.1180489422776157
3.25 3.5 49 50 29.22117215480044 0.1117647270454689
3.5 3.75 0 1 -1195.915340123411 10.57848146133498
3.5 3.75 1 2 -6545.688717459292 27.71152367581814
3.5 3.75 2 3 -4279.889820003551 16.9154746665415
3.5 3.75 3 4 -2625.80605691554 11.59615101471619
3.5 3.75 4 5 -1637.115539841702 8.538497666222865
3.5 3.75 5 6 -1034.972434182376 6.586045820589891
3.5 3.75 6 7 -657.5052631807123 5.24767546739684
3.5 3.75 7 8 -414.1456654246078 4.28255507220737
3.5 3.75 8 9 -253.4017611816521 3.559798587254564
3.5 3.75 9 10 -145.1113779246652 3.002303624315602
3.5 3.75 10 11 -71.11644346821436 2.562137862287309
3.5 3.75 11 12 -20.07222161908953 2.207885849011358
3.5 3.75 12 13 15.28676005175066 1.918210882155256
3.5 3.75 13 14 39.73719638268096 1.678143514887447
3.5 3.75 14 15 56.4909536672867 1.4768957215148
3.5 3.75 15 16 67.75084083101922 1.306512548413297
3.5 3.75 16 17 75.05395916596819 1.161010685569002
3.5 3.75 17 18 79.48911961989404 1.035811244588197
3.5 3.75 18 19 81.83766779979862 0.9273563086035443
3.5 3.75 19 20 82.66659685388385 0.8328436532835006
3.5 3.75 20 21 82.39127223063065 0.7500394252764311
3.5 3.75 21 22 81.31840388713027 0.6771434302409097
3.5 3.75 22 23 79.67593789883352 0.6126906542008275
3.5 3.75 23 24 77.63413755421743 0.5554781987390042
3.5 3.75 24 25 75.32063739022556 0.5045103385235614
3.5 3.75 25 26 72.8313155151165 0.4589566979079973
3.5 3.75 26 27 70.23822677981065 0.4181200544182503
3.5 3.75 27 28 67.59544545704156 0.3814112972270975
3.5 3.75 28 29 64.94340478949377 0.348329764344897
3.5 3.75 29 30 62.31214483644783 0.3184476672181776
3.5 3.75 30 31 59.72376012219161 0.291397651882711
3.5 3.75 31 32 57.19425575329942 0.2668627897556064
3.5 3.75 32 33 54.73496281950008 0.2445684658049952
3.5 3.75 33 34 52.35362308204162 0.2242757616518317
3.5 3.75 34 35 50.05522385127097 0.2057760239013808
3.5 3.75 35 36 47.84264300441981 0.1888863795834847
3.5 3.75 36 37 45.71714890027586 0.1734460138340994
3.5 3.75 37 38 43.6787888442169 0.1593130635575335
3.5 3.75 38 39 41.72669153470875 0.1463620130835002
3.5 3.75 39 40 39.8593028369928 0.1344815006794958
3.5 3.75 40 41 38.07456972168988 0.1235724628922951
3.5 3.75 41 42 36.37008371236274 0.1135465583913136
3.5 3.75 42 43 34.7431926307957 0.104324824297839
3.5 3.75 43 44 33.19108750209293 0.09583652622141532
3.5 3.75 44 45 31.7108698708459 0.08801817096774164
3.5 3.75 45 46 30.29898330241996 0.08091091583818334
3.5 3.75 46 47 28.95362483796502 0.07484375507945686
3.5 3.75 47 48 27.67127445609363 0.06984793867926614
3.5 3.75 48 49 26.44909837577568 0.06587966206907615
3.5 3.75 49 50 25.28415897320238 0.06254958619132332
3.75 4 0 1 -1287.016509018589 1.723253134993531
3.75 4 1 2 -5256.750088360065 27.61507997936645
3.75 4 2 3 -3160.528910342907 12.24158253544332
3.75 4 3 4 -1848.212495846743 6.931061522269307
3.75 4 4 5 -1101.602902373914 4.398823489622615
3.75 4 5 6 -662.1651941469604 2.982873743386672
3.75 4 6 7 -394.5169808750331 2.110800683090701
3.75 4 7 8 -226.6113441252337 1.538007642220253
3.75 4 8 9 -118.7585159296457 1.144261148176123
3.75 4 9 10 -48.2554081673693 0.8649941905732015
3.75 4 10 11 -1.696429632545573 0.6625107104003047
3.75 4 11 12 29.14660080783153 0.5139056564214829
3.75 4 12 13 49.45955733327889 0.4045807460225859
3.75 4 13 14 62.60024601548719 0.3387102283821933
3.75 4 14 15 70.79308942292369 0.3096030213827421
3.75 4 15 16 75.541144766748 0.2837356089466281
3.75 4 16 17 77.87744472965989 0.2606392820608996
3.75 4 17 18 78.52231061955382 0.2399290230697682
3.75 4 18 19 77.98413769221725 0.2212860781672742
3.75 4 19 20 76.62533934892025 0.2044445961705687
3.75 4 20 21 74.70631981294071 0.1891812958642024
3.75 4 21 22 72.41529884425023 0.1768355724811274
3.75 4 22 23 69.88885166864887 0.1770687461690409
3.75 4 23 24 67.22624984845018 0.1772766329890191
3.75 4 24 25 64.49959800072946 0.1772341286454636
3.75 4 25 26 61.76107847580627 0.1768368358714812
3.75 4 26 27 59.04818069309175 0.1760506324701344
3.75 4 27 28 56.38750938288635 0.1748808356592615
3.75 4 28 29 53.79757993863993 0.1733536961044695
3.75 4 29 30 51.29088468085561 0.1715054488442413
3.75 4 30 31 48.87542960644039 0.1693759406935803
3.75 4 31 32 46.55588340525487 0.1670050131917183
3.75 4 32 33 44.33444043534548 0.1644305384541989
3.75 4 33 34 42.21147124815695 0.1616874400305755
3.75 4 34 35 40.18601436215432 0.1588072948329587
3.75 4 35 36 38.25614874131162 0.1558182709755259
3.75 4 36 37 36.4192761957747 0.1527452527817131
3.75 4 37 38 34.67233547578117 0.1496100632590065
3.75 4 38 39 33.01196436274974 0.1464317301083187
3.75 4 39 40 31.43462204257467 0.1432267637424197
3.75 4 40 41 29.93668109115798 0.1400094291106894
3.75 4 41 42 28.51449613166375 0.1367920013939554
3.75 4 42 43 27.16445456215868 0.1335850013225573
3.75 4 43 44 25.8830135424237 0.1303974078040102
3.75 4 44 45 24.66672637968261 0.1272368484209988
3.75 4 45 46 23.51180119439612 0.1241574954934768
3.75 4 46 47 22.41583816922124 0.1213306894615325
3.75 4 47 48 21.37531187993439 0.1187595233004462
3.75 4 48 49 20.3873019789494 0.1164159031065786
3.75 4 49 50 19.44885658578811 0.1141466081639353
4 5 0 1 -1791.71365654241 3.172176444696941
4 5 1 2 -5299.227575595983 8.815237982427023
4 5 2 3 -2739.564761943118 6.560203784949663
4 5 3 4 -1436.9826728972 4.841564519480793
4 5 4 5 -761.3540784279148 3.480342847750282
4 5 5 6 -391.0468902909877 2.522656006414166
4 5 6 7 -180.1863299191864 1.879104504729862
4 5 7 8 -56.88025631187816 1.450822020475901
4 5 8 9 16.34904688621282 1.165186221651757
4 5 9 10 59.9472033901485 0.9720407222197749
4 5 10 11 85.46435461395436 0.8386251002243921
4 5 11 12 99.71595040595889 0.7430940008038446
4 5 12 13 106.8356756490656 0.6720392624183565
4 5 13 14 109.3978829339403 0.6167977026907252
4 5 14 15 109.0434951531959 0.5720190656910185
4 5 15 16 106.8372180262901 0.5343620303853849
4 5 16 17 103.479706052583 0.5017236589648882
4 5 17 18 99.43679032092575 0.4727622879416541
4 5 18 19 95.02012477427331 0.4466058218353923
4 5 19 20 90.43861082920196 0.4226741582294115
4 5 20 21 85.8318179961484 0.4005708776166185
4 5 21 22 81.29206935742002 0.3800167565796415
4 5 22 23 76.87925065239497 0.3608085743879579
4 5 23 24 72.63086671989757 0.3427933059149808
4 5 24 25 68.56894512240825 0.3258517547178067
4 5 25 26 64.70481913297195 0.3098880377829764
4 5 26 27 61.04246666630918 0.2948227368245531
4 5 27 28 57.58085504037402 0.2805883724968724
4 5 28 29 54.3155946702929 0.2671263682973786
4 5 29 30 51.24010828797734 0.2543849792391943
4 5 30 31 48.34645804776055 0.2423178531312782
4 5 31 32 45.62592954597595 0.2308830122103943
4 5 32 33 43.06944224022797 0.2200421153502293
4 5 33 34 40.66783541555839 0.2097599131475689
4 5 34 35 38.41206470180769 0.2000038330616176
4 5 35 36 36.29333420968896 0.1907436589756658
4 5 36 37 34.30318234894601 0.1819512736078477
4 5 37 38 32.43353439817877 0.1736004506199393
4 5 38 39 30.67673130979484 0.1656666798324828
4 5 39 40 29.02554164791736 0.1581270196338769
4 5 40 41 27.47316171421879 0.1509599688966104
4 5 41 42 26.0132075225539 0.1441453549356616
4 5 42 43 24.63970128231537 0.1376642341750758
4 5 43 44 23.34705438822261 0.1314988029415279
4 5 44 45 22.13004827577599 0.1256323167906185
4 5 45 46 20.98337790692133 0.1203626884276695
4 5 46 47 19.9030779395373 0.1167983776886347
4 5 47 48 18.88451967467574 0.1148912395210516
4 5 48 49 17.92380373322231 0.1142785986818405
4 5 49 50 17.01694134509772 0.1139704901750967
-5 5 0 50 -844508.2905343495 100.25920392262
