#ylo yhi qTlo qThi PDF0  uncertainty
-5 -4 0 1 -875.1165786811991 1.65751765297864
-5 -4 1 2 -4052.060666375834 6.418094696736836
-5 -4 2 3 -2305.776629238816 6.718236520534361
-5 -4 3 4 -1236.183715899692 5.039449446738826
-5 -4 4 5 -660.7343851815858 6.886069092494032
-5 -4 5 6 -329.2606215706021 2.860360725524616
-5 -4 6 7 -129.9308581678629 3.353305413560034
-5 -4 7 8 -22.64750127981983 1.98733522026174
-5 -4 8 9 37.42787763351294 2.488117164271873
-5 -4 9 10 81.15870672231608 4.013718736667815
-5 -4 10 11 95.25590413320617 0.8860419441179442
-5 -4 11 12 111.8340307501594 0.970508356668346
-5 -4 12 13 117.9705074365187 2.571584715614805
-5 -4 13 14 112.3377570690841 0.9304676796113563
-5 -4 14 15 119.5010000931537 1.118978320382001
-5 -4 15 16 111.7272512061535 2.505729947298202
-5 -4 16 17 103.8258942199477 1.123782200071124
-5 -4 17 18 106.1736423598445 0.4705689930773824
-5 -4 18 19 97.80054981460887 1.997105834082206
-5 -4 19 20 90.48969979773398 1.584303925317627
-5 -4 20 21 88.65473572874902 1.076716150447852
-5 -4 21 22 83.83635395631171 0.9777011514017122
-5 -4 22 23 75.73680653158672 0.820245027641286
-5 -4 23 24 72.88362613091206 0.9844045310318995
-5 -4 24 25 69.35228634556051 0.2553488461423207
-5 -4 25 26 65.2213886164607 0.193848040952183
-5 -4 26 27 61.25656078983243 0.2034940932983078
-5 -4 27 28 57.64846838237131 0.2764874052575386
-5 -4 28 29 54.29418226515423 0.2338120258533734
-5 -4 29 30 51.07658829581165 0.1707920309371767
-5 -4 30 31 48.00645766845241 0.1520131849199944
-5 -4 31 32 45.13430386550721 0.1593757748816621
-5 -4 32 33 42.46540919340819 0.1659805879465589
-5 -4 33 34 39.96709889539066 0.1574026235841932
-5 -4 34 35 37.60867818811191 0.1413107752387354
-5 -4 35 36 35.37858039063545 0.1281448157198977
-5 -4 36 37 33.27688728332404 0.1206886418878403
-5 -4 37 38 31.30320524616238 0.116649310739465
-5 -4 38 39 29.45164882757501 0.1129954939809047
-5 -4 39 40 27.71246022609133 0.1082088963651098
-5 -4 40 41 26.07547402850297 0.1024278148967584
-5 -4 41 42 24.53225648157545 0.09648198094798763
-5 -4 42 43 23.07641466007015 0.09104466264539374
-5 -4 43 44 21.70291308613645 0.08635036276614505
-5 -4 44 45 20.40728244737336 0.08229903665178956
-5 -4 45 46 19.18455971302464 0.07910483950971119
-5 -4 46 47 18.0312967180769 0.07772966735152929
-5 -4 47 48 16.94244344989854 0.07813429871522927
-5 -4 48 49 15.91385540382068 0.07989505145576394
-5 -4 49 50 14.9413151326048 0.08187130614157315
-4 -3.75 0 1 -326.9292647539843 1.093494812274649
-4 -3.75 1 2 -3773.472731314837 23.59235268827978
-4 -3.75 2 3 -2577.887188872854 11.47177641955254
-4 -3.75 3 4 -1541.196110003211 6.889126881483944
-4 -3.75 4 5 -915.1209603384834 4.584530611447518
-4 -3.75 5 6 -538.0787388077633 3.242752257607222
-4 -3.75 6 7 -306.5231351159373 2.387370581450166
-4 -3.75 7 8 -161.2625956645056 1.807286495280651
-4 -3.75 8 9 -68.5036677225894 1.395740619912784
-4 -3.75 9 10 -8.535713473220881 1.093961062800881
-4 -3.75 10 11 30.40072465512276 0.8668764038375351
-4 -3.75 11 12 55.56765657024039 0.6926753484520901
-4 -3.75 12 13 71.5532835223903 0.5571342064670496
-4 -3.75 13 14 81.32924177341431 0.4506933962899161
-4 -3.75 14 15 86.86127039380312 0.3667791491529705
-4 -3.75 15 16 89.47383381107159 0.3007992251784259
-4 -3.75 16 17 90.07349747556043 0.2547830957646707
-4 -3.75 17 18 89.28907940856351 0.2351631758087946
-4 -3.75 18 19 87.56153569191162 0.2175418615556111
-4 -3.75 19 20 85.20277460565802 0.2016548931175346
-4 -3.75 20 21 82.43484513238081 0.1872804300075253
-4 -3.75 21 22 79.41647886496895 0.1742313136037362
-4 -3.75 22 23 76.26133214051026 0.1623488870573229
-4 -3.75 23 24 73.05068990017764 0.1514979120690993
-4 -3.75 24 25 69.84241776291458 0.1448696607269742
-4 -3.75 25 26 66.67733726013594 0.1477912447175862
-4 -3.75 26 27 63.58380889526066 0.1510313035222322
-4 -3.75 27 28 60.58105440473483 0.1542739863714659
-4 -3.75 28 29 57.68158282169307 0.1573325140017125
-4 -3.75 29 30 54.89297341266567 0.160103927915889
-4 -3.75 30 31 52.21919315778172 0.1625382773496584
-4 -3.75 31 32 49.66157470409593 0.1646184135180351
-4 -3.75 32 33 47.21954490484585 0.1663469946489151
-4 -3.75 33 34 44.89116897597501 0.167738215916922
-4 -3.75 34 35 42.67355758036345 0.1688125839848676
-4 -3.75 35 36 40.5631714882677 0.169593640736337
-4 -3.75 36 37 38.55604937951961 0.1701059331808797
-4 -3.75 37 38 36.64797776117393 0.1703737794989542
-4 -3.75 38 39 34.8346171492912 0.1704205444851571
-4 -3.75 39 40 33.11159513205527 0.1702682396717688
-4 -3.75 40 41 31.4745743261247 0.1699373293299441
-4 -3.75 41 42 29.91930126069273 0.1694466660867401
-4 -3.75 42 43 28.44164079132369 0.168813505570627
-4 -3.75 43 44 27.03759955866487 0.168053568750936
-4 -3.75 44 45 25.70334113958656 0.1671811304013839
-4 -3.75 45 46 24.43472661223635 0.1662697641133377
-4 -3.75 46 47 23.22905920813031 0.1655400919581387
-4 -3.75 47 48 22.08255395123915 0.1650007967928943
-4 -3.75 48 49 20.99206909859905 0.1646238051291609
-4 -3.75 49 50 19.95444215342519 0.1642252195982668
-3.75 -3.5 0 1 51.56248112711103 0.9312549865550641
-3.75 -3.5 1 2 -4519.953946958563 22.00702971899438
-3.75 -3.5 2 3 -3439.026472648159 14.96737442384352
-3.75 -3.5 3 4 -2162.30930117735 10.7102324131668
-3.75 -3.5 4 5 -1345.493182699851 8.095533143425989
-3.75 -3.5 5 6 -835.6732122139501 6.365371016085962
-3.75 -3.5 6 7 -513.147926956814 5.151251992807667
-3.75 -3.5 7 8 -305.0030516781396 4.260521382064028
-3.75 -3.5 8 9 -168.1285912718226 3.584095022422709
-3.75 -3.5 9 10 -76.73352933567344 3.056359372304643
-3.75 -3.5 10 11 -15.11324877711922 2.63541455397527
-3.75 -3.5 11 12 26.61333972591683 2.293510793831519
-3.75 -3.5 12 13 54.79506927531929 2.011543904466489
-3.75 -3.5 13 14 73.61033212486677 1.775973606433966
-3.75 -3.5 14 15 85.86671566099631 1.57695748832394
-3.75 -3.5 15 16 93.48574544513212 1.407183920335507
-3.75 -3.5 16 17 97.80389291548954 1.261117752960345
-3.75 -3.5 17 18 99.76379302009832 1.134498713496291
-3.75 -3.5 18 19 100.0383196084076 1.023999408864263
-3.75 -3.5 19 20 99.11267963097288 0.9269869496398515
-3.75 -3.5 20 21 97.33970529943298 0.841353509790801
-3.75 -3.5 21 22 94.97770064792013 0.7653937556893672
-3.75 -3.5 22 23 92.21672861148301 0.6977147684361619
-3.75 -3.5 23 24 89.19711261254855 0.6371688926669369
-3.75 -3.5 24 25 86.0226155946757 0.5828030220623726
-3.75 -3.5 25 26 82.76993010650813 0.5338198405101365
-3.75 -3.5 26 27 79.49557945739178 0.48954787687369
-3.75 -3.5 27 28 76.24098091347145 0.4494181362813778
-3.75 -3.5 28 29 73.03619029824372 0.4129456940890169
-3.75 -3.5 29 30 69.90269134160872 0.3797150747263985
-3.75 -3.5 30 31 66.85548688307773 0.3493685440534065
-3.75 -3.5 31 32 63.90467562832481 0.3215966656491994
-3.75 -3.5 32 33 61.05664697505836 0.2961306306265353
-3.75 -3.5 33 34 58.31499034323642 0.2727359881234671
-3.75 -3.5 34 35 55.68118975508423 0.2512074899660842
-3.75 -3.5 35 36 53.15515594267268 0.2313648282754404
-3.75 -3.5 36 37 50.73563489796595 0.2130490931053821
-3.75 -3.5 37 38 48.42052202528447 0.1961198149203649
-3.75 -3.5 38 39 46.20710385623102 0.1804524850380162
-3.75 -3.5 39 40 44.09224397606623 0.1659364690687456
-3.75 -3.5 40 41 42.07252586321401 0.1524732462368849
-3.75 -3.5 41 42 40.14436232090688 0.1399749202428243
-3.75 -3.5 42 43 38.3040789790506 0.1283629593861127
-3.75 -3.5 43 44 36.54797763923983 0.1175671312399396
-3.75 -3.5 44 45 34.87238389351137 0.1075246061372028
-3.75 -3.5 45 46 33.27305225555183 0.09833574047233226
-3.75 -3.5 46 47 31.74757434410198 0.09058037106332066
-3.75 -3.5 47 48 30.29190289618626 0.08440290781196799
-3.75 -3.5 48 49 28.90274487337815 0.07983020120676476
-3.75 -3.5 49 50 27.57672648314971 0.07629356271396456
-3.5 -3.25 0 1 550.1365231405053 0.7291240993957496
-3.5 -3.25 1 2 -4856.695589312123 17.1565218515029
-3.5 -3.25 2 3 -4090.007507521398 13.75366410253361
-3.5 -3.25 3 4 -2675.87658445472 10.43531243282158
-3.5 -3.25 4 5 -1722.290915065081 8.166403461779176
-3.5 -3.25 5 6 -1109.513765936174 6.58311150659284
-3.5 -3.25 6 7 -712.8924439823086 5.433896224259298
-3.5 -3.25 7 8 -451.5171761918314 4.570016901641598
-3.5 -3.25 8 9 -276.0294961833945 3.901427741777845
-3.5 -3.25 9 10 -156.2630535842186 3.371667492511382
-3.5 -3.25 10 11 -73.53742952476387 2.943504244227431
-3.5 -3.25 11 12 -15.92776576671281 2.591715661703764
-3.5 -3.25 12 13 24.32781057044554 2.298605326713088
-3.5 -3.25 13 14 52.3994697974365 2.051434705178286
-3.5 -3.25 14 15 71.80138215007037 1.840821516722792
-3.5 -3.25 15 16 84.96591277101368 1.659716061072281
-3.5 -3.25 16 17 93.60401858436251 1.502727648594574
-3.5 -3.25 17 18 98.93641969679209 1.365669846533768
-3.5 -3.25 18 19 101.8449455027032 1.245246355475321
-3.5 -3.25 19 20 102.9735170762274 1.138829552928178
-3.5 -3.25 20 21 102.7967089076109 1.044301482461119
-3.5 -3.25 21 22 101.6670447032473 0.9599377821173694
-3.5 -3.25 22 23 99.84809943665647 0.8843216819889654
-3.5 -3.25 23 24 97.53797483678909 0.8162794110284328
-3.5 -3.25 24 25 94.88614911085597 0.7548310782599531
-3.5 -3.25 25 26 92.00570403326446 0.6991528954578424
-3.5 -3.25 26 27 88.98228658301423 0.6485478171141539
-3.5 -3.25 27 28 85.88073720105677 0.6024225015890246
-3.5 -3.25 28 29 82.75003304912906 0.5602690708032314
-3.5 -3.25 29 30 79.6270024943949 0.5216505488466222
-3.5 -3.25 30 31 76.5391354912507 0.4861891478484517
-3.5 -3.25 31 32 73.50672316395884 0.4535567764625044
-3.5 -3.25 32 33 70.54449585554005 0.4234672974136758
-3.5 -3.25 33 34 67.66288353438514 0.3956701720155167
-3.5 -3.25 34 35 64.86898998098218 0.3699452122247705
-3.5 -3.25 35 36 62.16734871794119 0.3460982234603319
-3.5 -3.25 36 37 59.56051158241672 0.3239573672569253
-3.5 -3.25 37 38 57.04950832034402 0.3033701107253379
-3.5 -3.25 38 39 54.63420629494124 0.2842006556293094
-3.5 -3.25 39 40 52.31359251372547 0.266327761985679
-3.5 -3.25 40 41 50.08599502492496 0.249642898566423
-3.5 -3.25 41 42 47.94925678316608 0.2340486641236348
-3.5 -3.25 42 43 45.90087217046394 0.2194574352128008
-3.5 -3.25 43 44 43.93809410193293 0.2057902038636654
-3.5 -3.25 44 45 42.05801785696404 0.1929755745730924
-3.5 -3.25 45 46 40.25688929601631 0.1810597658409621
-3.5 -3.25 46 47 38.53304458754623 0.1704139721006494
-3.5 -3.25 47 48 36.88269275260669 0.1610853188749091
-3.5 -3.25 48 49 35.30283702705634 0.1530519370358601
-3.5 -3.25 49 50 33.79031700748813 0.1458970074433279
-3.25 -3 0 1 1089.627209748068 0.6078858919917354
-3.25 -3 1 2 -4876.594104993973 9.641706911066979
-3.25 -3 2 3 -4532.073481636025 9.47087112440278
-3.25 -3 3 4 -3064.792856181968 7.613938923632947
-3.25 -3 4 5 -2025.054907232778 6.152582744148335
-3.25 -3 5 6 -1339.941992659248 5.071075437844194
-3.25 -3 6 7 -888.1180555845731 4.258414434815193
-3.25 -3 7 8 -585.4037119664763 3.632686223930971
-3.25 -3 8 9 -378.9102816481886 3.139543869615702
-3.25 -3 9 10 -235.6923729080095 2.74309265414455
-3.25 -3 10 11 -135.0519829724992 2.418738040113585
-3.25 -3 11 12 -63.61537290893398 2.149435591324497
-3.25 -3 12 13 -12.58482654566114 1.922974391354237
-3.25 -3 13 14 23.95664312929193 1.73042218550018
-3.25 -3 14 15 50.06744371208129 1.565111566628935
-3.25 -3 15 16 68.58126790730057 1.421975316648603
-3.25 -3 16 17 81.50855834800166 1.297100111116938
-3.25 -3 17 18 90.29609880918474 1.187420146129576
-3.25 -3 18 19 95.99821327412189 1.090502519776514
-3.25 -3 19 20 99.39177218100144 1.004394092807526
-3.25 -3 20 21 101.0547771501967 0.9275103692118801
-3.25 -3 21 22 101.4209045128309 0.8585536260139179
-3.25 -3 22 23 100.817908062608 0.7964517463733288
-3.25 -3 23 24 99.4950134960236 0.740311933041929
-3.25 -3 24 25 97.64269542414286 0.6893852700908726
-3.25 -3 25 26 95.40711224138715 0.6430392957470982
-3.25 -3 26 27 92.90074805561471 0.6007365629140056
-3.25 -3 27 28 90.21033068128241 0.5620177254027905
-3.25 -3 28 29 87.40277275953855 0.5264880796782977
-3.25 -3 29 30 84.52966403950336 0.4938067706006582
-3.25 -3 30 31 81.63069226106177 0.4636780694253841
-3.25 -3 31 32 78.73626505942366 0.4358442773833895
-3.25 -3 32 33 75.86953140253348 0.4100799139028464
-3.25 -3 33 34 73.04794849695116 0.3861869281911277
-3.25 -3 34 35 70.28450232888764 0.3639907310052072
-3.25 -3 35 36 67.58866260803134 0.3433368886128652
-3.25 -3 36 37 64.96713287757973 0.3240883543609974
-3.25 -3 37 38 62.42444181828006 0.3061231388560366
-3.25 -3 38 39 59.9634107991466 0.2893323411220309
-3.25 -3 39 40 57.58552455690909 0.2736184766193115
-3.25 -3 40 41 55.29122575012818 0.2588940526242208
-3.25 -3 41 42 53.08014940185302 0.2450803486818605
-3.25 -3 42 43 50.95130975945543 0.2321063693543973
-3.25 -3 43 44 48.90324935926932 0.2199079415853439
-3.25 -3 44 45 46.93415793759186 0.208426933905433
-3.25 -3 45 46 45.04111813327648 0.1977306116638185
-3.25 -3 46 47 43.22343711712094 0.188229657252879
-3.25 -3 47 48 41.47789711107677 0.1799740469218204
-3.25 -3 48 49 39.80206436038776 0.1729375106936699
-3.25 -3 49 50 38.1932494949624 0.1666730344217144
-3 -2.75 0 1 1614.757997125109 0.9893424189524169
-3 -2.75 1 2 -4708.346282013174 4.965516255934931
-3 -2.75 2 3 -4814.872287184249 5.87145279022207
-3 -2.75 3 4 -3346.797750101181 4.922368285849942
-3 -2.75 4 5 -2257.30861015854 4.066978361385862
-3 -2.75 5 6 -1523.910766744779 3.403195175642275
-3 -2.75 6 7 -1032.797582352413 2.891058359830173
-3 -2.75 7 8 -699.4243177429421 2.489567863801695
-3 -2.75 8 9 -469.2092062233924 2.168771514397879
-3 -2.75 9 10 -307.5834232255631 1.90811360937662
-3 -2.75 10 11 -192.5610976284456 1.692893107752871
-3 -2.75 11 12 -109.7939884057662 1.512807394465892
-3 -2.75 12 13 -49.76145248838498 1.360336481604103
-3 -2.75 13 14 -6.010445365033775 1.229908828385625
-3 -2.75 14 15 25.91708677773863 1.117321368665945
-3 -2.75 15 16 49.15527824989499 1.01935088487888
-3 -2.75 16 17 65.94258507257041 0.9334885870636263
-3 -2.75 17 18 77.90052658724733 0.857755387874866
-3 -2.75 18 19 86.21861230688774 0.7905710128755751
-3 -2.75 19 20 91.7792527971377 0.7306596905528999
-3 -2.75 20 21 95.24355167050805 0.6769811383766747
-3 -2.75 21 22 97.11114304912508 0.6286793340351011
-3 -2.75 22 23 97.76252053406063 0.5850439856172756
-3 -2.75 23 24 97.48937139917302 0.5454811990056594
-3 -2.75 24 25 96.51657520206174 0.5094908970772809
-3 -2.75 25 26 95.01833244756597 0.4766492551057873
-3 -2.75 26 27 93.13010880116036 0.4465949072906242
-3 -2.75 27 28 90.95756232165184 0.4190180178009184
-3 -2.75 28 29 88.58327259499123 0.3936515493331038
-3 -2.75 29 30 86.07185263172397 0.3702642340087624
-3 -2.75 30 31 83.47386019078215 0.3486548730745849
-3 -2.75 31 32 80.82881029791287 0.3286476833918768
-3 -2.75 32 33 78.16750961297856 0.31008847455675
-3 -2.75 33 34 75.51387541438817 0.2928414889074188
-3 -2.75 34 35 72.8863602539077 0.276786775955212
-3 -2.75 35 36 70.29907298863526 0.2618179984262072
-3 -2.75 36 37 67.76266465980365 0.2478405901878889
-3 -2.75 37 38 65.28503126654823 0.2347702025413987
-3 -2.75 38 39 62.87187321669086 0.2225313872997191
-3 -2.75 39 40 60.5271420673954 0.2110564766464057
-3 -2.75 40 41 58.25339826772353 0.2002846258746278
-3 -2.75 41 42 56.05209827504592 0.1901609924745585
-3 -2.75 42 43 53.92382548286048 0.180636029639383
-3 -2.75 43 44 51.86847625697703 0.1716648762186467
-3 -2.75 44 45 49.88540997033328 0.1632068276547073
-3 -2.75 45 46 47.97265559990188 0.1553976412181097
-3 -2.75 46 47 46.13052429085465 0.1488619045712834
-3 -2.75 47 48 44.35649066523683 0.1436962973560785
-3 -2.75 48 49 42.64877792284886 0.1398767714555936
-3 -2.75 49 50 41.00526292795152 0.1367740866940657
-2.75 -2.5 0 1 2103.169111534137 1.462555809736232
-2.75 -2.5 1 2 -4450.931881224344 1.479399115051036
-2.75 -2.5 2 3 -4995.231369241712 2.925553500789058
-2.75 -2.5 3 4 -3552.091772830697 2.667962988674713
-2.75 -2.5 4 5 -2434.417495287353 2.303542730650985
-2.75 -2.5 5 6 -1668.415937086269 1.986593431623448
-2.75 -2.5 6 7 -1149.124359303989 1.726997939942982
-2.75 -2.5 7 8 -792.9894179674197 1.515352279025856
-2.75 -2.5 8 9 -544.7269119134007 1.340872715812234
-2.75 -2.5 9 10 -368.8248996045775 1.195831614519419
-2.75 -2.5 10 11 -242.465206329038 1.073639891137768
-2.75 -2.5 11 12 -150.6368839812533 0.9696584303150501
-2.75 -2.5 12 13 -83.31045355722949 0.8803239292807187
-2.75 -2.5 13 14 -33.6461560763446 0.8029121914411064
-2.75 -2.5 14 15 3.107992866783889 0.7353146379855671
-2.75 -2.5 15 16 30.31064829340312 0.6758788082120192
-2.75 -2.5 16 17 50.37300401091375 0.6232942120651251
-2.75 -2.5 17 18 65.05055413444302 0.576509927376196
-2.75 -2.5 18 19 75.63758124805054 0.5346744464876545
-2.75 -2.5 19 20 83.09909921819929 0.4970912356498824
-2.75 -2.5 20 21 88.16184393372828 0.4631855087281737
-2.75 -2.5 21 22 91.37798164047615 0.4324790955606244
-2.75 -2.5 22 23 93.17034320857363 0.4045712230181672
-2.75 -2.5 23 24 93.8649570592504 0.3791236639124652
-2.75 -2.5 24 25 93.71472562149984 0.355849148380703
-2.75 -2.5 25 26 92.9168447103051 0.3345022384060159
-2.75 -2.5 26 27 91.6257483769175 0.3148720791662073
-2.75 -2.5 27 28 89.96281763927743 0.2967765958815009
-2.75 -2.5 28 29 88.0237242564985 0.2800578117423616
-2.75 -2.5 29 30 85.88402923634055 0.2645780441663014
-2.75 -2.5 30 31 83.60348182281018 0.2502167941673821
-2.75 -2.5 31 32 81.22934267081996 0.2368681858186915
-2.75 -2.5 32 33 78.79896854080249 0.2244388472274561
-2.75 -2.5 33 34 76.34183405773314 0.2128461462934364
-2.75 -2.5 34 35 73.88112142991201 0.2020167145369196
-2.75 -2.5 35 36 71.43497647778759 0.1918852057763045
-2.75 -2.5 36 37 69.01750540487728 0.1823932474349747
-2.75 -2.5 37 38 66.63956904783953 0.1734885508237363
-2.75 -2.5 38 39 64.30941808312076 0.1651241526451905
-2.75 -2.5 39 40 62.03320274282078 0.1572577664231223
-2.75 -2.5 40 41 59.81538309819709 0.1498512252795646
-2.75 -2.5 41 42 57.65906015626632 0.1428700020998816
-2.75 -2.5 42 43 55.566243727531 0.1362827938055249
-2.75 -2.5 43 44 53.53806958112037 0.1300611618245922
-2.75 -2.5 44 45 51.57497577484509 0.1241792180496518
-2.75 -2.5 45 46 49.67588235100081 0.1188640029921374
-2.75 -2.5 46 47 47.84201356240183 0.1150416575616759
-2.75 -2.5 47 48 46.0715115994573 0.1128500787867299
-2.75 -2.5 48 49 44.3632264529395 0.1122293451598698
-2.75 -2.5 49 50 42.71557825868229 0.1122671459641329
-2.5 -2.25 0 1 2551.58945918358 1.171744898882603
-2.5 -2.25 1 2 -4167.379838285198 1.163851703072977
-2.5 -2.25 2 3 -5119.094091539078 1.707378504140191
-2.5 -2.25 3 4 -3708.784008916512 1.538538671826605
-2.5 -2.25 4 5 -2573.313690864441 1.382632617245028
-2.5 -2.25 5 6 -1783.540011850511 1.232265985352761
-2.5 -2.25 6 7 -1242.915733014495 1.098790290098432
-2.5 -2.25 7 8 -869.2090143478158 0.9840154884223165
-2.5 -2.25 8 9 -606.8280912753162 0.8851912512221213
-2.5 -2.25 9 10 -419.642955782499 0.8005197560174675
-2.5 -2.25 10 11 -284.2439748430029 0.7272277744857552
-2.5 -2.25 11 12 -185.1358276560304 0.6634714235960988
-2.5 -2.25 12 13 -111.9092362660388 0.6076639588475334
-2.5 -2.25 13 14 -57.43164714235968 0.5585214020035972
-2.5 -2.25 14 15 -16.72600141142743 0.5150042284617351
-2.5 -2.25 15 16 13.73991305226377 0.4762671985268286
-2.5 -2.25 16 17 36.51191477546831 0.4416188990893917
-2.5 -2.25 17 18 53.4506709406528 0.4104899471586146
-2.5 -2.25 18 19 65.93325024981345 0.382408222897971
-2.5 -2.25 19 20 74.99032218154298 0.3569795999133835
-2.5 -2.25 20 21 81.40107177262541 0.3338729081009257
-2.5 -2.25 21 22 85.75985445639287 0.3128081423344806
-2.5 -2.25 22 23 88.5236585454295 0.2935471591755655
-2.5 -2.25 23 24 90.04633604001015 0.2758862909040057
-2.5 -2.25 24 25 90.60358289638259 0.2596504414750288
-2.5 -2.25 25 26 90.41136724306489 0.2446883362885128
-2.5 -2.25 26 27 89.63966058731216 0.2308686763071285
-2.5 -2.25 27 28 88.42276380502472 0.2180770032951859
-2.5 -2.25 28 29 86.86713868229265 0.2062131312051955
-2.5 -2.25 29 30 85.05739430442657 0.195189027446481
-2.5 -2.25 30 31 83.06089633324632 0.1849270571277414
-2.5 -2.25 31 32 80.93133980098162 0.1753585195286366
-2.5 -2.25 32 33 78.71153568292539 0.1664224222791736
-2.5 -2.25 33 34 76.43559673742408 0.1580644500320965
-2.5 -2.25 34 35 74.13066121991994 0.1502360920262796
-2.5 -2.25 35 36 71.81825882404303 0.1428939025705039
-2.5 -2.25 36 37 69.51539799203584 0.1359988689046082
-2.5 -2.25 37 38 67.23543504433621 0.1295158721077272
-2.5 -2.25 38 39 64.98877155229218 0.1234132224118463
-2.5 -2.25 39 40 62.78341584840553 0.1176622595887491
-2.5 -2.25 40 41 60.62543661650767 0.1122370070595046
-2.5 -2.25 41 42 58.51933031064038 0.1071138715196241
-2.5 -2.25 42 43 56.46831959076547 0.1022713819738272
-2.5 -2.25 43 44 54.47459627407545 0.09768996153246166
-2.5 -2.25 44 45 52.53951949911263 0.09335172788801652
-2.5 -2.25 45 46 50.6627728489924 0.08960418595467272
-2.5 -2.25 46 47 48.84635772339399 0.0877981764191757
-2.5 -2.25 47 48 47.08899196438298 0.08809627960229541
-2.5 -2.25 48 49 45.39006615793446 0.09032720182759617
-2.5 -2.25 49 50 43.7484668671014 0.09673311663222622
-2.25 -2 0 1 2960.084180517733 0.6541854269054218
-2.25 -2 1 2 -3898.665947197449 1.070932607057448
-2.25 -2 2 3 -5228.111617245058 1.676107725919945
-2.25 -2 3 4 -3846.295834513628 1.520455810044322
-2.25 -2 4 5 -2693.007268380173 1.332676984092908
-2.25 -2 5 6 -1880.8981967272 1.171394407450697
-2.25 -2 6 7 -1320.782645236307 1.037434865612546
-2.25 -2 7 8 -931.3582901306381 0.9256840377407456
-2.25 -2 8 9 -656.5733323575596 0.8317198830579707
-2.25 -2 9 10 -459.629125860507 0.7513805918964854
-2.25 -2 10 11 -316.5178134549394 0.682393844684716
-2.25 -2 11 12 -211.2751595690777 0.6225548360115619
-2.25 -2 12 13 -133.1338978018794 0.5702524302008998
-2.25 -2 13 14 -74.69119753039809 0.5242234664365536
-2.25 -2 14 15 -30.76561209791794 0.4834656376976029
-2.25 -2 15 16 2.330598846217526 0.447174633045985
-2.25 -2 16 17 27.26257260012812 0.4146982785059183
-2.25 -2 17 18 45.98332434909116 0.3855026719489988
-2.25 -2 18 19 59.94202605298665 0.3591468704029015
-2.25 -2 19 20 70.22611977967927 0.3352637427999395
-2.25 -2 20 21 77.65984755925865 0.3135453240562652
-2.25 -2 21 22 82.87358834050792 0.2937314936166526
-2.25 -2 22 23 86.3533286260573 0.2756011368666296
-2.25 -2 23 24 88.47641068812788 0.2589651824011838
-2.25 -2 24 25 89.53766974106713 0.2436610679662048
-2.25 -2 25 26 89.7687517960178 0.2295483082673671
-2.25 -2 26 27 89.35253454145311 0.2165049170860353
-2.25 -2 27 28 88.43399207840207 0.2044244982397917
-2.25 -2 28 29 87.12845031279278 0.1932138672650639
-2.25 -2 29 30 85.52790902924494 0.182791089902865
-2.25 -2 30 31 83.70591868426465 0.1730838602218808
-2.25 -2 31 32 81.72136762970689 0.1640281477279412
-2.25 -2 32 33 79.62144149641995 0.1555670656934088
-2.25 -2 33 34 77.44394901390126 0.1476499182422615
-2.25 -2 34 35 75.21915965005746 0.140231394992664
-2.25 -2 35 36 72.97126268920033 0.1332708872827334
-2.25 -2 36 37 70.71953100113683 0.1267319044785535
-2.25 -2 37 38 68.47925319396876 0.1205815750848559
-2.25 -2 38 39 66.26248312238863 0.1147902179771308
-2.25 -2 39 40 64.07864468585569 0.1093309704336692
-2.25 -2 40 41 61.93502147901171 0.1041794704683026
-2.25 -2 41 42 59.83715434596854 0.09931357682553131
-2.25 -2 42 43 57.78916507766127 0.0947131273286574
-2.25 -2 43 44 55.79402060008769 0.09035972756668097
-2.25 -2 44 45 53.85374904216033 0.08623656536306261
-2.25 -2 45 46 51.96857107713501 0.08304638471502188
-2.25 -2 46 47 50.14105902253712 0.08341743721202738
-2.25 -2 47 48 48.37032266674629 0.08744267172826452
-2.25 -2 48 49 46.65612704918726 0.09446148326596718
-2.25 -2 49 50 44.99767305785997 0.101901531783414
-2 -1.75 0 1 3345.892131171083 0.4307921377840468
-2 -1.75 1 2 -3632.481784498081 2.126457437404746
-2 -1.75 2 3 -5319.460978377421 2.236825846602115
-2 -1.75 3 4 -3972.664789361173 1.862990692481311
-2 -1.75 4 5 -2807.961383067254 1.555372259557847
-2 -1.75 5 6 -1977.653565418416 1.32255754783277
-2 -1.75 6 7 -1400.516750363744 1.143589435579619
-2 -1.75 7 8 -996.7706360216289 1.00208817200261
-2 -1.75 8 9 -710.3108920148643 0.8880081932689713
-2 -1.75 9 10 -503.9325128180167 0.7935885350093355
-2 -1.75 10 11 -353.192909810105 0.7144409583484491
-2 -1.75 11 12 -241.7575321567563 0.6471138670640288
-2 -1.75 12 13 -158.561464668797 0.5891802057957647
-2 -1.75 13 14 -95.96854321337651 0.5388414858527844
-2 -1.75 14 15 -48.6156496315898 0.494734781375436
-2 -1.75 15 16 -12.67349197781436 0.455806988594133
-2 -1.75 16 17 14.6338380460702 0.4212305597818571
-2 -1.75 17 18 35.34656281886419 0.3903455560021062
-2 -1.75 18 19 50.98297240427905 0.3626188618412977
-2 -1.75 19 20 62.68566724212565 0.3376148711525708
-2 -1.75 20 21 71.32320480349392 0.3149740215194451
-2 -1.75 21 22 77.561798748059 0.2943968097372131
-2 -1.75 22 23 81.91659041811818 0.2756317081700708
-2 -1.75 23 24 84.78877922196148 0.2584659072239862
-2 -1.75 24 25 86.49282815215349 0.2427181348277778
-2 -1.75 25 26 87.27661326975442 0.2286200784499287
-2 -1.75 26 27 87.33649644693003 0.2158498948342993
-2 -1.75 27 28 86.82870446207801 0.2040128752111737
-2 -1.75 28 29 85.87799284401797 0.1930191368638258
-2 -1.75 29 30 84.58429425383099 0.1827896522596529
-2 -1.75 30 31 83.02785744905361 0.173254675839583
-2 -1.75 31 32 81.27324628595562 0.1643524353171359
-2 -1.75 32 33 79.37247104208433 0.1560280380964975
-2 -1.75 33 34 77.36745450151483 0.1482325521638379
-2 -1.75 34 35 75.29198453710131 0.1409222289181961
-2 -1.75 35 36 73.17326778622612 0.1340578450842109
-2 -1.75 36 37 71.03317158778515 0.1276041409105793
-2 -1.75 37 38 68.88922097417782 0.1215293395477436
-2 -1.75 38 39 66.75540216167786 0.1158047352193182
-2 -1.75 39 40 64.64281244761492 0.110404336002715
-2 -1.75 40 41 62.56018766104796 0.1053045573074329
-2 -1.75 41 42 60.51433150277143 0.1004839538173567
-2 -1.75 42 43 58.51046605155796 0.09592298715939104
-2 -1.75 43 44 56.55251862863747 0.09160382229468129
-2 -1.75 44 45 54.64335709903713 0.08751014998681737
-2 -1.75 45 46 52.7839052232475 0.08438483127656821
-2 -1.75 46 47 50.97743371182881 0.0850062804616479
-2 -1.75 47 48 49.22358733134539 0.08948354005004298
-2 -1.75 48 49 47.52262954653614 0.09712941931003982
-2 -1.75 49 50 45.87418665830316 0.1052296789975875
-1.75 -1.5 0 1 3710.07838458357 0.6873401640344932
-1.75 -1.5 1 2 -3354.137008626073 0.9769083838670677
-1.75 -1.5 2 3 -5369.917669444481 1.713712943321716
-1.75 -1.5 3 4 -4053.385187096093 1.595308756610183
-1.75 -1.5 4 5 -2879.250433345932 1.405373331887922
-1.75 -1.5 5 6 -2035.055273056302 1.23178473518576
-1.75 -1.5 6 7 -1445.647405402714 1.084713889894046
-1.75 -1.5 7 8 -1032.075289760742 0.9616325414654936
-1.75 -1.5 8 9 -737.9498885595613 0.858686332666373
-1.75 -1.5 9 10 -525.6194827081404 0.7714454571367965
-1.75 -1.5 10 11 -370.236587499367 0.6971506624877621
-1.75 -1.5 11 12 -255.156876189501 0.6332482970890583
-1.75 -1.5 12 13 -169.0813814848243 0.577826014280758
-1.75 -1.5 13 14 -104.199220206003 0.5293915304747191
-1.75 -1.5 14 15 -55.01638564118002 0.4867711650512264
-1.75 -1.5 15 16 -17.60476599794129 0.4490328700862514
-1.75 -1.5 16 17 10.88685433784622 0.4154289791287153
-1.75 -1.5 17 18 32.55664122132407 0.3853537695864848
-1.75 -1.5 18 19 48.96788404122321 0.3583118785014304
-1.75 -1.5 19 20 61.29843487787025 0.3338946135978693
-1.75 -1.5 20 21 70.44468783056436 0.3117620202976978
-1.75 -1.5 21 22 77.09499791183407 0.2916291709778323
-1.75 -1.5 22 23 81.78223376029234 0.2732555787458781
-1.75 -1.5 23 24 84.9218723648687 0.2564369451371477
-1.75 -1.5 24 25 86.83993754375024 0.2409986680300929
-1.75 -1.5 25 26 87.79371163981273 0.2267906896053418
-1.75 -1.5 26 27 87.98724318079894 0.2136833759886033
-1.75 -1.5 27 28 87.58306506761767 0.2015641931306183
-1.75 -1.5 28 29 86.71112471914284 0.1903350108663912
-1.75 -1.5 29 30 85.47564298086093 0.1799098957699149
-1.75 -1.5 30 31 83.96042054553618 0.1702132976262366
-1.75 -1.5 31 32 82.23297090647657 0.1611785472869052
-1.75 -1.5 32 33 80.34775938463338 0.1527466064978228
-1.75 -1.5 33 34 78.3487562373561 0.1448650220824699
-1.75 -1.5 34 35 76.27145986053603 0.137487046433498
-1.75 -1.5 35 36 74.14450801604249 0.1305708932894176
-1.75 -1.5 36 37 71.99096684754608 0.1240791083297031
-1.75 -1.5 37 38 69.82936652261412 0.1179780293517199
-1.75 -1.5 38 39 67.67453656190128 0.1122373285923612
-1.75 -1.5 39 40 65.5382820435355 0.1068296141274722
-1.75 -1.5 40 41 63.42993285970385 0.1017300918805562
-1.75 -1.5 41 42 61.35679117301049 0.09691626900072531
-1.75 -1.5 42 43 59.32449702372026 0.09236769833157549
-1.75 -1.5 43 44 57.33732780312238 0.08806575528978676
-1.75 -1.5 44 45 55.39844411323071 0.0839934436439386
-1.75 -1.5 45 46 53.50897741046199 0.08092728742199456
-1.75 -1.5 46 47 51.67246709794321 0.08177496273060619
-1.75 -1.5 47 48 49.88869021188614 0.08666142189422592
-1.75 -1.5 48 49 48.15804943895276 0.09488021442261126
-1.75 -1.5 49 50 46.48028206460791 0.1035948432455828
-1.5 -1.25 0 1 4049.65956194454 2.307863897141188
-1.5 -1.25 1 2 -3087.319338043142 2.499527956436411
-1.5 -1.25 2 3 -5419.921053675578 1.680354434836194
-1.5 -1.25 3 4 -4139.718848960811 1.566135403283469
-1.5 -1.25 4 5 -2960.131685978864 1.383172702859399
-1.5 -1.25 5 6 -2103.64981873997 1.217212043732018
-1.5 -1.25 6 7 -1502.25113169941 1.076820383149294
-1.5 -1.25 7 8 -1078.468453412352 0.9591377311889345
-1.5 -1.25 8 9 -775.992720184071 0.8599622474665616
-1.5 -1.25 9 10 -556.9114200310087 0.7755489898178486
-1.5 -1.25 10 11 -396.0735295763784 0.7033909057191368
-1.5 -1.25 11 12 -276.5714640068327 0.6409283360721646
-1.5 -1.25 12 13 -186.8924166037584 0.5864973907734059
-1.5 -1.25 13 14 -119.0576064291197 0.5387247743770355
-1.5 -1.25 14 15 -67.44215825890433 0.4965238576856728
-1.5 -1.25 15 16 -28.01593441110435 0.4590262132492584
-1.5 -1.25 16 17 2.152151567644069 0.4255308469546584
-1.5 -1.25 17 18 25.22316557745671 0.3954664808866571
-1.5 -1.25 18 19 42.81026305042406 0.3683633436959687
-1.5 -1.25 19 20 56.13109834460533 0.3438318835024299
-1.5 -1.25 20 21 66.11404637581268 0.3215465482759224
-1.5 -1.25 21 22 73.47332145634527 0.3012333044846905
-1.5 -1.25 22 23 78.76282663091467 0.2826599407828548
-1.5 -1.25 23 24 82.41524425130035 0.2656284644507476
-1.5 -1.25 24 25 84.77074483765387 0.2499690868162555
-1.5 -1.25 25 26 86.09829901935029 0.2372970985962458
-1.5 -1.25 26 27 86.6116561434161 0.2256752914730245
-1.5 -1.25 27 28 86.48143443350682 0.2148357289608556
-1.5 -1.25 28 29 85.84434678562866 0.2047099276656444
-1.5 -1.25 29 30 84.81029606765946 0.1952367117130271
-1.5 -1.25 30 31 83.46787161005523 0.1863613164136912
-1.5 -1.25 31 32 81.88863578839494 0.1780346118298698
-1.5 -1.25 32 33 80.13048783752981 0.170212429303308
-1.5 -1.25 33 34 78.24031879271666 0.1628549772163574
-1.5 -1.25 34 35 76.25611815407922 0.1559263341384925
-1.5 -1.25 35 36 74.20865380214389 0.1493940064487027
-1.5 -1.25 36 37 72.12281776127668 0.1432285447149016
-1.5 -1.25 37 38 70.01870890083723 0.1374032072540847
-1.5 -1.25 38 39 67.91250742041467 0.131893666065139
-1.5 -1.25 39 40 65.81718374680884 0.1266777501078866
-1.5 -1.25 40 41 63.7430751705827 0.1217352181400475
-1.5 -1.25 41 42 61.69835630169865 0.1170475601651715
-1.5 -1.25 42 43 59.68942405672442 0.1125978216587
-1.5 -1.25 43 44 57.72121349919445 0.1083704481890978
-1.5 -1.25 44 45 55.79745756746723 0.10435114830642
-1.5 -1.25 45 46 53.91975767098552 0.1009374474119574
-1.5 -1.25 46 47 52.09213092289787 0.09966113620933795
-1.5 -1.25 47 48 50.31470683643064 0.1007491282650711
-1.5 -1.25 48 49 48.58822116966783 0.1040857238850739
-1.5 -1.25 49 50 46.91268783739096 0.1099867739554002
-1.25 -1 0 1 4340.258236884411 1.333402830736044
-1.25 -1 1 2 -2867.165608816983 0.7969781402788886
-1.25 -1 2 3 -5468.161469315262 1.698068198866628
-1.25 -1 3 4 -4214.617716734348 1.651979999422217
-1.25 -1 4 5 -3027.333677750761 1.478073557489588
-1.25 -1 5 6 -2158.575780573857 1.308756453342739
-1.25 -1 6 7 -1545.991046734368 1.162512617083025
-1.25 -1 7 8 -1113.042005992759 1.038626615124349
-1.25 -1 8 9 -803.3507397552899 0.9339420343554555
-1.25 -1 9 10 -578.5602523205284 0.8453354605533784
-1.25 -1 10 11 -413.2197294042185 0.7681880562313791
-1.25 -1 11 12 -290.1557714128585 0.7017058934385941
-1.25 -1 12 13 -197.6381074272729 0.6436428202852335
-1.25 -1 13 14 -127.527855744311 0.5925751938500491
-1.25 -1 14 15 -74.07864598541119 0.5473735090322452
-1.25 -1 15 16 -33.16769394444054 0.5071330937369046
-1.25 -1 16 17 -1.792742544037083 0.471122281093405
-1.25 -1 17 18 22.26240173583597 0.4387437267024134
-1.25 -1 18 19 40.65395460812738 0.4095053914452678
-1.25 -1 19 20 54.63347744061252 0.3829985980691251
-1.25 -1 20 21 65.15624755902923 0.3588812803523715
-1.25 -1 21 22 72.95797416800156 0.3368650735578872
-1.25 -1 22 23 78.60984541319601 0.3167052691271977
-1.25 -1 23 24 82.55852538799377 0.2981929272994843
-1.25 -1 24 25 85.1555551335706 0.2811486291898626
-1.25 -1 25 26 86.67919760863924 0.2654174876223623
-1.25 -1 26 27 87.3508301176962 0.2508651309335528
-1.25 -1 27 28 87.34735815928366 0.2373744477955255
-1.25 -1 28 29 86.81069620037022 0.2248429296076144
-1.25 -1 29 30 85.85506512929169 0.2131804868958636
-1.25 -1 30 31 84.57264999423217 0.2023076450373648
-1.25 -1 31 32 83.03801591821457 0.1921540433291911
-1.25 -1 32 33 81.31157619304986 0.1826571809285971
-1.25 -1 33 34 79.44233169740346 0.1737613638732176
-1.25 -1 34 35 77.47004631069916 0.1654168143088403
-1.25 -1 35 36 75.42698300760424 0.1575789172809754
-1.25 -1 36 37 73.33929570848375 0.1502075772420889
-1.25 -1 37 38 71.22814992918688 0.1432666691767761
-1.25 -1 38 39 69.11062861937165 0.1367235663029159
-1.25 -1 39 40 67.00046704549351 0.130548733502004
-1.25 -1 40 41 64.90865103477631 0.1247153759433381
-1.25 -1 41 42 62.84390544643776 0.1191991335949236
-1.25 -1 42 43 60.81309421929006 0.1139778159865059
-1.25 -1 43 44 58.821548840204 0.1090311699588662
-1.25 -1 44 45 56.87333867948394 0.1043406772126566
-1.25 -1 45 46 54.97032314268887 0.1003480008996032
-1.25 -1 46 47 53.11681205824971 0.09878088442087918
-1.25 -1 47 48 51.31311263469749 0.09991093063339182
-1.25 -1 48 49 49.56013364561582 0.1061656301458127
-1.25 -1 49 50 47.85803035789394 0.1157899239056368
-1 -0.75 0 1 4592.51241821101 1.922981230890628
-1 -0.75 1 2 -2656.812689783243 1.607614785968581
-1 -0.75 2 3 -5487.071889621455 1.600202347174143
-1 -0.75 3 4 -4260.287392327939 1.507822054985687
-1 -0.75 4 5 -3070.253232380861 1.338938069561471
-1 -0.75 5 6 -2194.134657457313 1.185018626815976
-1 -0.75 6 7 -1574.450204505285 1.054788209034473
-1 -0.75 7 8 -1135.592426153611 0.9451616858703746
-1 -0.75 8 9 -821.1555937347971 0.852407184231434
-1 -0.75 9 10 -592.7082362967535 0.7737393095178734
-1 -0.75 10 11 -424.39854894785 0.7050034605909098
-1 -0.75 11 12 -299.0078222047305 0.6455111411069899
-1 -0.75 12 13 -204.6374124748506 0.5933449090210995
-1 -0.75 13 14 -133.0443673938316 0.5472897817034511
-1 -0.75 14 15 -78.40296471274428 0.5063812258020253
-1 -0.75 15 16 -36.52969222133697 0.4698446472288449
-1 -0.75 16 17 -4.375505212885855 0.4370512537079803
-1 -0.75 17 18 20.31212002389975 0.4074855313881379
-1 -0.75 18 19 39.21783573924608 0.38072099038971
-1 -0.75 19 20 53.61563360586638 0.3564018546796144
-1 -0.75 20 21 64.47861177334789 0.3342290736966361
-1 -0.75 21 22 72.55673239187036 0.3139495177309022
-1 -0.75 22 23 78.43265223835294 0.2953475444329431
-1 -0.75 23 24 82.56231449015729 0.2782383534124181
-1 -0.75 24 25 85.30480518522143 0.2624627019338123
-1 -0.75 25 26 86.94454992005399 0.247882668401996
-1 -0.75 26 27 87.70798005540564 0.2343782305354717
-1 -0.75 27 28 87.77616124339113 0.2218444774796136
-1 -0.75 28 29 87.29444368370662 0.2101893296850197
-1 -0.75 29 30 86.37989422652765 0.1993316549610364
-1 -0.75 30 31 85.12706170170281 0.1891997076703107
-1 -0.75 31 32 83.61247926737121 0.1797298257442894
-1 -0.75 32 33 81.89820228040833 0.1708653384637165
-1 -0.75 33 34 80.03460430148874 0.1625556458046956
-1 -0.75 34 35 78.06259859113692 0.1547554377413088
-1 -0.75 35 36 76.01541188062032 0.1474240320259849
-1 -0.75 36 37 73.92000713750963 0.1405248068977705
-1 -0.75 37 38 71.79822966666376 0.1340247149924163
-1 -0.75 38 39 69.66773397112439 0.1278938658699258
-1 -0.75 39 40 67.54273604897651 0.1221051632737446
-1 -0.75 40 41 65.43462610320239 0.1166339931001309
-1 -0.75 41 42 63.35246906057091 0.1114579502786135
-1 -0.75 42 43 61.30341467879703 0.1065566011198518
-1 -0.75 43 44 59.29303443456632 0.1019112755983699
-1 -0.75 44 45 57.32559891807801 0.09750938859214682
-1 -0.75 45 46 55.40311242463986 0.09420882736231492
-1 -0.75 46 47 53.53006413299602 0.09528886807481786
-1 -0.75 47 48 51.70685507792086 0.1009040569540176
-1 -0.75 48 49 49.93449102679753 0.1102786396417774
-1 -0.75 49 50 48.21319696635007 0.1202445056222869
-0.75 -0.5 0 1 4789.429992724544 2.585750764428846
-0.75 -0.5 1 2 -2495.467702842659 2.02581182325489
-0.75 -0.5 2 3 -5507.492147121615 1.599895719248376
-0.75 -0.5 3 4 -4302.536296273263 1.515745086418746
-0.75 -0.5 4 5 -3110.340745172787 1.347640678483161
-0.75 -0.5 5 6 -2228.048534371689 1.192647149366615
-0.75 -0.5 6 7 -1602.259431547171 1.061086779230641
-0.75 -0.5 7 8 -1158.214265706548 0.9503087914740774
-0.75 -0.5 8 9 -839.5522403752661 0.8566989573770248
-0.75 -0.5 9 10 -607.7122620488062 0.7866833114131826
-0.75 -0.5 10 11 -436.6755912576264 0.7274340191391072
-0.75 -0.5 11 12 -309.0864264405163 0.6741792542879083
-0.75 -0.5 12 13 -212.9345197821506 0.6261579594592812
-0.75 -0.5 13 14 -139.8899298996994 0.582826336520472
-0.75 -0.5 14 15 -84.05954236872526 0.5436564982488306
-0.75 -0.5 15 16 -41.20756497595607 0.508165611836276
-0.75 -0.5 16 17 -8.244188945052429 0.4759243148480582
-0.75 -0.5 17 18 17.11510771451753 0.4465560820538348
-0.75 -0.5 18 19 36.58027628048967 0.4197329117514724
-0.75 -0.5 19 20 51.44545456420246 0.3951698170947514
-0.75 -0.5 20 21 62.69989384632277 0.3726192500672006
-0.75 -0.5 21 22 71.10659134069601 0.3518659390981763
-0.75 -0.5 22 23 77.25878563295475 0.3327223111458451
-0.75 -0.5 23 24 81.6210575871188 0.315024523183389
-0.75 -0.5 24 25 84.55957983512849 0.2986290663635893
-0.75 -0.5 25 26 86.36461924043033 0.283409877661817
-0.75 -0.5 26 27 87.26744274362659 0.2692558923380486
-0.75 -0.5 27 28 87.45313501682529 0.2560689711267071
-0.75 -0.5 28 29 87.0703989598353 0.2437621439109049
-0.75 -0.5 29 30 86.23910787123793 0.2322581199642843
-0.75 -0.5 30 31 85.05616727996653 0.2214880212916261
-0.75 -0.5 31 32 83.60009525833846 0.2113903028354126
-0.75 -0.5 32 33 81.93462358905663 0.2019098303539038
-0.75 -0.5 33 34 80.11154539012284 0.192997090198921
-0.75 -0.5 34 35 78.17297888811345 0.1846075098363476
-0.75 -0.5 35 36 76.15317594944077 0.1767008728779442
-0.75 -0.5 36 37 74.07997353343643 0.169240812946712
-0.75 -0.5 37 38 71.97596355195242 0.1621943754678601
-0.75 -0.5 38 39 69.85943947081381 0.1555316368760794
-0.75 -0.5 39 40 67.74516506029613 0.1492253715554191
-0.75 -0.5 40 41 65.64500086101287 0.1432507631065978
-0.75 -0.5 41 42 63.56841623249642 0.1375851490225933
-0.75 -0.5 42 43 61.52290915558251 0.1322077979909524
-0.75 -0.5 43 44 59.51435128673546 0.1270997134534076
-0.75 -0.5 44 45 57.54727225665448 0.1222434595540619
-0.75 -0.5 45 46 55.62388338032378 0.1180545554763347
-0.75 -0.5 46 47 53.74889448119853 0.1161556547173749
-0.75 -0.5 47 48 51.92285779217184 0.1168191987302498
-0.75 -0.5 48 49 50.14692425243692 0.1199570675008342
-0.75 -0.5 49 50 48.42144042464702 0.1240121810708327
-0.5 -0.25 0 1 4922.351813723059 2.650417518708966
-0.5 -0.25 1 2 -2389.109770064389 1.723831120230485
-0.5 -0.25 2 3 -5523.522338523873 1.587118715525799
-0.5 -0.25 3 4 -4332.415008910271 1.515459596547796
-0.5 -0.25 4 5 -3138.041986474512 1.35276255144931
-0.5 -0.25 5 6 -2251.074944055303 1.243754105631072
-0.5 -0.25 6 7 -1620.822710907886 1.145260830494646
-0.5 -0.25 7 8 -1173.049896735686 1.049625135681763
-0.5 -0.25 8 9 -851.3925565384357 0.9613537563465409
-0.5 -0.25 9 10 -617.1678994421477 0.8830662440755818
-0.5 -0.25 10 11 -444.2376997227084 0.812472354279746
-0.5 -0.25 11 12 -315.1354546804696 0.7497983671234864
-0.5 -0.25 12 13 -217.7691237764056 0.6938822433431096
-0.5 -0.25 13 14 -143.7446410120365 0.64385899819336
-0.5 -0.25 14 15 -87.11968806437017 0.5989607372693605
-0.5 -0.25 15 16 -43.62060402793577 0.5585224197912626
-0.5 -0.25 16 17 -10.12825302434521 0.521974303817781
-0.5 -0.25 17 18 15.66477026312327 0.4888302338186156
-0.5 -0.25 18 19 35.48641234647835 0.4586755215297589
-0.5 -0.25 19 20 50.64507029693073 0.431155850744176
-0.5 -0.25 20 21 62.1413755500962 0.4059676460957148
-0.5 -0.25 21 22 70.74746814580726 0.3828499240707172
-0.5 -0.25 22 23 77.06397684020499 0.361577487396312
-0.5 -0.25 23 24 81.56148923722026 0.3419552754157795
-0.5 -0.25 24 25 84.61108499500165 0.3238136832276389
-0.5 -0.25 25 26 86.50705811455668 0.3070046828617669
-0.5 -0.25 26 27 87.48399444928532 0.2913986031257649
-0.5 -0.25 27 28 87.72972439658929 0.2768814498659326
-0.5 -0.25 28 29 87.39523034283241 0.2633526676133192
-0.5 -0.25 29 30 86.60228406866656 0.2507232649327374
-0.5 -0.25 30 31 85.44937690293693 0.2389142373917758
-0.5 -0.25 31 32 84.01635509420987 0.2278552365445682
-0.5 -0.25 32 33 82.36806556588749 0.2174834421207794
-0.5 -0.25 33 34 80.55723981443577 0.2077426032186856
-0.5 -0.25 34 35 78.62678731589079 0.1985822193633717
-0.5 -0.25 35 36 76.61162836121292 0.1899568396141786
-0.5 -0.25 36 37 74.54016551631253 0.1818254602396954
-0.5 -0.25 37 38 72.43547000489332 0.1741510049144436
-0.5 -0.25 38 39 70.31624200333636 0.1668998750068733
-0.5 -0.25 39 40 68.1975907709396 0.1600415600895194
-0.5 -0.25 40 41 66.09167060211615 0.1535482984061771
-0.5 -0.25 41 42 64.00820080106297 0.1473947802482268
-0.5 -0.25 42 43 61.95489212741307 0.1415578891601497
-0.5 -0.25 43 44 59.93779742965205 0.1360164742168383
-0.5 -0.25 44 45 57.96160063999588 0.1307511498546517
-0.5 -0.25 45 46 56.02863269459851 0.1261563306498666
-0.5 -0.25 46 47 54.14373618590855 0.1237848885371361
-0.5 -0.25 47 48 52.30754687629809 0.1239164346188352
-0.5 -0.25 48 49 50.52129650530401 0.1264991513460353
-0.5 -0.25 49 50 48.78539791277791 0.1300498591070821
-0.25 0 0 1 4990.407137203821 2.801292586869303
-0.25 0 1 2 -2332.978626401628 2.175717081604724
-0.25 0 2 3 -5529.166236152907 1.598024613916849
-0.25 0 3 4 -4344.849480520759 1.521486973914735
-0.25 0 4 5 -3149.367177972678 1.355870403086418
-0.25 0 5 6 -2260.162330238742 1.201685447447551
-0.25 0 6 7 -1627.837237590672 1.070214980554025
-0.25 0 7 8 -1178.380451216981 0.9839805442783458
-0.25 0 8 9 -855.4038695413778 0.9074963423327178
-0.25 0 9 10 -620.1585518362649 0.8369926858294273
-0.25 0 10 11 -446.4370556907784 0.7737095736964551
-0.25 0 11 12 -316.719449163807 0.7165161817885962
-0.25 0 12 13 -218.8726492455821 0.665060839146956
-0.25 0 13 14 -144.4716865788428 0.618718819049449
-0.25 0 14 15 -87.55101584648764 0.5768950703857068
-0.25 0 15 16 -43.81941391531677 0.5390516011448884
-0.25 0 16 17 -10.14435226606724 0.5047138345964991
-0.25 0 17 18 15.79188245782598 0.4734680977426842
-0.25 0 18 19 35.72524321485207 0.4449557348281401
-0.25 0 19 20 50.97039892088151 0.4188663270477805
-0.25 0 20 21 62.53293206306716 0.3949311041801173
-0.25 0 21 22 71.18891798501818 0.3729169808541382
-0.25 0 22 23 77.54213231145741 0.3526213435928283
-0.25 0 23 24 82.06569230944672 0.3338675787713818
-0.25 0 24 25 85.13272042758808 0.3165012750750948
-0.25 0 25 26 87.03916675981156 0.3003870137428237
-0.25 0 26 27 88.02096424081913 0.2854056616607202
-0.25 0 27 28 88.26704207974899 0.2714520890130619
-0.25 0 28 29 87.92928104727241 0.2584332420069576
-0.25 0 29 30 87.13018881493895 0.2462665134856498
-0.25 0 30 31 85.96886036546505 0.2348783602652376
-0.25 0 31 32 84.52563762747059 0.2242031291460941
-0.25 0 32 33 82.86577477858646 0.2141820547729689
-0.25 0 33 34 81.04233796439235 0.2047624030439182
-0.25 0 34 35 79.09851155413173 0.195896736251002
-0.25 0 35 36 77.06944145435057 0.1875422812124427
-0.25 0 36 37 74.9837151346768 0.1796603830595357
-0.25 0 37 38 72.86455503796583 0.1722160334328731
-0.25 0 38 39 70.73078465353768 0.1651774603637865
-0.25 0 39 40 68.59761340940167 0.1585157714312831
-0.25 0 40 41 66.47727655978406 0.1522046421795271
-0.25 0 41 42 64.37955841561688 0.1462200439742899
-0.25 0 42 43 62.31222149129457 0.1405400042849346
-0.25 0 43 44 60.28135938170749 0.1351443967080359
-0.25 0 44 45 58.29168762252459 0.1300147553131266
-0.25 0 45 46 56.34555437245552 0.1255546357189149
-0.25 0 46 47 54.44783188455568 0.1233473040649363
-0.25 0 47 48 52.59916166313292 0.1236729422502188
-0.25 0 48 49 50.80078362222991 0.1264716595781284
-0.25 0 49 50 49.0531129180541 0.1302307988985561
0 0.25 0 1 4989.97086274385 2.801285715939087
0 0.25 1 2 -2333.743999711398 2.175675331224196
0 0.25 2 3 -5529.556582253785 1.597984633153262
0 0.25 3 4 -4344.801551642769 1.521489367945106
0 0.25 4 5 -3149.083367548536 1.35590259948682
0 0.25 5 6 -2259.787817442696 1.201736831150405
0 0.25 6 7 -1627.444120688971 1.070278114604825
0 0.25 7 8 -1178.001815115434 0.9840466909892026
0 0.25 8 9 -855.0525689197293 0.9075620558158359
0 0.25 9 10 -619.8376801905279 0.837057698488497
0 0.25 10 11 -446.1460697005818 0.7737685221777247
0 0.25 11 12 -316.455234606155 0.7165701964981444
0 0.25 12 13 -218.6319446764774 0.6651098780347612
0 0.25 13 14 -144.2514053832401 0.6187631099133569
0 0.25 14 15 -87.34846245537506 0.5769349735082691
0 0.25 15 16 -43.63232594481656 0.5390875265062391
0 0.25 16 17 -9.970866868667827 0.5047461945391856
0 0.25 17 18 15.9532890984367 0.4734972824754116
0 0.25 18 19 35.87582004507522 0.444982101088806
0 0.25 19 20 51.11117787493708 0.4188901941687049
0 0.25 20 21 62.66477627774589 0.3949527548669372
0 0.25 21 22 71.31256016218163 0.3729366632098753
0 0.25 22 23 77.65820434235889 0.3526392747639545
0 0.25 23 24 82.17474768817374 0.3338839485606612
0 0.25 24 25 85.23525097268305 0.3165162492305711
0 0.25 25 26 87.13561497501826 0.3004007371830812
0 0.25 26 27 88.1117324083765 0.2854182613676302
0 0.25 27 28 88.35249894619562 0.2714636763625365
0 0.25 28 29 88.00976676211087 0.2584439150675913
0 0.25 29 30 87.20601861376656 0.2462763587008195
0 0.25 30 31 86.04032736328827 0.234887454180833
0 0.25 31 32 84.59301498334423 0.2242115396092157
0 0.25 32 33 82.92931742166695 0.2141898420784053
0 0.25 33 34 81.1022840133752 0.2047696210336885
0 0.25 34 35 79.15508352272684 0.1959034330208739
0 0.25 35 36 77.12284730562686 0.1875484999273
0 0.25 36 37 75.03414922773391 0.1796661624640631
0 0.25 37 38 72.91219899443524 0.1722214084180841
0 0.25 38 39 70.77580816335779 0.1651824624842755
0 0.25 39 40 68.64017498532286 0.1585204291415026
0 0.25 40 41 66.51752425088364 0.1522089814859031
0 0.25 41 42 64.41763048153416 0.1462240882862819
0 0.25 42 43 62.34824704154568 0.1405437750637722
0 0.25 43 44 60.31545897994573 0.135147913431068
0 0.25 44 45 58.32397385927987 0.1300180359050691
0 0.25 45 46 56.3761322533536 0.1255577602508335
0 0.25 46 47 54.47679966405838 0.1233505890407808
0 0.25 47 48 52.62661100513378 0.1236767327795393
0 0.25 48 49 50.8268002102385 0.1264762712264859
0 0.25 49 50 49.07777668283083 0.1302363180606806
0.25 0.5 0 1 4921.085722421109 2.650405211970773
0.25 0.5 1 2 -2391.3204110404 1.723742841313753
0.25 0.5 2 3 -5524.62860269229 1.587060504109961
0.25 0.5 3 4 -4332.244970881819 1.515490081590779
0.25 0.5 4 5 -3137.1918416764 1.352856651182754
0.25 0.5 5 6 -2249.967186198045 1.243880058790627
0.25 0.5 6 7 -1619.665172138331 1.145399629833946
0.25 0.5 7 8 -1171.937136276244 1.049763941017268
0.25 0.5 8 9 -850.3599548415855 0.961941976157627
0.25 0.5 9 10 -616.2262890531933 0.882735963499823
0.25 0.5 10 11 -443.3825671314785 0.8125928759661122
0.25 0.5 11 12 -314.3583694724962 0.7499093089489994
0.25 0.5 12 13 -217.0605065024765 0.6939837866646449
0.25 0.5 13 14 -143.0954896349558 0.6439516717043946
0.25 0.5 14 15 -86.52217533202997 0.599045227908958
0.25 0.5 15 16 -43.06818058398835 0.5585994617012436
0.25 0.5 16 17 -9.615537867613966 0.522044616703262
0.25 0.5 17 18 16.14217247349598 0.4888944917919163
0.25 0.5 18 19 35.93210150008576 0.4587343393553608
0.25 0.5 19 20 51.06202077259968 0.4312097806293671
0.25 0.5 20 21 62.53207694266371 0.4060171797664597
0.25 0.5 21 22 71.11403666329284 0.3828954971656642
0.25 0.5 22 23 77.40824092326602 0.3616194853096937
0.25 0.5 23 24 81.88505404171292 0.3419940389326588
0.25 0.5 24 25 84.91538027262857 0.3238495140949106
0.25 0.5 25 26 86.79337343419502 0.3070378486091597
0.25 0.5 26 27 87.75350497428383 0.2914293416448303
0.25 0.5 27 28 87.9835097402771 0.2769099729379328
0.25 0.5 28 29 87.63428842182566 0.263379164475131
0.25 0.5 29 30 86.82754138997291 0.2507479050958925
0.25 0.5 30 31 85.66169633263166 0.2389371729804759
0.25 0.5 31 32 84.21654186832802 0.2278766044244475
0.25 0.5 32 33 82.55687208062898 0.217503365863919
0.25 0.5 33 34 80.73536957475164 0.2077611944502889
0.25 0.5 34 35 78.79489830232228 0.1985995792127347
0.25 0.5 35 36 76.77033599301313 0.1899730600358785
0.25 0.5 36 37 74.69004532760954 0.1818406247534087
0.25 0.5 37 38 72.57706011166044 0.1741651895491439
0.25 0.5 38 39 70.45004540977413 0.1669131494105635
0.25 0.5 39 40 68.32407754526145 0.1600539878707089
0.25 0.5 40 41 66.21127993931719 0.1535599376887287
0.25 0.5 41 42 64.12134298356267 0.1474056845912073
0.25 0.5 42 43 62.06195038839519 0.1415681076454649
0.25 0.5 43 44 60.03912972281421 0.1360260519583827
0.25 0.5 44 45 58.05754131655425 0.130760128590732
0.25 0.5 45 46 56.11949365324307 0.1261649313097418
0.25 0.5 46 47 54.22980929890844 0.1237940121237552
0.25 0.5 47 48 52.38910449301676 0.1239270731886005
0.25 0.5 48 49 50.59859324058607 0.1265122210249645
0.25 0.5 49 50 48.85867132342895 0.1300656156741365
0.5 0.75 0 1 4787.454750750681 2.585751245422769
0.5 0.75 1 2 -2498.893095691129 2.025814800746767
0.5 0.75 2 3 -5509.151418166073 1.59990979342472
0.5 0.75 3 4 -4302.178997710409 1.515790963257513
0.5 0.75 4 5 -3108.919832902453 1.347729510513431
0.5 0.75 5 6 -2226.233739317447 1.19277070145725
0.5 0.75 6 7 -1600.377468288396 1.061230953763864
0.5 0.75 7 8 -1156.411458027871 0.9507187779146121
0.5 0.75 8 9 -837.8848019520788 0.8565913372696167
0.5 0.75 9 10 -606.190104907444 0.7868223912896098
0.5 0.75 10 11 -435.2946918345656 0.727572802502111
0.5 0.75 11 12 -307.8312694004371 0.6743085964406315
0.5 0.75 12 13 -211.7894006050992 0.6262779533905104
0.5 0.75 13 14 -138.8402647007536 0.5829374370486868
0.5 0.75 14 15 -83.09273845749863 0.5437593233791237
0.5 0.75 15 16 -40.31313356697842 0.508260829862361
0.5 0.75 16 17 -7.41353894752433 0.4760125834821227
0.5 0.75 17 18 17.88897965434126 0.4466380181873931
0.5 0.75 18 19 37.30309968942174 0.4198090788299364
0.5 0.75 19 20 52.1219618448074 0.3952407223541735
0.5 0.75 20 21 63.33404748194584 0.3726853467939523
0.5 0.75 21 22 71.70176264320776 0.3519276311950312
0.5 0.75 22 23 77.81789143894923 0.3327799583571881
0.5 0.75 23 24 82.14666275375043 0.3150784469830714
0.5 0.75 24 25 85.05397303332393 0.2986795544661899
0.5 0.75 25 26 86.82986848287089 0.2834571887267613
0.5 0.75 26 27 87.70543586208123 0.269300259657257
0.5 0.75 27 28 87.86560915258451 0.2561106061271895
0.5 0.75 28 29 87.45896215031223 0.2438012386835614
0.5 0.75 29 30 86.60525502415408 0.23229484970697
0.5 0.75 30 31 85.40129220740141 0.2215225462652307
0.5 0.75 31 32 83.92549997421827 0.211422770010116
0.5 0.75 32 33 82.24152572016112 0.2019403750319598
0.5 0.75 33 34 80.40108429606812 0.1930258368160814
0.5 0.75 34 35 78.44622089727835 0.1846345734545308
0.5 0.75 35 36 76.41111898522138 0.1767263596613979
0.5 0.75 36 37 74.32355131409338 0.1692648215603406
0.5 0.75 37 38 72.20604947916848 0.162216997034736
0.5 0.75 38 39 70.07685028073621 0.155552956031041
0.5 0.75 39 40 67.95066428203785 0.1492454672178172
0.5 0.75 40 41 65.83930210585191 0.1432697085326146
0.5 0.75 41 42 63.75218632919257 0.1376030122960158
0.5 0.75 42 43 61.69677113655126 0.1322246426490718
0.5 0.75 43 44 59.67888723090584 0.1271155987737451
0.5 0.75 44 45 57.70302598576546 0.1222584410363135
0.5 0.75 45 46 55.77136233206539 0.1180689901148708
0.5 0.75 46 47 53.88857355487227 0.1161710384957475
0.5 0.75 47 48 52.05518023295809 0.1168371701616551
0.5 0.75 48 49 50.27230451709272 0.119979115588845
0.5 0.75 49 50 48.54026527587013 0.1240386871908522
0.75 1 0 1 4589.926771794897 1.922946027123071
0.75 1 1 2 -2661.262637784781 1.607382090227475
0.75 1 2 3 -5489.147701133692 1.600008056128242
0.75 1 3 4 -4259.685194470539 1.507889295653958
0.75 1 4 5 -3068.249922946346 1.339256239569582
0.75 1 5 6 -2191.620812703788 1.185478377448623
0.75 1 6 7 -1571.858397755165 1.055292421312501
0.75 1 7 8 -1133.116106438963 0.945658583452884
0.75 1 8 9 -818.8651365325704 0.8535129833778838
0.75 1 9 10 -590.6210710305654 0.773457304517943
0.75 1 10 11 -422.5042966377023 0.7053593884191397
0.75 1 11 12 -297.2863046779512 0.6458229853536714
0.75 1 12 13 -203.0671372959771 0.5936178054185748
0.75 1 13 14 -131.6054204368977 0.5475289685919759
0.75 1 14 15 -77.07814807135264 0.5065915502896751
0.75 1 15 16 -35.30466066774511 0.4700303885147586
0.75 1 16 17 -3.238482650988999 0.4372160931776321
0.75 1 17 18 21.3707594842183 0.4076325879473232
0.75 1 18 19 40.2059903331874 0.3808528816276417
0.75 1 19 20 54.53984594305803 0.3565207651196223
0.75 1 20 21 65.34437435540917 0.3343368210207552
0.75 1 21 22 73.36872820733993 0.314047612848699
0.75 1 22 23 79.1949390786184 0.2954372440323041
0.75 1 23 24 83.27846349914819 0.2783207048023569
0.75 1 24 25 85.97800365690136 0.2625385806466468
0.75 1 25 26 87.57767693852031 0.2479528093631189
0.75 1 26 27 88.30366193161558 0.2344432535397966
0.75 1 27 28 88.33681217002038 0.2219049082942867
0.75 1 28 29 87.82229572693598 0.2102456168267401
0.75 1 29 30 86.87701971247122 0.1993841836363235
0.75 1 30 31 85.59539023849436 0.1892488107705017
0.75 1 31 32 84.0538110125832 0.1797757929901273
0.75 1 32 33 82.31421859886007 0.170908423791287
0.75 1 33 34 80.42687661390698 0.1625960726898833
0.75 1 34 35 78.43259596628207 0.1547934048598091
0.75 1 35 36 76.36450774462247 0.1474597164058037
0.75 1 36 37 74.2494853515181 0.1405583675753015
0.75 1 37 38 72.1092901342987 0.1340562952138365
0.75 1 38 39 69.96149788065827 0.1279235957527514
0.75 1 39 40 67.82025081399837 0.1221331609527842
0.75 1 40 41 65.69687004090093 0.1166603666844544
0.75 1 41 42 63.60035582991361 0.1114827987976462
0.75 1 42 43 61.53779749250083 0.1065800159131085
0.75 1 43 44 59.5147100495065 0.1019333406234214
0.75 1 44 45 57.53531141351516 0.09753018089091561
0.75 1 45 46 55.60155582648611 0.09422880124372776
0.75 1 46 47 53.71788774912585 0.09530986354039868
0.75 1 47 48 51.88466474503122 0.1009279485032905
0.75 1 48 49 50.10285307531925 0.1103069331054502
0.75 1 49 50 48.37263975695529 0.1202774306419307
1 1.25 0 1 4337.131928019935 1.333420156151554
1 1.25 1 2 -2872.526097736894 0.7972361299297396
1 1.25 2 3 -5470.606980792061 1.698275165751304
1 1.25 3 4 -4213.782108310294 1.652127154576394
1 1.25 4 5 -3024.774497997949 1.478139426927468
1 1.25 5 6 -2155.383750074969 1.308798269582791
1 1.25 6 7 -1542.700440345758 1.162574968795335
1 1.25 7 8 -1109.892374736832 1.039078471723191
1 1.25 8 9 -800.4073761588643 0.9337131736871876
1 1.25 9 10 -575.9332209980398 0.8454627884062951
1 1.25 10 11 -410.8063535044448 0.7683485303795893
1 1.25 11 12 -287.9626404442274 0.7018738625180594
1 1.25 12 13 -195.6386662319262 0.643813874874803
1 1.25 13 14 -125.6972139574382 0.5927462333964336
1 1.25 14 15 -72.39510827289155 0.5475423635386552
1 1.25 15 16 -31.61301251643545 0.507298242723551
1 1.25 16 17 -0.3518208764753581 0.471282662503768
1 1.25 17 18 23.60199319951789 0.4388986113159901
1 1.25 18 19 41.90248119038552 0.4096542984627926
1 1.25 19 20 55.79948971154613 0.3831412358704478
1 1.25 20 21 66.24695453932122 0.3590175034942918
1 1.25 21 22 73.97954001501284 0.336994849619231
1 1.25 22 23 79.5676187964325 0.3168286526514479
1 1.25 23 24 83.45721357149489 0.2983100388331043
1 1.25 24 25 85.99935450405599 0.2812596382613891
1 1.25 25 26 87.47189086144544 0.2655225989549837
1 1.25 26 27 88.09585843874095 0.25096457335031
1 1.25 27 28 88.04787495664891 0.2374684653369133
1 1.25 28 29 87.46960738548057 0.2249317744210659
1 1.25 29 30 86.47505969858253 0.2132644138739241
1 1.25 30 31 85.15622366304069 0.2023869075336555
1 1.25 31 32 83.58748981180111 0.1922288899067803
1 1.25 32 33 81.82911202533512 0.1827278533942797
1 1.25 33 34 79.92994445342504 0.1738280950040756
1 1.25 34 35 77.92961513980009 0.1654798274035184
1 1.25 35 36 75.86026081842863 0.1576384250570501
1 1.25 36 37 73.74791779996212 0.1502637817863521
1 1.25 37 38 71.61364188087583 0.1433197615497776
1 1.25 38 39 69.47441359250479 0.1367737269128167
1 1.25 39 40 67.34387259290008 0.1305961323538007
1 1.25 40 41 65.23291548438294 0.1247601725896952
1 1.25 41 42 63.15018390005901 0.1192414781261926
1 1.25 42 43 61.10246419743794 0.1140178490569729
1 1.25 43 44 59.09501559125914 0.1090690234978053
1 1.25 44 45 57.13184016906024 0.1043764747751662
1 1.25 45 46 55.21473349318194 0.1003824527409603
1 1.25 46 47 53.34794861708644 0.09881689557906619
1 1.25 47 48 51.53173747999702 0.09995157457908527
1 1.25 48 49 49.76695874456831 0.1062123621192596
1 1.25 49 50 48.05371959603792 0.1158418719377987
1.25 1.5 0 1 4046.273100086156 2.308039326897916
1.25 1.5 1 2 -3093.046005300512 2.500234330135417
1.25 1.5 2 3 -5422.349999110194 1.681018283548334
1.25 1.5 3 4 -4138.517226199077 1.566174837742113
1.25 1.5 4 5 -2957.054022735865 1.38293829196406
1.25 1.5 5 6 -2099.903017556275 1.216890936348995
1.25 1.5 6 7 -1498.419296506816 1.076489822984125
1.25 1.5 7 8 -1074.810617514441 0.9590925781381846
1.25 1.5 8 9 -772.6104415789127 0.8592265837527201
1.25 1.5 9 10 -553.8235284318243 0.7756161110592682
1.25 1.5 10 11 -393.2650144299741 0.7032770807473632
1.25 1.5 11 12 -274.0150908429391 0.6408694052791378
1.25 1.5 12 13 -184.5580686387452 0.5864849268100274
1.25 1.5 13 14 -116.9172154142461 0.5387502802892106
1.25 1.5 14 15 -65.47130580945918 0.4965795139431826
1.25 1.5 15 16 -26.19407805548963 0.4591051747824767
1.25 1.5 16 17 3.842035953274944 0.4256273056106006
1.25 1.5 17 18 26.79513524741742 0.395575612779665
1.25 1.5 18 19 44.27597202856168 0.3684812068143626
1.25 1.5 19 20 57.50029751157012 0.3439553000215617
1.25 1.5 20 21 67.39499669810357 0.3216729877919063
1.25 1.5 21 22 74.67312137882664 0.3013607771865347
1.25 1.5 22 23 79.8876645619456 0.2827869025734078
1.25 1.5 23 24 83.47058984168018 0.265753735582521
1.25 1.5 24 25 85.76149224838241 0.2500917827222026
1.25 1.5 25 26 87.02887356254712 0.2374156856089613
1.25 1.5 26 27 87.48609354502162 0.2257893033780666
1.25 1.5 27 28 87.30343994720033 0.214944944666745
1.25 1.5 28 29 86.61733966366228 0.2048142425847031
1.25 1.5 29 30 85.5374434899968 0.1953361094968202
1.25 1.5 30 31 84.15211508505786 0.18645584689492
1.25 1.5 31 32 82.53271219855094 0.1781243732898878
1.25 1.5 32 33 80.73694668770185 0.1702975548174293
1.25 1.5 33 34 78.81153675172777 0.162935624008808
1.25 1.5 34 35 76.79431165392839 0.1560026748720449
1.25 1.5 35 36 74.71589021866117 0.1494662233689856
1.25 1.5 36 37 72.60102553100188 0.1432968243644806
1.25 1.5 37 38 70.46968681326871 0.1374677367288102
1.25 1.5 38 39 68.33793324317975 0.1319546308361236
1.25 1.5 39 40 66.21862228654999 0.1267353313458428
1.25 1.5 40 41 64.12198583897748 0.1217895917949487
1.25 1.5 41 42 62.05610023051986 0.1170988957852128
1.25 1.5 42 43 60.02727079113401 0.1126462818603488
1.25 1.5 43 44 58.04034729389502 0.1084161882596996
1.25 1.5 44 45 56.09898330088214 0.104394316198194
1.25 1.5 45 46 54.20470496191092 0.1009788776664487
1.25 1.5 46 47 52.36146240241715 0.09970421558312613
1.25 1.5 47 48 50.56932003339483 0.1007974314457299
1.25 1.5 48 49 48.82895456064315 0.1041423041674002
1.25 1.5 49 50 47.14032329872202 0.1100511282037281
1.5 1.75 0 1 3706.644816629163 0.6885595081072005
1.5 1.75 1 2 -3359.83145891358 0.980573798186557
1.5 1.75 2 3 -5372.057931168953 1.714950232046294
1.5 1.75 3 4 -4051.706383604979 1.595180400208397
1.5 1.75 4 5 -2875.63045044301 1.404604911915455
1.5 1.75 5 6 -2030.768802669482 1.230853121495095
1.5 1.75 6 7 -1441.306379483483 1.083828866869817
1.5 1.75 7 8 -1027.949553710871 0.9608621913295611
1.5 1.75 8 9 -734.1388500826306 0.8581084402017329
1.5 1.75 9 10 -522.142283801355 0.7710008487005536
1.5 1.75 10 11 -367.0745064428997 0.6968392865001354
1.5 1.75 11 12 -252.2784682098966 0.6330488119310532
1.5 1.75 12 13 -166.4529603311501 0.577717779055851
1.5 1.75 13 14 -101.7895510516569 0.5293561709745898
1.5 1.75 14 15 -52.79830716353445 0.4867929924435375
1.5 1.75 15 16 -15.55538196912721 0.4490988065473342
1.5 1.75 16 17 12.78658508107924 0.4155282918340708
1.5 1.75 17 18 34.32251006145202 0.385477749756206
1.5 1.75 18 19 50.61304461849477 0.3584535250374528
1.5 1.75 19 20 62.83394411053723 0.3340483451417492
1.5 1.75 20 21 71.87995264988945 0.3119234237224419
1.5 1.75 21 22 78.43812961231527 0.291794787038693
1.5 1.75 22 23 83.0403220005478 0.2734227216918914
1.5 1.75 23 24 86.1011935924538 0.256603553458932
1.5 1.75 24 25 87.946111968065 0.2411631805609449
1.5 1.75 25 26 88.83182089865898 0.2269519448695283
1.5 1.75 26 27 88.96191855361644 0.2138405298199064
1.5 1.75 27 28 88.49855393576627 0.2017166517442927
1.5 1.75 28 29 87.57134113727454 0.1904823771849356
1.5 1.75 29 30 86.2842067358323 0.1800519260732828
1.5 1.75 30 31 84.72068792169046 0.1703498666577663
1.5 1.75 31 32 82.94805948975034 0.1613096206829919
1.5 1.75 32 33 81.02056857867672 0.1528722187137317
1.5 1.75 33 34 78.98198467382406 0.1449852588098336
1.5 1.75 34 35 76.86762053762146 0.1376020307744544
1.5 1.75 35 36 74.70594174001303 0.1306807752570572
1.5 1.75 36 37 72.51985437464072 0.124184055629419
1.5 1.75 37 38 70.32773967348425 0.1180782217396134
1.5 1.75 38 39 68.14428849138727 0.1123329520047529
1.5 1.75 39 40 65.98117679100869 0.1069208571499836
1.5 1.75 40 41 63.84761426606065 0.1018171428452142
1.5 1.75 41 42 61.75079122328094 0.09699931379526427
1.5 1.75 42 43 59.69624365888524 0.09244691850687144
1.5 1.75 43 44 57.68815223358575 0.08814132730420843
1.5 1.75 44 45 55.7295876618125 0.08406553782498927
1.5 1.75 45 46 53.821596288352 0.08099669953124798
1.5 1.75 46 47 51.96764183283818 0.08184478417927005
1.5 1.75 47 48 50.16742788206815 0.08673477170533361
1.5 1.75 48 49 48.42129055870663 0.09495956500496819
1.5 1.75 49 50 46.72890338682322 0.1036805481632277
1.75 2 0 1 3342.403049268702 0.4308702366875556
1.75 2 1 2 -3638.177979500025 2.126534733251081
1.75 2 2 3 -5321.380152730054 2.236912327758291
1.75 2 3 4 -3970.594706653927 1.863129422858221
1.75 2 4 5 -2803.876811660987 1.555611559931855
1.75 2 5 6 -1972.881583715135 1.322890971428406
1.75 2 6 7 -1395.69566322085 1.14398116586164
1.75 2 7 8 -992.1852073391597 1.002511979356357
1.75 2 8 9 -706.0683509533637 0.888428696336746
1.75 2 9 10 -500.0553929367002 0.794002837514453
1.75 2 10 11 -349.6629178881626 0.7148389276118867
1.75 2 11 12 -238.5420974028711 0.6474924306944229
1.75 2 12 13 -155.6249720879539 0.5895384489383246
1.75 2 13 14 -93.277499094929 0.5391795892291301
1.75 2 14 15 -46.1405715369126 0.4950534328341363
1.75 2 15 16 -10.38924290922637 0.456107079952326
1.75 2 16 17 16.74839073262592 0.4215130410551735
1.75 2 17 18 37.30912545031333 0.3906113720226964
1.75 2 18 19 52.80843245557116 0.3628689268773859
1.75 2 19 20 64.38664145276289 0.3378500616785422
1.75 2 20 21 72.9104984696512 0.3151951752789928
1.75 2 21 22 79.04477467738923 0.294604726980229
1.75 2 22 23 83.30345776716479 0.2758271533083071
1.75 2 23 24 86.08681607311712 0.2586496096825719
1.75 2 24 25 87.7085515368949 0.2428907897832142
1.75 2 25 26 88.41590863527108 0.2287820726720661
1.75 2 26 27 88.40471641709462 0.2160017183151524
1.75 2 27 28 87.8307446562377 0.2041551831782739
1.75 2 28 29 86.8183507199343 0.1931525444504918
1.75 2 29 30 85.46711545755409 0.1829147357754934
1.75 2 30 31 83.85697300090806 0.1733719743940157
1.75 2 31 32 82.05220303576402 0.1644624529032557
1.75 2 32 33 80.10455715829352 0.1561312451521423
1.75 2 33 34 78.05572126398522 0.1483293873094656
1.75 2 34 35 75.93926533568822 0.141013101040306
1.75 2 35 36 73.78219496907548 0.1341431348049826
1.75 2 36 37 71.60619161171292 0.1276842025729525
1.75 2 37 38 69.4286081790811 0.1216045027168682
1.75 2 38 39 67.26327139508214 0.1158753066673506
1.75 2 39 40 65.12113070191378 0.1104706007443258
1.75 2 40 41 63.01078484396572 0.1053667807423072
1.75 2 41 42 60.93891042572216 0.1005423827838216
1.75 2 42 43 58.91061170750999 0.09597785115094076
1.75 2 43 44 56.92970681145448 0.09165533515525111
1.75 2 44 45 54.9989624115357 0.08755851050451043
1.75 2 45 46 53.11920662736051 0.0844308992908681
1.75 2 46 47 51.29362558329896 0.08505335870700426
1.75 2 47 48 49.52178185130762 0.08953495143688589
1.75 2 48 49 47.803864611726 0.09718779619389947
1.75 2 49 50 46.13942923959812 0.1052954044967755
2 2.25 0 1 2956.92772114817 0.6541779955472502
2 2.25 1 2 -3903.645317023297 1.070946787951124
2 2.25 2 3 -5229.338652984697 1.67624152386298
2 2.25 3 4 -3843.680353956182 1.520793327073443
2 2.25 4 5 -2688.489748816618 1.333186344063932
2 2.25 5 6 -1875.765871964074 1.17199849394502
2 2.25 6 7 -1315.650523319054 1.038069472603603
2 2.25 7 8 -926.49764441975 0.9263079390341361
2 2.25 8 9 -652.0833509565473 0.8323048757650255
2 2.25 9 10 -455.5273847667263 0.7519266137102106
2 2.25 10 11 -312.7829203100409 0.6828955161915204
2 2.25 11 12 -207.8723997416942 0.6230136707428177
2 2.25 12 13 -130.0260286722689 0.5706715030416086
2 2.25 13 14 -71.84336837314459 0.5246063899979603
2 2.25 14 15 -28.14713187957864 0.4838160464633371
2 2.25 15 16 4.745982452200451 0.4474959394619881
2 2.25 16 17 29.49703550130221 0.4149935729181516
2 2.25 17 18 48.0555497574037 0.3857746975044339
2 2.25 18 19 61.86781181465426 0.3593980349305018
2 2.25 19 20 72.01892522394087 0.3354961483692996
2 2.25 20 21 79.33125236861292 0.3137608022121399
2 2.25 21 22 84.43366251382099 0.2939316411595169
2 2.25 22 23 87.81092370270255 0.2757873493257446
2 2.25 23 24 89.83938578070035 0.2591386834806638
2 2.25 24 25 90.81306572589176 0.2438229353014852
2 2.25 25 26 90.96292532960285 0.2296994949853492
2 2.25 26 27 90.47126149452629 0.2166462706298247
2 2.25 27 28 89.4825479569256 0.2045567752279949
2 2.25 28 29 88.11167350133906 0.1933377463909344
2 2.25 29 30 86.45025125798452 0.1829071827656141
2 2.25 30 31 84.5714860033338 0.1731927199482181
2 2.25 31 32 82.53395430702477 0.1641302765332902
2 2.25 32 33 80.3845586064229 0.1556629211093656
2 2.25 33 34 78.1608489983002 0.1477399182211957
2 2.25 34 35 75.89285777570291 0.140315922529914
2 2.25 35 36 73.60455607137328 0.1333502941088328
2 2.25 36 37 71.31501567282749 0.1268065146050841
2 2.25 37 38 69.03933956625934 0.1206516870186268
2 2.25 38 39 66.78941009222791 0.1148561078723369
2 2.25 39 40 64.57449257487372 0.109392893766066
2 2.25 40 41 62.40172394528344 0.1042376640855361
2 2.25 41 42 60.2765093764454 0.09936826064138278
2 2.25 42 43 58.20284514606584 0.09476450569724466
2 2.25 43 44 56.18358206224514 0.09040799068871226
2 2.25 44 45 54.22064082660913 0.08628189054482391
2 2.25 45 46 52.31414071882227 0.08308965501410739
2 2.25 46 47 50.46656451209489 0.08346213336574042
2 2.25 47 48 48.6769350761513 0.08749227942841679
2 2.25 48 49 46.94493897384504 0.09451873716526796
2 2.25 49 50 45.26970222862286 0.1019667695821094
2.25 2.5 0 1 2548.902363509446 1.17177478075933
2.25 2.5 1 2 -4171.414744273531 1.164070679836082
2.25 2.5 2 3 -5119.539879050735 1.70764244991229
2.25 2.5 3 4 -3705.682198099877 1.538900932617735
2.25 2.5 4 5 -2568.495009505894 1.383076205261428
2.25 2.5 5 6 -1778.198861653964 1.232759380258626
2.25 2.5 6 7 -1237.617706889468 1.099300160700655
2.25 2.5 7 8 -864.2012371602168 0.9845128523917513
2.25 2.5 8 9 -602.1992709126966 0.885674605338135
2.25 2.5 9 10 -415.4068416011996 0.8009738346062398
2.25 2.5 10 11 -280.3786948003335 0.7276534759053811
2.25 2.5 11 12 -181.6073452300816 0.6638689013544182
2.25 2.5 12 13 -108.6812597357221 0.6080343908260191
2.25 2.5 13 14 -54.47014696498513 0.5588664136851119
2.25 2.5 14 15 -14.00084172127458 0.5153255891961974
2.25 2.5 15 16 16.25470771555092 0.4765666660238679
2.25 2.5 16 17 38.83848274009051 0.4418981451006167
2.25 2.5 17 18 55.60784258566719 0.4107505253258997
2.25 2.5 18 19 67.93710178166725 0.3826515595337703
2.25 2.5 19 20 76.85467658589096 0.3572069966371512
2.25 2.5 20 21 83.13792125424163 0.3340855499802629
2.25 2.5 21 22 87.37970302039389 0.3130071078421557
2.25 2.5 22 23 90.03579357631861 0.293733431207215
2.25 2.5 23 24 91.45904090761701 0.2760607665155293
2.25 2.5 24 25 91.92430249623283 0.2598139413518244
2.25 2.5 25 26 91.6468369188766 0.244841612846854
2.25 2.5 26 27 90.79600702849905 0.2310124207455488
2.25 2.5 27 28 89.50558472219245 0.2182118520297658
2.25 2.5 28 29 87.88156650566657 0.2063396709084775
2.25 2.5 29 30 86.00814787816495 0.1953078001829802
2.25 2.5 30 31 83.95232357464795 0.185038564159907
2.25 2.5 31 32 81.76745352019697 0.1754632250376714
2.25 2.5 32 33 79.49604417812827 0.1665207566404108
2.25 2.5 33 34 77.17193034443414 0.1581568124150132
2.25 2.5 34 35 74.82199567891314 0.1503228534625618
2.25 2.5 35 36 72.46753609053866 0.1429754075802915
2.25 2.5 36 37 70.12534495272052 0.1360754382447551
2.25 2.5 37 38 67.80858047858601 0.1295878040944819
2.25 2.5 38 39 65.52746159098706 0.123480795094599
2.25 2.5 39 40 63.28982812487493 0.1177257319202209
2.25 2.5 40 41 61.10159325678109 0.1122966206746342
2.25 2.5 41 42 58.9671098835739 0.1071698519384484
2.25 2.5 42 43 56.88946811263662 0.102323939799133
2.25 2.5 43 44 54.87073735250522 0.09773929348423671
2.25 2.5 44 45 52.91216368369956 0.09339801788691893
2.25 2.5 45 46 51.0133241478855 0.08964845698828058
2.25 2.5 46 47 49.17612620087155 0.08784457159199451
2.25 2.5 47 48 47.39919661013943 0.08814916258503293
2.25 2.5 48 49 45.68184381650332 0.09039031013930184
2.25 2.5 49 50 44.02287615399359 0.09680443793946872
2.5 2.75 0 1 2100.984408136067 1.462583007766248
2.5 2.75 1 2 -4453.96875185158 1.479609544992772
2.5 2.75 2 3 -4994.881264204741 2.925742784336638
2.5 2.75 3 4 -3548.529143548181 2.668201529361448
2.5 2.75 4 5 -2429.339632472252 2.303827972632023
2.5 2.75 5 6 -1662.910669076831 1.98691298698572
2.5 2.75 6 7 -1143.70469071853 1.727334809949473
2.5 2.75 7 8 -787.8789095847633 1.515688766671068
2.5 2.75 8 9 -540.0047701662002 1.341205838707598
2.5 2.75 9 10 -364.5016604876664 1.196150360228217
2.5 2.75 10 11 -238.5186130578479 1.073943100948317
2.5 2.75 11 12 -147.0333512681559 0.9699449650263304
2.5 2.75 12 13 -80.0142275424173 0.8805936311445478
2.5 2.75 13 14 -30.62353706182626 0.8031654504183231
2.5 2.75 14 15 5.887084962582321 0.7355521325914488
2.5 2.75 15 16 32.8723776898637 0.6761013541845582
2.5 2.75 16 17 52.7398811260141 0.6235026753334466
2.5 2.75 17 18 67.24190087230295 0.576705175140137
2.5 2.75 18 19 77.67002992976973 0.5348573203006769
2.5 2.75 19 20 84.98705113394487 0.4972625378190756
2.5 2.75 20 21 89.91786145402011 0.4633459959389468
2.5 2.75 21 22 93.01311068250152 0.4326294771776218
2.5 2.75 22 23 94.69437269948764 0.4047121614964171
2.5 2.75 23 24 95.28662534923296 0.3792557766167625
2.5 2.75 24 25 95.04188401145973 0.3559730101591733
2.5 2.75 25 26 94.15658716617361 0.334618383975968
2.5 2.75 26 27 92.78451498708307 0.3149810060444355
2.5 2.75 27 28 91.04647786457929 0.2968787668240275
2.5 2.75 28 29 89.03764468664025 0.2801536572845787
2.5 2.75 29 30 86.83312946957005 0.2646679649987735
2.5 2.75 30 31 84.492281201585 0.2503011631569774
2.5 2.75 31 32 82.06199993069731 0.2369473501598206
2.5 2.75 32 33 79.57931590927586 0.2245131302376436
2.5 2.75 33 34 77.07340694776082 0.2129158491336692
2.5 2.75 34 35 74.56718458702233 0.2020821178376268
2.5 2.75 35 36 72.07854722065997 0.191946571061547
2.5 2.75 36 37 69.62137444557453 0.182450818710666
2.5 2.75 37 38 67.2063192601251 0.1735425555256784
2.5 2.75 38 39 64.84144150464482 0.1651748032004677
2.5 2.75 39 40 62.53271603643009 0.1573052610156765
2.5 2.75 40 41 60.28444164957503 0.1498957491239129
2.5 2.75 41 42 58.0995709570912 0.1429117282052062
2.5 2.75 42 43 55.97997716346538 0.136321884103224
2.5 2.75 43 44 53.92667023108174 0.1300977676250407
2.5 2.75 44 45 51.93997230966869 0.1242134810037804
2.5 2.75 45 46 50.01869440357717 0.1188967396557781
2.5 2.75 46 47 48.16396499524785 0.1150762174540698
2.5 2.75 47 48 46.37383341873476 0.1128901337085844
2.5 2.75 48 49 44.64706609644972 0.1122783138243899
2.5 2.75 49 50 42.98200373390165 0.1123260383872962
2.75 3 0 1 1613.116147175371 0.9893839842117338
2.75 3 1 2 -4710.334349852111 4.965590937171679
2.75 3 2 3 -4813.748409491776 5.871563447755183
2.75 3 3 4 -3342.863318403343 4.922507194317176
2.75 3 4 5 -2252.092696091051 4.06714321106165
2.75 3 5 6 -1518.372535871197 3.403381551867898
2.75 3 6 7 -1027.38639641617 2.891225967076031
2.75 3 7 8 -694.335536130709 2.489804178217648
2.75 3 8 9 -464.5099936973616 2.168974094193702
2.75 3 9 10 -303.2807673982772 1.908310350652357
2.75 3 10 11 -188.6326471582438 1.693082810413174
2.75 3 11 12 -106.2072043876744 1.512988930277113
2.75 3 12 13 -46.48180187565345 1.360509331031871
2.75 3 13 14 -3.005224191251273 1.230072847820714
2.75 3 14 15 28.67729630887175 1.117476643981941
2.75 3 15 16 51.6962934418525 1.019497640177972
2.75 3 16 17 68.28682096341481 0.9336271274739352
2.75 3 17 18 80.06738929452899 0.8578860633307925
2.75 3 18 19 88.22493383278436 0.7906941949762747
2.75 3 19 20 93.63969852811124 0.7307757577521619
2.75 3 20 21 96.97097479999024 0.6770904664632205
2.75 3 21 22 98.71688096571734 0.6287822902652652
2.75 3 22 23 99.25663746100906 0.5851409248427869
2.75 3 23 24 98.88085494418567 0.5455724615855961
2.75 3 24 25 97.8134950181485 0.5095768076250349
2.75 3 25 26 96.22796850759289 0.4767301220260042
2.75 3 26 27 94.25905564938301 0.4466710226452
2.75 3 27 28 92.01181447633809 0.4190896575231867
2.75 3 28 29 89.56829519675733 0.3937189736524864
2.75 3 29 30 86.99264052543725 0.3703276879850648
2.75 3 30 31 84.33498789604573 0.3487145872537329
2.75 3 31 32 81.63447474866746 0.328703874432037
2.75 3 32 33 78.9215671005511 0.310141345875029
2.75 3 33 34 76.21987383039357 0.2928912315440717
2.75 3 34 35 73.5475674732902 0.2768335691244586
2.75 3 35 36 70.91850204025002 0.2618620102344369
2.75 3 36 37 68.34309618668306 0.2478819783334534
2.75 3 37 38 65.82903367325753 0.2348091148759431
2.75 3 38 39 63.38182081580703 0.2225679625405125
2.75 3 39 40 61.00523147999411 0.2110908449548097
2.75 3 40 41 58.70166328499357 0.2003169092673807
2.75 3 41 42 56.47242335423923 0.190191305536703
2.75 3 42 43 54.31795802260166 0.1806644799040512
2.75 3 43 44 52.23803777689977 0.1716915646052137
2.75 3 44 45 50.23190630381455 0.1632318490654447
2.75 3 45 46 48.2974839356531 0.1554216009761072
2.75 3 46 47 46.43498677329998 0.1488873398302356
2.75 3 47 48 44.64179726963309 0.1437260704204507
2.75 3 48 49 42.91605586283544 0.1399137021821602
2.75 3 49 50 41.25556090128424 0.1368192290549312
3 3.25 0 1 1088.476194135021 0.6079160966990438
3 3.25 1 2 -4877.659956483154 9.641738484383923
3 3.25 2 3 -4530.329946833755 9.470939227621225
3 3.25 3 4 -3060.645803517273 7.61403140929808
3 3.25 4 5 -2019.859012438037 6.152694268057814
3 3.25 5 6 -1334.52501457255 5.07120290458685
3 3.25 6 7 -882.8639528279032 4.258531288950359
3 3.25 7 8 -580.4779285776708 3.632850344440709
3 3.25 8 9 -374.3677951090342 3.13968627879659
3 3.25 9 10 -231.5362340570291 2.743231792140462
3 3.25 10 11 -131.2597895199913 2.418872684654747
3 3.25 11 12 -60.15585080213191 2.149564746551702
3 3.25 12 13 -9.424984094846877 1.923097548311517
3 3.25 13 14 26.8481383824103 1.730539146988576
3 3.25 14 15 52.7189464508715 1.565222332709799
3 3.25 15 16 71.01784171446911 1.422080010479792
3 3.25 16 17 83.75212198228894 1.297198930766672
3 3.25 17 18 92.36575488013796 1.187513333032537
3 3.25 18 19 97.91062323581684 1.090590338058574
3 3.25 19 20 101.1615151734495 1.004476815674251
3 3.25 20 21 102.6946678665206 0.9275882700766515
3 3.25 21 22 102.9422638057677 0.858626972907885
3 3.25 22 23 102.2307884994356 0.7965207983092328
3 3.25 23 24 100.8083854157109 0.7403769380551731
3 3.25 24 25 98.86459986302748 0.6894464640837216
3 3.25 25 26 96.54478675353255 0.6430969020073545
3 3.25 26 27 93.96073066492954 0.6007907920887723
3 3.25 27 28 91.19854630832265 0.5620687757963702
3 3.25 28 29 88.32460563313742 0.526536137519906
3 3.25 29 30 85.39001887657059 0.4938520106619947
3 3.25 30 31 82.43404640722571 0.4637206555866696
3 3.25 31 32 79.48671330443136 0.4358843631694924
3 3.25 32 33 76.5708248104653 0.4101176431246281
3 3.25 33 34 73.70352830034483 0.3862224355170744
3 3.25 34 35 70.89752971311225 0.3640241425459718
3 3.25 35 36 68.16204503525498 0.3433683224890317
3 3.25 36 37 65.50354747419334 0.3241179211953695
3 3.25 37 38 62.92635624071772 0.306150942275125
3 3.25 38 39 60.43310192070339 0.2893584782266834
3 3.25 39 40 58.02509525384241 0.2736430384608268
3 3.25 40 41 55.70262002090965 0.2589171246118154
3 3.25 41 42 53.4651660123688 0.2451020108927197
3 3.25 42 43 51.31161458429159 0.232126696951361
3 3.25 43 44 49.24038655674579 0.2199270051487556
3 3.25 44 45 47.24956008569214 0.2084447997518998
3 3.25 45 46 45.33611319331004 0.1977477180872567
3 3.25 46 47 43.49926190882721 0.1882478548346118
3 3.25 47 48 41.73570004461516 0.1799954504980388
3 3.25 48 49 40.04291465237529 0.1729642653654379
3 3.25 49 50 38.41814136239846 0.1667060426518316
3.25 3.5 0 1 549.3585705481856 0.729110277302402
3.25 3.5 1 2 -4857.101290561896 17.15653269762931
3.25 3.5 2 3 -4087.91848453867 13.75370567047521
3.25 3.5 3 4 -2671.762776999538 10.43537838666045
3.25 3.5 4 5 -1717.339657940202 8.166486599912504
3.25 3.5 5 6 -1104.428662946375 6.583207319685694
3.25 3.5 6 7 -707.9945667167549 5.433999811084346
3.25 3.5 7 8 -446.9420413630842 4.570123328581633
3.25 3.5 8 9 -271.8203183410164 3.901535222456525
3.25 3.5 9 10 -152.4187937822091 3.37177290361161
3.25 3.5 10 11 -70.03577000866562 2.943606666512725
3.25 3.5 11 12 -12.73901160371042 2.591814357827238
3.25 3.5 12 13 27.23465795213315 2.298699897316506
3.25 3.5 13 14 55.0538260960127 2.051524969547805
3.25 3.5 14 15 74.22993989745362 1.84090743541195
3.25 3.5 15 16 87.19236044409399 1.659797685613377
3.25 3.5 16 17 95.64915807508953 1.502805088336278
3.25 3.5 17 18 100.8184464109697 1.365743246392767
3.25 3.5 18 19 103.5797740741031 1.245315881001155
3.25 3.5 19 20 104.5750978789604 1.138895380060098
3.25 3.5 20 21 104.2773126274768 1.044363790725409
3.25 3.5 21 22 103.0375082468133 0.9599967500565495
3.25 3.5 22 23 101.1180339956737 0.8843774841597938
3.25 3.5 23 24 98.7159400698992 0.8163322160852269
3.25 3.5 24 25 95.97979835041781 0.7548810478959285
3.25 3.5 25 26 93.02190533528272 0.6992001837157935
3.25 3.5 26 27 89.92722391808371 0.6485925701647428
3.25 3.5 27 28 86.75999542993247 0.6024648577155393
3.25 3.5 28 29 83.56866968844952 0.5603091605020396
3.25 3.5 29 30 80.38960870864503 0.5216884951086966
3.25 3.5 30 31 77.24988826697381 0.4862250664275292
3.25 3.5 31 32 74.1694302307385 0.4535907762066861
3.25 3.5 32 33 71.16263460278364 0.423499480616091
3.25 3.5 33 34 68.23963492180772 0.3957006347748585
3.25 3.5 34 35 65.40726824662966 0.369974044875109
3.25 3.5 35 36 62.66982752953109 0.346125510700204
3.25 3.5 36 37 60.02964715688694 0.3239831887328318
3.25 3.5 37 38 57.48755994375009 0.3033945411867176
3.25 3.5 38 39 55.04325459401321 0.2842237652595234
3.25 3.5 39 40 52.69555577559635 0.2663496167923249
3.25 3.5 40 41 50.44264381137054 0.2496635604275632
3.25 3.5 41 42 48.28222704681727 0.2340681912086869
3.25 3.5 42 43 46.21167705176165 0.2194758822112008
3.25 3.5 43 44 44.22813455778868 0.2058076221102689
3.25 3.5 44 45 42.32859225222158 0.192992012305805
3.25 3.5 45 46 40.50919995379242 0.1810756197399284
3.25 3.5 46 47 38.76821049320816 0.1704309757836176
3.25 3.5 47 48 37.10175203927984 0.1611054882363698
3.25 3.5 48 49 35.50675558565121 0.1530773473175817
3.25 3.5 49 50 33.97999240834172 0.1459285832862823
3.5 3.75 0 1 51.00062028143668 0.9312229521470557
3.5 3.75 1 2 -4520.048182950612 22.00703264811219
3.5 3.75 2 3 -3436.954749020456 14.96740309888663
3.5 3.75 3 4 -2158.550894608969 10.71028735242967
3.5 3.75 4 5 -1341.077551725989 8.095607155294827
3.5 3.75 5 6 -831.1897686565399 6.365458451980719
3.5 3.75 6 7 -508.8581277677674 5.15134770642745
3.5 3.75 7 8 -301.0138981816397 4.260620603834446
3.5 3.75 8 9 -164.47139049921 3.584195818450895
3.5 3.75 9 10 -73.4036995445324 3.056458824199016
3.5 3.75 10 11 -12.08909808095223 2.635511693395291
3.5 3.75 11 12 29.35919008272208 2.293604865478231
3.5 3.75 12 13 57.29075020743949 2.011634481596999
3.5 3.75 13 14 75.882388010662 1.776060477667304
3.5 3.75 14 15 87.93919203738255 1.577040583392529
3.5 3.75 15 16 95.37997850286774 1.407263261066672
3.5 3.75 16 17 99.53862476376275 1.261193420516544
3.5 3.75 17 18 101.3554203661462 1.13457082607891
3.5 3.75 18 19 101.5011800424301 1.024068106556859
3.5 3.75 19 20 100.4593302930513 0.9270523840260625
3.5 3.75 20 21 98.58117486495684 0.8414158370052842
3.5 3.75 21 22 96.12370872607215 0.7654531317380812
3.5 3.75 22 23 93.27587292057814 0.6977713461659498
3.5 3.75 23 24 90.17702698577756 0.6372228199306297
3.5 3.75 24 25 86.93010274525869 0.5828544405411533
3.5 3.75 25 26 83.61107309168682 0.5338688851789972
3.5 3.75 26 27 80.27583541127291 0.4895946757654361
3.5 3.75 27 28 76.96526012627811 0.4494628104578331
3.5 3.75 28 29 73.70892321625558 0.412988357864645
3.5 3.75 29 30 70.52788560862982 0.3797558358718491
3.5 3.75 30 31 67.43677615213241 0.3494075041265588
3.5 3.75 31 32 64.44536154708931 0.3216339202961532
3.5 3.75 32 33 61.5597354829153 0.2961662699648564
3.5 3.75 33 34 58.78322320200209 0.2727700970255492
3.5 3.75 34 35 56.11707206582739 0.2512401485214937
3.5 3.75 35 36 53.5609802600251 0.231396111936698
3.5 3.75 36 37 51.11350244603497 0.2130790731199245
3.5 3.75 37 38 48.7723614302476 0.1961485585574874
3.5 3.75 38 39 46.53468773988956 0.1804800559102484
3.5 3.75 39 40 44.39720369800732 0.1659629273359643
3.5 3.75 40 41 42.3563646537236 0.1524986487943651
3.5 3.75 41 42 40.40846700838152 0.1399993210957353
3.5 3.75 42 43 38.54973048596919 0.1283864096080489
3.5 3.75 43 44 36.77636039522723 0.1175896792809903
3.5 3.75 44 45 35.08459429255034 0.1075462979362765
3.5 3.75 45 46 33.47010439623432 0.0983570951953342
3.5 3.75 46 47 31.93041116914321 0.09060376209815886
3.5 3.75 47 48 30.46139833869664 0.08443113208850161
3.5 3.75 48 49 29.05971136559272 0.07986603030374537
3.5 3.75 49 50 27.72191835020466 0.07633803342886566
3.75 4 0 1 -327.3888705305974 1.0934568217058
3.75 4 1 2 -3773.536668412909 23.59235020160675
3.75 4 2 3 -2576.178395329479 11.47179639835532
3.75 4 3 4 -1538.144979093468 6.889185974742084
3.75 4 4 5 -911.5789485768091 4.584624158712996
3.75 4 5 6 -534.5142464437092 3.242873260249123
3.75 4 6 7 -303.1354817678518 2.387513391796592
3.75 4 7 8 -158.1296831300517 1.807445609285024
3.75 4 8 9 -65.64536836401976 1.39591453903154
3.75 4 9 10 -5.945002442934651 1.094145784597621
3.75 4 10 11 32.74347407728555 0.867071032401967
3.75 4 11 12 57.68589756571578 0.6928790826533836
3.75 4 12 13 73.47062214287746 0.5573466616041335
3.75 4 13 14 83.06772371728096 0.4509144000668072
3.75 4 14 15 88.44074458056127 0.3670084769907354
3.75 4 15 16 90.91183966537739 0.3010362047185083
3.75 4 16 17 91.38539144129794 0.2550210342117301
3.75 4 17 18 90.48825626638535 0.2353831686248381
3.75 4 18 19 88.65967330674601 0.2177454604835158
3.75 4 19 20 86.21006878427818 0.2018435051744086
3.75 4 20 21 83.36022084923223 0.1874553247525895
3.75 4 21 22 80.26777390090513 0.1743936337929441
3.75 4 22 23 77.04545381639423 0.1624996608426264
3.75 4 23 24 73.7737475477027 0.1516380649973454
3.75 4 24 25 70.50983419459945 0.1449970531111057
3.75 4 25 26 67.29394246884576 0.1478999849654838
3.75 4 26 27 64.15391890812631 0.1511241119050887
3.75 4 27 28 61.10853781706604 0.1543533451706419
3.75 4 28 29 58.16991713410414 0.1574005665074955
3.75 4 29 30 55.34529292950265 0.1601624747668696
3.75 4 30 31 52.63832988968275 0.1625888119894127
3.75 4 31 32 50.05009345441184 0.1646621689596047
3.75 4 32 33 47.57977350161286 0.1663849889645846
3.75 4 33 34 45.22522443474665 0.1677712919484008
3.75 4 34 35 42.9833688409942 0.1688414423978732
3.75 4 35 36 40.85049925213674 0.1696188669210424
3.75 4 36 37 38.82250348188063 0.1701280185760838
3.75 4 37 38 36.89503243796892 0.1703931389998394
3.75 4 38 39 35.0636244970504 0.1704375300431794
3.75 4 39 40 33.3237970101913 0.1702831513581294
3.75 4 40 41 31.67111291176663 0.1699504241837148
3.75 4 41 42 30.10122843231169 0.1694581652285789
3.75 4 42 43 28.60992649116584 0.1688236000377677
3.75 4 43 44 27.19313926228823 0.1680624242175035
3.75 4 44 45 25.8469625406517 0.1671888910715158
3.75 4 45 46 24.56719413513434 0.1662767444824438
3.75 4 46 47 23.35108272504985 0.1655472305695101
3.75 4 47 48 22.1947905076277 0.1650090098083735
3.75 4 48 49 21.09512879195288 0.1646338953443303
3.75 4 49 50 20.04889074190262 0.1642373964619078
4 5 0 1 -875.5516686302529 1.670634846581482
4 5 1 2 -4053.281928219348 6.558765445657207
4 5 2 3 -2302.638787001693 7.43934359991563
4 5 3 4 -1230.844050372138 6.429521391117285
4 5 4 5 -659.1774929080457 8.605246929321158
4 5 5 6 -324.197647193472 2.087971335988452
4 5 6 7 -128.3171434174442 1.835733904984
4 5 7 8 -18.46508185457674 2.285258656846747
4 5 8 9 40.58863202946554 2.45838882194735
4 5 9 10 83.57217598076886 3.860342559759998
4 5 10 11 97.32929195270435 0.8903742336106749
4 5 11 12 113.9288466834525 0.9609349647147701
4 5 12 13 119.8200614132232 2.568531064189377
4 5 13 14 114.0292277570275 0.9353493857501196
4 5 14 15 121.0739640254908 1.206262414231841
4 5 15 16 113.0724291470926 2.494695630685262
4 5 16 17 105.0828504070518 1.130123471743341
4 5 17 18 107.3122287957757 0.4973107939775653
4 5 18 19 98.80532697031674 1.99806261528391
4 5 19 20 91.42126610691122 1.598643933798019
4 5 20 21 89.52019934880457 1.076663486594244
4 5 21 22 84.60253948335071 0.9853305868174064
4 5 22 23 76.42647598836089 0.8468562408943512
4 5 23 24 73.53665692440882 0.9795483278306901
4 5 24 25 69.94431040276609 0.2543959377852573
4 5 25 26 65.76228140354567 0.1938869256378987
4 5 26 27 61.75184496514262 0.2042365148059351
4 5 27 28 58.10284332357085 0.2776720306139857
4 5 28 29 54.71095359623193 0.2345316746636446
4 5 29 30 51.45868149978909 0.171268047620011
4 5 30 31 48.3568870948251 0.1525532591331186
4 5 31 32 45.45591113441246 0.1601123682954468
4 5 32 33 42.76061368749833 0.1667498591249106
4 5 33 34 40.23794326102913 0.1580707777292071
4 5 34 35 37.85699055789711 0.1418745225512091
4 5 35 36 35.60606989518091 0.1286531671718004
4 5 36 37 33.48515119117833 0.1211815269206416
4 5 37 38 31.49370651898831 0.1171385606772471
4 5 38 39 29.6257082775381 0.1134749110857753
4 5 39 40 27.87126974507076 0.1086709852007397
4 5 40 41 26.22011849913679 0.1028711241002649
4 5 41 42 24.66373283844577 0.096909976971477
4 5 42 43 23.19564410873766 0.0914622221337205
4 5 43 44 21.81074790778493 0.0867612656594814
4 5 44 45 20.50451031920039 0.08270514171632735
4 5 45 46 19.27190246578481 0.07951106046885169
4 5 46 47 18.10942925426994 0.07813745513278138
4 5 47 48 17.01198375240503 0.07854732633081456
4 5 48 49 15.975375115929 0.08031464352538092
4 5 49 50 14.9953426068383 0.08229537247786982
-5 5 0 50 -493478.931926918 86.15674535679557
