#ylo yhi qTlo qThi PDF0  uncertainty
-5 -4 0 1 -1003.825686492227 2.855401946598426
-5 -4 1 2 -4420.186268166218 7.293542366068602
-5 -4 2 3 -2543.750281764336 5.45779166315909
-5 -4 3 4 -1395.450629916579 4.038900738908779
-5 -4 4 5 -769.3740571326548 2.990933076949368
-5 -4 5 6 -417.3025369009206 2.265889283806269
-5 -4 6 7 -213.0839136042437 1.774340562931666
-5 -4 7 8 -91.56476175891862 1.435845285417748
-5 -4 8 9 -17.96265088479493 1.196086814238139
-5 -4 9 10 26.98359218238625 1.020660916861551
-5 -4 10 11 54.2627758989745 0.8883130881355652
-5 -4 11 12 70.41648114700604 0.7849922385394607
-5 -4 12 13 79.43609852900033 0.7024053725064406
-5 -4 13 14 83.82782488336835 0.6346960552923597
-5 -4 14 15 85.20010219744893 0.5780216200855224
-5 -4 15 16 84.60490141185858 0.5297393045155619
-5 -4 16 17 82.74076614954424 0.4879883291669075
-5 -4 17 18 80.07702646246565 0.4514284249652694
-5 -4 18 19 76.93164333248211 0.4190732242877917
-5 -4 19 20 73.52105700962062 0.3901819995174797
-5 -4 20 21 69.99272449481876 0.3641879111222232
-5 -4 21 22 66.44671971882741 0.3406495338835179
-5 -4 22 23 62.95028772514138 0.3192175028943844
-5 -4 23 24 59.54777991243415 0.2996111599167223
-5 -4 24 25 56.26751361124164 0.2816019287009247
-5 -4 25 26 53.1265547316099 0.2650012942701453
-5 -4 26 27 50.13408019703149 0.2496519809060307
-5 -4 27 28 47.2937582469394 0.2354213873755558
-5 -4 28 29 44.60544273723603 0.2221966370813721
-5 -4 29 30 42.06638399009951 0.2098807981346324
-5 -4 30 31 39.67209627348478 0.1983899642885542
-5 -4 31 32 37.41697973940055 0.1876509737778557
-5 -4 32 33 35.29476574528485 0.1775996088187643
-5 -4 33 34 33.29883453310313 0.168179159801244
-5 -4 34 35 31.42244031065577 0.1593392703961975
-5 -4 35 36 29.65886897219706 0.1510349989806796
-5 -4 36 37 28.00154674212551 0.1432260511502609
-5 -4 37 38 26.44411306393199 0.1358761457949596
-5 -4 38 39 24.9804674655561 0.1289524885610126
-5 -4 39 40 23.60479753873582 0.1224253314319018
-5 -4 40 41 22.31159331589968 0.1162676010744174
-5 -4 41 42 21.09565189740197 0.1104545844086939
-5 -4 42 43 19.95207519088934 0.104963660194175
-5 -4 43 44 18.87626290472136 0.09977406907241011
-5 -4 44 45 17.86390231592993 0.09486671540010175
-5 -4 45 46 16.91053173485368 0.09051752898320474
-5 -4 46 47 16.0129859776284 0.08776715749056978
-5 -4 47 48 15.16734271045111 0.08658598399505893
-5 -4 48 49 14.37034194961161 0.08664891143870611
-5 -4 49 50 13.61865830164416 0.08702129983231634
-4 -3.75 0 1 -319.1507953763468 1.82577178680059
-4 -3.75 1 2 -4013.152935290977 28.0309067926755
-4 -3.75 2 3 -2800.424866992802 12.98992875826825
-4 -3.75 3 4 -1710.929756383361 7.578061751251552
-4 -3.75 4 5 -1047.679292376592 4.931819034949162
-4 -3.75 5 6 -645.7057378010104 3.422855434077999
-4 -3.75 6 7 -396.6112068059692 2.477466036269464
-4 -3.75 7 8 -238.3574780689817 1.846341687436154
-4 -3.75 8 9 -135.5753583005553 1.405241803899481
-4 -3.75 9 10 -67.63617479016125 1.086593357802898
-4 -3.75 10 11 -22.20840645397095 0.8504103095402162
-4 -3.75 11 12 8.342998912992016 0.6720844279930726
-4 -3.75 12 13 28.86227197547214 0.535660761386382
-4 -3.75 13 14 42.50337896032386 0.4304744915366958
-4 -3.75 14 15 51.36595510236828 0.3491998537761123
-4 -3.75 15 16 56.875247522123 0.2866841915188057
-4 -3.75 16 17 60.01520791944927 0.2615556949616578
-4 -3.75 17 18 61.47506046546403 0.2407494698461883
-4 -3.75 18 19 61.74357364226523 0.2220241761970153
-4 -3.75 19 20 61.17095789258082 0.2051122394144882
-4 -3.75 20 21 60.01027134051122 0.1897887316877838
-4 -3.75 21 22 58.44558707873347 0.1758633929516601
-4 -3.75 22 23 56.61144691454862 0.1631743257716023
-4 -3.75 23 24 54.60648156673571 0.1515829846652238
-4 -3.75 24 25 52.50306448635769 0.1409701698721429
-4 -3.75 25 26 50.35423052355046 0.1360477798353501
-4 -3.75 26 27 48.19868406910504 0.1359478855575154
-4 -3.75 27 28 46.06445689010792 0.1358419832511264
-4 -3.75 28 29 43.97160131509395 0.1356063802466383
-4 -3.75 29 30 41.93418745153633 0.1351760788212339
-4 -3.75 30 31 39.96179376081059 0.1345231174659632
-4 -3.75 31 32 38.06062575902592 0.1336422901334714
-4 -3.75 32 33 36.23435969446585 0.1325418896344467
-4 -3.75 33 34 34.48478143208821 0.1312377795560634
-4 -3.75 34 35 32.8122718857702 0.1297496416806074
-4 -3.75 35 36 31.21617680840532 0.1280986323312258
-4 -3.75 36 37 29.69508898767552 0.1263059496447929
-4 -3.75 37 38 28.24706379616103 0.1243919863464866
-4 -3.75 38 39 26.86978381978028 0.1223758579178518
-4 -3.75 39 40 25.56068443501816 0.1202751691825623
-4 -3.75 40 41 24.31704938380261 0.1181059306105758
-4 -3.75 41 42 23.1360831883696 0.1158825668621429
-4 -3.75 42 43 22.01496568997175 0.1136179796799935
-4 -3.75 43 44 20.95089277902392 0.1113236415529343
-4 -3.75 44 45 19.94110641325666 0.1090097038257155
-4 -3.75 45 46 18.98246364398409 0.1067385475051395
-4 -3.75 46 47 18.07317995424003 0.1047024854086474
-4 -3.75 47 48 17.21029129211092 0.1029041447877242
-4 -3.75 48 49 16.39139478802886 0.1013117600977406
-4 -3.75 49 50 15.61406439923281 0.0997560250142797
-3.75 -3.5 0 1 193.5279846457993 1.613679763967641
-3.75 -3.5 1 2 -4678.996367430937 24.56479862443767
-3.75 -3.5 2 3 -3697.7174132761 16.19633226811498
-3.75 -3.5 3 4 -2379.116576656131 11.43093632605516
-3.75 -3.5 4 5 -1521.410114080312 8.557067863479981
-3.75 -3.5 5 6 -981.051562930304 6.674352841897885
-3.75 -3.5 6 7 -635.9546767828181 5.362317586411669
-3.75 -3.5 7 8 -410.6883213279882 4.405071754392874
-3.75 -3.5 8 9 -260.4507243005362 3.681654629506439
-3.75 -3.5 9 10 -158.3629405033898 3.119776416175761
-3.75 -3.5 10 11 -88.00557076500718 2.673524304977903
-3.75 -3.5 11 12 -39.0164230352168 2.312599790496417
-3.75 -3.5 12 13 -4.710869053619831 2.016210790300836
-3.75 -3.5 13 14 19.3309879446515 1.769659043936118
-3.75 -3.5 14 15 36.09511580479318 1.562284050281701
-3.75 -3.5 15 16 47.63778113173896 1.386181679427353
-3.75 -3.5 16 17 55.39915900686412 1.235378436390386
-3.75 -3.5 17 18 60.40297312524194 1.105283724905225
-3.75 -3.5 18 19 63.38636791887757 0.9923172031274513
-3.75 -3.5 19 20 64.88609459321748 0.8936495375274002
-3.75 -3.5 20 21 65.29675478722334 0.8070184348683577
-3.75 -3.5 21 22 64.91081598002097 0.7305957579368928
-3.75 -3.5 22 23 63.94651803476631 0.662889997231381
-3.75 -3.5 23 24 62.56760115173529 0.6026736512653165
-3.75 -3.5 24 25 60.89742515431601 0.5489284404411516
-3.75 -3.5 25 26 59.0291884929224 0.5008034774968033
-3.75 -3.5 26 27 57.03340014673398 0.4575829778491106
-3.75 -3.5 27 28 54.9633937851477 0.4186610815334272
-3.75 -3.5 28 29 52.85943163222535 0.3835220367197056
-3.75 -3.5 29 30 50.75178222692281 0.3517244677825758
-3.75 -3.5 30 31 48.66304477004982 0.3228887859161891
-3.75 -3.5 31 32 46.60991558454478 0.2966870389758128
-3.75 -3.5 32 33 44.60453823133523 0.2728346708111685
-3.75 -3.5 33 34 42.65554067886424 0.2510837873981129
-3.75 -3.5 34 35 40.7688356817302 0.2312176202977159
-3.75 -3.5 35 36 38.94824088405926 0.2130459486378866
-3.75 -3.5 36 37 37.19596089991146 0.1964012931813515
-3.75 -3.5 37 38 35.51296318289006 0.1811357358768977
-3.75 -3.5 38 39 33.89927176497584 0.1671182500110366
-3.75 -3.5 39 40 32.3541971976872 0.1542324477907357
-3.75 -3.5 40 41 30.87651679646382 0.1423746729024572
-3.75 -3.5 41 42 29.46461595162995 0.1314523781364679
-3.75 -3.5 42 43 28.11659890876845 0.1213827399031561
-3.75 -3.5 43 44 26.83037552827082 0.112091471557001
-3.75 -3.5 44 45 25.6037290697121 0.1035118024117553
-3.75 -3.5 45 46 24.43375537399895 0.09566527364444852
-3.75 -3.5 46 47 23.31927990069669 0.08881086729968592
-3.75 -3.5 47 48 22.25736203856864 0.08295869679886876
-3.75 -3.5 48 49 21.24570876853827 0.07806123965505064
-3.75 -3.5 49 50 20.28193850033418 0.07378977675948989
-3.5 -3.25 0 1 859.9830947902564 0.4342121387672953
-3.5 -3.25 1 2 -4866.835177493659 18.45660722535392
-3.5 -3.25 2 3 -4348.991619538405 14.67598749796239
-3.5 -3.25 3 4 -2916.470320612194 11.07104696734842
-3.5 -3.25 4 5 -1925.269780018003 8.616872577933444
-3.5 -3.25 5 6 -1280.633430137636 6.908636571796963
-3.5 -3.25 6 7 -859.1702491666567 5.671355888603785
-3.5 -3.25 7 8 -578.417230933321 4.743146816654843
-3.5 -3.25 8 9 -387.5548034901935 4.026350260310974
-3.5 -3.25 9 10 -255.3544692975806 3.459653245743104
-3.5 -3.25 10 11 -162.3932572421222 3.002738173995524
-3.5 -3.25 11 12 -96.22870091088657 2.628289133661751
-3.5 -3.25 12 13 -48.7290555865095 2.31715343080867
-3.5 -3.25 13 14 -14.45382483876892 2.055550692840336
-3.5 -3.25 14 15 10.31319102868122 1.833335308358774
-3.5 -3.25 15 16 28.15833966577691 1.642886606762552
-3.5 -3.25 16 17 40.91194071674227 1.478379024783414
-3.5 -3.25 17 18 49.88859523957206 1.335289612629714
-3.5 -3.25 18 19 56.0449079425191 1.210057987854603
-3.5 -3.25 19 20 60.08501952510949 1.099846691375021
-3.5 -3.25 20 21 62.53247968270659 1.002369172272042
-3.5 -3.25 21 22 63.77999440850476 0.9157642563576227
-3.5 -3.25 22 23 64.12437035894027 0.8385031561423941
-3.5 -3.25 23 24 63.79139326584408 0.7693196423405578
-3.5 -3.25 24 25 62.95375855660961 0.7071569528501678
-3.5 -3.25 25 26 61.74414003266492 0.6511269652550664
-3.5 -3.25 26 27 60.26481301620362 0.6004784698520671
-3.5 -3.25 27 28 58.59480709365761 0.5545722756080135
-3.5 -3.25 28 29 56.79526850748482 0.512861501927634
-3.5 -3.25 29 30 54.91351205590462 0.474875846595521
-3.5 -3.25 30 31 52.98610492925064 0.4402089299153043
-3.5 -3.25 31 32 51.04122931052075 0.4085080406370127
-3.5 -3.25 32 33 49.10050337384791 0.3794657712780881
-3.5 -3.25 33 34 47.1803925937306 0.35281315201343
-3.5 -3.25 34 35 45.29330904161196 0.3283139811308045
-3.5 -3.25 35 36 43.44847154666385 0.3057601173155323
-3.5 -3.25 36 37 41.65258149704491 0.28496755014667
-3.5 -3.25 37 38 39.91035575534988 0.2657731040718652
-3.5 -3.25 38 39 38.22494825271167 0.248031660396022
-3.5 -3.25 39 40 36.59828443816201 0.2316138059259186
-3.5 -3.25 40 41 35.03132728031852 0.2164038340837462
-3.5 -3.25 41 42 33.5242891828827 0.2022980390283054
-3.5 -3.25 42 43 32.0768011040967 0.189203254127948
-3.5 -3.25 43 44 30.68804766412161 0.1770355956168747
-3.5 -3.25 44 45 29.35687511666735 0.1657193785357699
-3.5 -3.25 45 46 28.08113719815989 0.155247988290293
-3.5 -3.25 46 47 26.8606542140007 0.1457916951046572
-3.5 -3.25 47 48 25.6929626302274 0.1373295529804699
-3.5 -3.25 48 49 24.5762681713436 0.1298018328433379
-3.5 -3.25 49 50 23.50860139849846 0.1229415106273893
-3.25 -3 0 1 1574.182150227276 1.194031117083798
-3.25 -3 1 2 -4704.10559609407 9.204038729961509
-3.25 -3 2 3 -4767.638111275443 9.60440166097125
-3.25 -3 3 4 -3312.972516722496 7.791855280482761
-3.25 -3 4 5 -2243.49375132587 6.305479856175306
-3.25 -3 5 6 -1527.996845597733 5.189978852449637
-3.25 -3 6 7 -1050.839145378102 4.346052188452355
-3.25 -3 7 8 -727.6911473107311 3.693863135439756
-3.25 -3 8 9 -504.6663405803261 3.178866277100608
-3.25 -3 9 10 -347.9120285308175 2.764474327981258
-3.25 -3 10 11 -236.0332435447169 2.425396192251244
-3.25 -3 11 12 -155.1460191656754 2.143988337675208
-3.25 -3 12 13 -96.07634499742267 1.907555420542175
-3.25 -3 13 14 -52.62627422577134 1.706779229618993
-3.25 -3 14 15 -20.52416904989832 1.534685539212884
-3.25 -3 15 16 3.228069746880919 1.385962277618914
-3.25 -3 16 17 20.76947654679816 1.256499438174039
-3.25 -3 17 18 33.64870278886349 1.143072027229663
-3.25 -3 18 19 43.0016858554651 1.043117283320768
-3.25 -3 19 20 49.67134355268979 0.9545753119585659
-3.25 -3 20 21 54.2896129295782 0.8757732022695005
-3.25 -3 21 22 57.33457694180913 0.8053394910486742
-3.25 -3 22 23 59.17082485016294 0.7421401545987337
-3.25 -3 23 24 60.07834807181553 0.6852301045392272
-3.25 -3 24 25 60.27348105396817 0.633816004024933
-3.25 -3 25 26 59.92424712535302 0.5872274569985522
-3.25 -3 26 27 59.16171977762332 0.5448944634567535
-3.25 -3 27 28 58.08851331290265 0.5063296165227118
-3.25 -3 28 29 56.78518322290051 0.4711139238447763
-3.25 -3 29 30 55.31508936072595 0.4388854259296915
-3.25 -3 30 31 53.72811825960872 0.4093299923705612
-3.25 -3 31 32 52.06355150149182 0.38217382737524
-3.25 -3 32 33 50.35228980090318 0.3571773279837554
-3.25 -3 33 34 48.61858740920945 0.3341300200314719
-3.25 -3 34 35 46.88141178529949 0.3128463588109002
-3.25 -3 35 36 45.15551465087705 0.2931622282645131
-3.25 -3 36 37 43.45227942681348 0.2749320075511712
-3.25 -3 37 38 41.78039446183311 0.2580261011122436
-3.25 -3 38 39 40.14638982529411 0.242328850009804
-3.25 -3 39 40 38.5550667122537 0.2277367572355716
-3.25 -3 40 41 37.00984202038137 0.2141569748032561
-3.25 -3 41 42 35.51302551286088 0.2015060077286348
-3.25 -3 42 43 34.06604331030061 0.1897086007715411
-3.25 -3 43 44 32.66961845202323 0.1786967781851073
-3.25 -3 44 45 31.32391698252115 0.1684090128070748
-3.25 -3 45 46 30.0278338564667 0.1588587482835975
-3.25 -3 46 47 28.78235351662171 0.1502529145515892
-3.25 -3 47 48 27.58575472722188 0.1425791477829198
-3.25 -3 48 49 26.43696128185003 0.1357798127704497
-3.25 -3 49 50 25.33462764787413 0.1295663035123326
-3 -2.75 0 1 2261.961075978352 1.646880890775098
-3 -2.75 1 2 -4355.61361591202 4.430770720046767
-3 -2.75 2 3 -5019.092860668698 5.912370547487328
-3 -2.75 3 4 -3594.29810963579 5.03224487872714
-3 -2.75 4 5 -2483.929741701984 4.170947579261281
-3 -2.75 5 6 -1722.699104907391 3.487180733612875
-3 -2.75 6 7 -1206.661354522068 2.954195727864243
-3 -2.75 7 8 -852.5128853917145 2.534159982756478
-3 -2.75 8 9 -605.1750480594769 2.197634277920362
-3 -2.75 9 10 -429.3627731511031 1.923833127457811
-3 -2.75 10 11 -302.4665577819176 1.697683750480006
-3 -2.75 11 12 -209.6558939953745 1.508510316160629
-3 -2.75 12 13 -141.0422491485224 1.348473942614015
-3 -2.75 13 14 -89.89181390403201 1.211740693817263
-3 -2.75 14 15 -51.53012507218614 1.093894762721837
-3 -2.75 15 16 -22.65425501016239 0.9915409291402133
-3 -2.75 16 17 -0.8925414612792792 0.9020309664940067
-3 -2.75 17 18 15.48281142055146 0.8232721598877527
-3 -2.75 18 19 27.74695449189426 0.7535910492233817
-3 -2.75 19 20 36.85194049229631 0.6916349222671216
-3 -2.75 20 21 43.51597571020659 0.636299534881847
-3 -2.75 21 22 48.28587179860813 0.5866753381496161
-3 -2.75 22 23 51.58137318907598 0.5420069597033723
-3 -2.75 23 24 53.72703514057139 0.5016623083766427
-3 -2.75 24 25 54.97542653392532 0.4651087572804988
-3 -2.75 25 26 55.52420610899435 0.431894595783829
-3 -2.75 26 27 55.5288183905505 0.4016344482618467
-3 -2.75 27 28 55.11202176578479 0.3739977096089709
-3 -2.75 28 29 54.3711012066081 0.3486992985849928
-3 -2.75 29 30 53.38337194487747 0.325492207560396
-3 -2.75 30 31 52.21041010711622 0.3041614565026736
-3 -2.75 31 32 50.90132697411053 0.2845191540876401
-3 -2.75 32 33 49.49531904909225 0.2664004369957767
-3 -2.75 33 34 48.02366569595745 0.2496601127315589
-3 -2.75 34 35 46.51130247170971 0.2341698670315372
-3 -2.75 35 36 44.97806644969486 0.2198159301411308
-3 -2.75 36 37 43.43968644253698 0.2064971160484458
-3 -2.75 37 38 41.90857373856676 0.1941231677524092
-3 -2.75 38 39 40.3944559934871 0.1826133540304096
-3 -2.75 39 40 38.90488718201937 0.1718952752820612
-3 -2.75 40 41 37.44565925121864 0.1619038424894761
-3 -2.75 41 42 36.02113531746369 0.1525804013474315
-3 -2.75 42 43 34.63452015359522 0.1438719778332738
-3 -2.75 43 44 33.28808026588314 0.1357306262077785
-3 -2.75 44 45 31.98332332629195 0.128112864391377
-3 -2.75 45 46 30.72024680116809 0.121079826381101
-3 -2.75 46 47 29.50098901922124 0.1149693226991757
-3 -2.75 47 48 28.32465048107966 0.1097943128795302
-3 -2.75 48 49 27.19093071503011 0.1054950820418686
-3 -2.75 49 50 26.05258057332497 0.7784321375818274
-2.75 -2.5 0 1 2896.719504129258 2.164736986907873
-2.75 -2.5 1 2 -3930.601233724426 1.107404104600731
-2.75 -2.5 2 3 -5165.673151108989 2.758134129063968
-2.75 -2.5 3 4 -3794.430251965432 2.634932884219534
-2.75 -2.5 4 5 -2664.917763484899 2.307569445125925
-2.75 -2.5 5 6 -1874.237849593158 1.999722304793053
-2.75 -2.5 6 7 -1331.004488721789 1.739773705920936
-2.75 -2.5 7 8 -954.2124327867982 1.524503007809751
-2.75 -2.5 8 9 -688.59104047037 1.345454197438611
-2.75 -2.5 9 10 -498.1276269392122 1.195763879271029
-2.75 -2.5 10 11 -359.4747460302162 1.069208220354744
-2.75 -2.5 11 12 -257.1827691707379 0.961264691151452
-2.75 -2.5 12 13 -180.8737930385021 0.8683951997583591
-2.75 -2.5 13 14 -123.4353157578903 0.7878604726291242
-2.75 -2.5 14 15 -79.9013710292129 0.7175210851320681
-2.75 -2.5 15 16 -46.74420982972197 0.655689027411413
-2.75 -2.5 16 17 -21.41785031226664 0.6010185092633225
-2.75 -2.5 17 18 -2.058403083618714 0.5524256540854497
-2.75 -2.5 18 19 12.71632704239892 0.5090290918882722
-2.75 -2.5 19 20 23.94322434517869 0.4701056329825771
-2.75 -2.5 20 21 32.40821822335215 0.4350568718336365
-2.75 -2.5 21 22 38.7125660372144 0.4033837736952968
-2.75 -2.5 22 23 43.32007522021456 0.3746671440081291
-2.75 -2.5 23 24 46.59118472933858 0.3485524756538625
-2.75 -2.5 24 25 48.80785784897239 0.3247380844322816
-2.75 -2.5 25 26 50.19196446875219 0.3029657390510039
-2.75 -2.5 26 27 50.91899376225535 0.2830132001948162
-2.75 -2.5 27 28 51.12837940449469 0.2646882332816697
-2.75 -2.5 28 29 50.93134148177427 0.2478237693307378
-2.75 -2.5 29 30 50.41688996846142 0.2322739661951357
-2.75 -2.5 30 31 49.65645479445612 0.2179109822959961
-2.75 -2.5 31 32 48.70748116053448 0.2046223175927241
-2.75 -2.5 32 33 47.6162390586187 0.1923086091657693
-2.75 -2.5 33 34 46.42003166126347 0.1808817943238737
-2.75 -2.5 34 35 45.14894067123441 0.1702635715124467
-2.75 -2.5 35 36 43.82721269528088 0.1603841044020897
-2.75 -2.5 36 37 42.4743656294479 0.1511809263550057
-2.75 -2.5 37 38 41.10607545393574 0.1425980092911046
-2.75 -2.5 38 39 39.73488987536263 0.1345849697525104
-2.75 -2.5 39 40 38.37080473224211 0.1270963886152019
-2.75 -2.5 40 41 37.02173122588269 0.1200912267058012
-2.75 -2.5 41 42 35.69387574928143 0.1135323200868656
-2.75 -2.5 42 43 34.39204963625878 0.1073859435600317
-2.75 -2.5 43 44 33.1199223901761 0.1016214311325739
-2.75 -2.5 44 45 31.8802291965157 0.09621084554800706
-2.75 -2.5 45 46 30.6739945894731 0.09127491850434218
-2.75 -2.5 46 47 29.5044013135508 0.08732982806249084
-2.75 -2.5 47 48 28.37133063561785 0.08440755124681283
-2.75 -2.5 48 49 27.22837376868668 0.9033106535706489
-2.75 -2.5 49 50 26.20847424890391 1.086378662471802
-2.5 -2.25 0 1 3475.378602244892 1.647416516566135
-2.5 -2.25 1 2 -3496.621555489787 0.958658963887147
-2.5 -2.25 2 3 -5256.722608713948 1.695926532799071
-2.5 -2.25 3 4 -3942.901783504193 1.56340737600133
-2.5 -2.25 4 5 -2803.824102154724 1.377780244857863
-2.5 -2.25 5 6 -1992.812241112141 1.236626736038893
-2.5 -2.25 6 7 -1429.776603822931 1.104924656030829
-2.5 -2.25 7 8 -1036.062974995906 0.9890259950360553
-2.5 -2.25 8 9 -756.5330638715222 0.8880071332217249
-2.5 -2.25 9 10 -554.7679749474489 0.8007675069949265
-2.5 -2.25 10 11 -406.9361465899717 0.7248896780770839
-2.5 -2.25 11 12 -297.1631361960747 0.6586651867294635
-2.5 -2.25 12 13 -214.7244367557225 0.6005661002813746
-2.5 -2.25 13 14 -152.2336335445946 0.5493279436373176
-2.5 -2.25 14 15 -104.5104154293524 0.5039120198885167
-2.5 -2.25 15 16 -67.85945479990437 0.4634652247965385
-2.5 -2.25 16 17 -39.60331170753102 0.4272845431366982
-2.5 -2.25 17 18 -17.77441296122379 0.3947877344643479
-2.5 -2.25 18 19 -0.9082667772958075 0.3654898004205149
-2.5 -2.25 19 20 12.09776586780026 0.3389843034172929
-2.5 -2.25 20 21 22.08249921367133 0.3149285835736155
-2.5 -2.25 21 22 29.68999664457715 0.2930320470456018
-2.5 -2.25 22 23 35.41892525452386 0.273046855525054
-2.5 -2.25 23 24 39.65827664899155 0.2547604911302955
-2.5 -2.25 24 25 42.71352844087903 0.237989785418414
-2.5 -2.25 25 26 44.82601502960836 0.2225760985873797
-2.5 -2.25 26 27 46.18741562720868 0.2083814029574107
-2.5 -2.25 27 28 46.95069158635584 0.195285084782692
-2.5 -2.25 28 29 47.23841456322714 0.1831813155292749
-2.5 -2.25 29 30 47.14915856340053 0.1719768815013528
-2.5 -2.25 30 31 46.76244227578098 0.161589380760596
-2.5 -2.25 31 32 46.14257667795317 0.151945718890888
-2.5 -2.25 32 33 45.34167942465427 0.1429808465207137
-2.5 -2.25 33 34 44.40205039885456 0.1346366964888166
-2.5 -2.25 34 35 43.35805407725769 0.126861282993206
-2.5 -2.25 35 36 42.23761869621632 0.1196079375446657
-2.5 -2.25 36 37 41.06343587179651 0.112834655029409
-2.5 -2.25 37 38 39.85392476265383 0.1065035349945074
-2.5 -2.25 38 39 38.62401015384771 0.1005802998111651
-2.5 -2.25 39 40 37.38575272686049 0.09503388018821414
-2.5 -2.25 40 41 36.14886147095555 0.08983605445540013
-2.5 -2.25 41 42 34.92111152335957 0.08496113714077233
-2.5 -2.25 42 43 33.70868600881116 0.08038570559093929
-2.5 -2.25 43 44 32.51645643102694 0.07608836272295058
-2.5 -2.25 44 45 31.34821324981738 0.07204952752643731
-2.5 -2.25 45 46 30.20586896212166 0.06846425758290897
-2.5 -2.25 46 47 29.09350464107149 0.06609722648654771
-2.5 -2.25 47 48 27.96480607919182 1.040093719771478
-2.5 -2.25 48 49 26.91257150558485 0.9485397902575579
-2.5 -2.25 49 50 25.93606628198668 1.144994664480456
-2.25 -2 0 1 3998.983961051099 1.037237809444205
-2.25 -2 1 2 -3101.841008844353 0.8501019533433448
-2.25 -2 2 3 -5350.012841946035 1.654811279341064
-2.25 -2 3 4 -4085.623696719582 1.533662734434122
-2.25 -2 4 5 -2932.872054369339 1.353429698102844
-2.25 -2 5 6 -2099.564896434031 1.193288458894681
-2.25 -2 6 7 -1516.123233571768 1.058363043206278
-2.25 -2 7 8 -1105.668506798416 0.9447568620276133
-2.25 -2 8 9 -812.820978841135 0.8484938856353172
-2.25 -2 9 10 -600.5301701363087 0.765708766730173
-2.25 -2 10 11 -444.3534270315167 0.6942120294571698
-2.25 -2 11 12 -327.9239114968016 0.6318929164792393
-2.25 -2 12 13 -240.1370021210348 0.5771888554562906
-2.25 -2 13 14 -173.3178205200711 0.528865322261264
-2.25 -2 14 15 -122.0673854469599 0.4859359329894584
-2.25 -2 15 16 -82.52377488723937 0.4476041682217339
-2.25 -2 16 17 -51.88165801927676 0.4132204511127037
-2.25 -2 17 18 -28.07443700120393 0.3822501737014312
-2.25 -2 18 19 -9.560275373124568 0.354249605458396
-2.25 -2 19 20 4.824389029430677 0.3288475401690674
-2.25 -2 20 21 15.96674289970474 0.3057311677711469
-2.25 -2 21 22 24.54954380482025 0.2846350940408389
-2.25 -2 22 23 31.10262536576272 0.265332726614858
-2.25 -2 23 24 36.04024298163961 0.2476294616865057
-2.25 -2 24 25 39.6884741163027 0.2313572487198664
-2.25 -2 25 26 42.30554164290777 0.2163702228268486
-2.25 -2 26 27 44.09704034262722 0.2025411689833719
-2.25 -2 27 28 45.22745113565929 0.1897586391235992
-2.25 -2 28 29 45.82892317281448 0.1779245884225858
-2.25 -2 29 30 46.00802545292021 0.1669524229724425
-2.25 -2 30 31 45.85097577320329 0.15676537921426
-2.25 -2 31 32 45.4277181350264 0.1472951714729978
-2.25 -2 32 33 44.79512239024461 0.1384808563098028
-2.25 -2 33 34 43.99950990358087 0.1302678756242655
-2.25 -2 34 35 43.07865813611539 0.1226072451329893
-2.25 -2 35 36 42.06339976785466 0.1154548645672835
-2.25 -2 36 37 40.97890441179908 0.1087709274824388
-2.25 -2 37 38 39.84571047239831 0.1025194156736505
-2.25 -2 38 39 38.6805592627727 0.09666766220385656
-2.25 -2 39 40 37.49707181835967 0.09118597543920112
-2.25 -2 40 41 36.30630010531254 0.08604731203975774
-2.25 -2 41 42 35.11717729801512 0.0812269914031869
-2.25 -2 42 43 33.93688683074794 0.0767024485581928
-2.25 -2 43 44 32.77116567661969 0.07245301513312781
-2.25 -2 44 45 31.62455423410719 0.06845972896348583
-2.25 -2 45 46 30.49957365011002 0.06513696286561241
-2.25 -2 46 47 29.40095323176391 0.06402762827321581
-2.25 -2 47 48 28.27956729655202 1.113828229574245
-2.25 -2 48 49 27.2784037817045 1.344679496436116
-2.25 -2 49 50 26.26546766811447 1.218856089026496
-2 -1.75 0 1 4497.544781287655 1.071472463490591
-2 -1.75 1 2 -2705.99619467769 2.825974591484914
-2 -1.75 2 3 -5411.088909966558 2.78833407672699
-2 -1.75 3 4 -4205.975310887628 2.266378484630403
-2 -1.75 4 5 -3051.46913635136 1.854791890563318
-2 -1.75 5 6 -2204.365958497929 1.549291565421102
-2 -1.75 6 7 -1605.831475393205 1.318434384358351
-2 -1.75 7 8 -1181.715326587887 1.139090351796891
-2 -1.75 8 9 -877.1944882439502 0.9964997187427325
-2 -1.75 9 10 -655.1349173568833 0.8804767307369769
-2 -1.75 10 11 -490.8354060458516 0.7843322102503629
-2 -1.75 11 12 -367.654100832247 0.7034975621255332
-2 -1.75 12 13 -274.2402593532129 0.6346347644675997
-2 -1.75 13 14 -202.712918158918 0.5753277035462308
-2 -1.75 14 15 -147.5051225347297 0.523771899081217
-2 -1.75 15 16 -104.6195199437871 0.4785923283321497
-2 -1.75 16 17 -71.14191206387136 0.4387224066696724
-2 -1.75 17 18 -44.91808929587887 0.4033216644825413
-2 -1.75 18 19 -24.33547841251493 0.3717184913647574
-2 -1.75 19 20 -8.173154909612322 0.3433694912521683
-2 -1.75 20 21 4.502812515496316 0.3178300853542068
-2 -1.75 21 22 14.41346722682374 0.294732885450155
-2 -1.75 22 23 22.12015956880873 0.2737715362678074
-2 -1.75 23 24 28.06321794437167 0.254688473705485
-2 -1.75 24 25 32.59039250789692 0.2372655305477646
-2 -1.75 25 26 35.97800368354388 0.2213166434389645
-2 -1.75 26 27 38.44682449356355 0.2066821297002275
-2 -1.75 27 28 40.17411870747515 0.1932241528155664
-2 -1.75 28 29 41.30284362393684 0.1808230964542945
-2 -1.75 29 30 41.94874119611615 0.1693746405150818
-2 -1.75 30 31 42.20584231899733 0.1587873861567259
-2 -1.75 31 32 42.1507685871216 0.1489809117300334
-2 -1.75 32 33 41.846115580402 0.1398841708491892
-2 -1.75 33 34 41.34312949519438 0.1314341645011385
-2 -1.75 34 35 40.68383635454995 0.1235748340396821
-2 -1.75 35 36 39.90274442388352 0.116256132349824
-2 -1.75 36 37 39.02821185798439 0.1094332415150877
-2 -1.75 37 38 38.08355031599797 0.1030659095540009
-2 -1.75 38 39 37.0879192014271 0.09711788666125062
-2 -1.75 39 40 36.05705302165541 0.09155644298910855
-2 -1.75 40 41 35.00385522982273 0.08635195508355863
-2 -1.75 41 42 33.93888456595749 0.08147754941334366
-2 -1.75 42 43 32.87075471377992 0.07690879404213639
-2 -1.75 43 44 31.80646362052795 0.0726234311674664
-2 -1.75 44 45 30.7516656037011 0.06860114431896934
-2 -1.75 45 46 29.70984004788758 0.06507368993662353
-2 -1.75 46 47 28.68664373695773 0.06340586556010749
-2 -1.75 47 48 27.63548346582238 1.13711381229723
-2 -1.75 48 49 26.69780956207998 1.388370602266755
-2 -1.75 49 50 25.74116345226847 1.258155983179127
-1.75 -1.5 0 1 4958.724282048208 0.9865492155513049
-1.75 -1.5 1 2 -2320.054703579868 0.8519340068783164
-1.75 -1.5 2 3 -5442.312902128872 1.766717285649704
-1.75 -1.5 3 4 -4281.323780783695 1.707371387578142
-1.75 -1.5 4 5 -3120.126206048032 1.522055954153149
-1.75 -1.5 5 6 -2260.007665375372 1.334998204719867
-1.75 -1.5 6 7 -1649.73113515011 1.170769035308837
-1.75 -1.5 7 8 -1216.220398671524 1.032187865068797
-1.75 -1.5 8 9 -904.4238781272406 0.9147332437916407
-1.75 -1.5 9 10 -676.7355078331798 0.8159876231212079
-1.75 -1.5 10 11 -508.0582077770414 0.7326213646382685
-1.75 -1.5 11 12 -381.4504925051435 0.6609376308508804
-1.75 -1.5 12 13 -285.3315437702388 0.5990282199456194
-1.75 -1.5 13 14 -211.652646022367 0.5451379425091096
-1.75 -1.5 14 15 -154.7223061963052 0.4978887155185459
-1.75 -1.5 15 16 -110.449807699164 0.4561910757934438
-1.75 -1.5 16 17 -75.85019055136877 0.4191760224955284
-1.75 -1.5 17 18 -48.71502975881344 0.3861437411757218
-1.75 -1.5 18 19 -27.38978790395709 0.3565252626305377
-1.75 -1.5 19 20 -10.62075391540202 0.3298537305665261
-1.75 -1.5 20 21 2.551836862460732 0.3057427331342202
-1.75 -1.5 21 22 12.86953726224192 0.283869829299003
-1.75 -1.5 22 23 20.91009101204668 0.2639639095819709
-1.75 -1.5 23 24 27.12700940455557 0.2457954100001807
-1.75 -1.5 24 25 31.87870127572978 0.2291686663020873
-1.75 -1.5 25 26 35.45014674549884 0.2139158872013425
-1.75 -1.5 26 27 38.06918514109066 0.1998923642858126
-1.75 -1.5 27 28 39.91886893928643 0.1869726332293212
-1.75 -1.5 28 29 41.14691426921638 0.1750473764633227
-1.75 -1.5 29 30 41.87298768426274 0.1640209033467277
-1.75 -1.5 30 31 42.19436593208894 0.1538090887335817
-1.75 -1.5 31 32 42.19036197795737 0.1443376744350764
-1.75 -1.5 32 33 41.92580812077472 0.135540861897287
-1.75 -1.5 33 34 41.45381321190541 0.1273601401912209
-1.75 -1.5 34 35 40.81795719834838 0.1197433024295705
-1.75 -1.5 35 36 40.05404672543028 0.1126436200085723
-1.75 -1.5 36 37 39.19152624171358 0.1060191420038657
-1.75 -1.5 37 38 38.25461724616099 0.09983210072239465
-1.75 -1.5 38 39 37.26324184165333 0.09404840415375997
-1.75 -1.5 39 40 36.23377427756304 0.08863720086357779
-1.75 -1.5 40 41 35.17965480683068 0.08357050588191062
-1.75 -1.5 41 42 34.11189262569877 0.07882287698274205
-1.75 -1.5 42 43 33.03947934211641 0.07437113540533494
-1.75 -1.5 43 44 31.96972980600415 0.07019412076495785
-1.75 -1.5 44 45 30.90856383314457 0.06627247988981502
-1.75 -1.5 45 46 29.85964366679465 0.06305761688562612
-1.75 -1.5 46 47 28.82888899889281 0.06222882313376291
-1.75 -1.5 47 48 27.81870050993282 1.594141200321759
-1.75 -1.5 48 49 26.82963254445821 1.455040347454929
-1.75 -1.5 49 50 25.86454781892311 1.318952699293445
-1.5 -1.25 0 1 5396.391101325269 3.12075650938724
-1.5 -1.25 1 2 -1939.266587168565 3.735023410385742
-1.5 -1.25 2 3 -5467.659887638374 1.695339450050765
-1.5 -1.25 3 4 -4362.995443145232 1.631408295997136
-1.5 -1.25 4 5 -3203.287872444894 1.457180740803421
-1.5 -1.25 5 6 -2333.819764417225 1.286339071690248
-1.5 -1.25 6 7 -1712.839666867774 1.137101508556157
-1.5 -1.25 7 8 -1269.594226280648 1.009890592447929
-1.5 -1.25 8 9 -949.5172193707126 0.9029898501316382
-1.5 -1.25 9 10 -714.9830374695871 0.8099511146832271
-1.5 -1.25 10 11 -540.5629958784693 0.7316323326168817
-1.5 -1.25 11 12 -409.2218437586994 0.6634745332618869
-1.5 -1.25 12 13 -309.1673502670051 0.604097284442614
-1.5 -1.25 13 14 -232.2017982509917 0.5520078922748075
-1.5 -1.25 14 15 -172.5133743146605 0.5060193535679173
-1.5 -1.25 15 16 -125.9149840642503 0.4651813510823775
-1.5 -1.25 16 17 -89.34454575071072 0.4287267450361934
-1.5 -1.25 17 18 -60.53176760071301 0.3960308413919351
-1.5 -1.25 18 19 -37.77227344412017 0.3665805194122537
-1.5 -1.25 19 20 -19.77200162339705 0.3399507763698461
-1.5 -1.25 20 21 -5.538345359873233 0.3157868017989672
-1.5 -1.25 21 22 5.697121350736438 0.2937901761374499
-1.5 -1.25 22 23 14.53424560177837 0.2737081575774362
-1.5 -1.25 23 24 21.4448097427636 0.2553252963818588
-1.5 -1.25 24 25 26.80239785219305 0.2384568169211979
-1.5 -1.25 25 26 30.90465115194411 0.2229433526780167
-1.5 -1.25 26 27 33.99001787255406 0.2086467249851069
-1.5 -1.25 27 28 36.25047607131603 0.195446533627414
-1.5 -1.25 28 29 37.84128028368048 0.1832373849969892
-1.5 -1.25 29 30 38.8884872865965 0.171926621399501
-1.5 -1.25 30 31 39.49480969431795 0.1623243755369431
-1.5 -1.25 31 32 39.74419992448026 0.1536625718415228
-1.5 -1.25 32 33 39.70546259485826 0.1455548667929858
-1.5 -1.25 33 34 39.43511801659633 0.1379581968550887
-1.5 -1.25 34 35 38.97968445771141 0.1308335693524378
-1.5 -1.25 35 36 38.37750642936533 0.1241456037220798
-1.5 -1.25 36 37 37.66022624090283 0.1178621340150258
-1.5 -1.25 37 38 36.8539736975323 0.1119538593007187
-1.5 -1.25 38 39 35.98033190322371 0.1063940402902774
-1.5 -1.25 39 40 35.05712429713088 0.1011582310079963
-1.5 -1.25 40 41 34.09905842373234 0.09622404470961869
-1.5 -1.25 41 42 33.11825415446202 0.09157094643296747
-1.5 -1.25 42 43 32.12467858934829 0.08718007024032001
-1.5 -1.25 43 44 31.12650510317184 0.08303405813635623
-1.5 -1.25 44 45 30.13041059616367 0.07911691575772882
-1.5 -1.25 45 46 29.14070030792644 0.07565292143021723
-1.5 -1.25 46 47 28.16393258102036 0.07350287169207102
-1.5 -1.25 47 48 27.19891813810369 1.664077159342239
-1.5 -1.25 48 49 26.25496630609058 1.52017490965132
-1.5 -1.25 49 50 25.33114097136053 1.379249351423435
-1.25 -1 0 1 5766.320575541799 1.560393271370641
-1.25 -1 1 2 -1635.225169181333 0.743756942359952
-1.25 -1 2 3 -5506.468738975158 2.079595729538331
-1.25 -1 3 4 -4442.557955425287 1.972916558871881
-1.25 -1 4 5 -3278.320420346339 1.733580951768857
-1.25 -1 5 6 -2396.980524498557 1.511438505497751
-1.25 -1 6 7 -1764.424488025751 1.324250203573723
-1.25 -1 7 8 -1311.425082943118 1.168775823237125
-1.25 -1 8 9 -983.4576828323661 1.03928328826199
-1.25 -1 9 10 -742.6279057931006 0.9306651708905507
-1.25 -1 10 11 -563.1696526213568 0.8378629241652719
-1.25 -1 11 12 -427.7865213900616 0.7583950733032983
-1.25 -1 12 13 -324.4694677827181 0.6895710828552847
-1.25 -1 13 14 -244.8545476249997 0.6294835711635266
-1.25 -1 14 15 -183.0021090083171 0.576645959257557
-1.25 -1 15 16 -134.6265336434101 0.5298858564265226
-1.25 -1 16 17 -96.58937645661149 0.4882677617960575
-1.25 -1 17 18 -66.56073333663335 0.4510368430922406
-1.25 -1 18 19 -42.78933695022488 0.4175776934095088
-1.25 -1 19 20 -23.94396212418496 0.3873837449508921
-1.25 -1 20 21 -9.002335391219731 0.3600343241914881
-1.25 -1 21 22 2.827811883437903 0.3351772375038883
-1.25 -1 22 23 12.16560928601029 0.3125154101585269
-1.25 -1 23 24 19.49852433764897 0.2917965236311723
-1.25 -1 24 25 25.21296846730615 0.2728049020466577
-1.25 -1 25 26 29.6171249599148 0.2553550974880939
-1.25 -1 26 27 32.95814547759824 0.2392867768413984
-1.25 -1 27 28 35.43522384920288 0.2244606116557287
-1.25 -1 28 29 37.20962036750223 0.2107549492402781
-1.25 -1 29 30 38.41240858003266 0.1980630983647964
-1.25 -1 30 31 39.15050587004941 0.1862910994024647
-1.25 -1 31 32 39.51139991888698 0.1753558834504061
-1.25 -1 32 33 39.56687641338192 0.1651837410172199
-1.25 -1 33 34 39.37597629513499 0.1557090433404622
-1.25 -1 34 35 38.98735459196467 0.1468731678086323
-1.25 -1 35 36 38.44117149643165 0.1386235905368043
-1.25 -1 36 37 37.77061561481702 0.130913117498611
-1.25 -1 37 38 37.00313638129069 0.1236992281406676
-1.25 -1 38 39 36.16144527795336 0.1169435155927113
-1.25 -1 39 40 35.26433233564597 0.1106112041856199
-1.25 -1 40 41 34.32733449068598 0.1046707342781312
-1.25 -1 41 42 33.36328438251741 0.09909340287969044
-1.25 -1 42 43 32.38276252781563 0.09385305142763008
-1.25 -1 43 44 31.39447089853024 0.08892579369154199
-1.25 -1 44 45 30.40554243582753 0.08428977831876165
-1.25 -1 45 46 29.42064896407018 0.08017006437106111
-1.25 -1 46 47 28.44674420249666 0.0774557730640795
-1.25 -1 47 48 27.48126621785983 1.720831959011922
-1.25 -1 48 49 26.53708008903402 1.572491981380654
-1.25 -1 49 50 25.61181356921833 1.427187597809914
-1 -0.75 0 1 6088.759483884818 2.286514934191783
-1 -0.75 1 2 -1344.354894219276 2.057370101968668
-1 -0.75 2 3 -5508.672440171502 1.566641050927676
-1 -0.75 3 4 -4484.140298879214 1.522680859360954
-1 -0.75 4 5 -3320.803482792075 1.365649973985543
-1 -0.75 5 6 -2433.509007383828 1.213794578488036
-1 -0.75 6 7 -1794.514038120028 1.082452407725954
-1 -0.75 7 8 -1335.946539881578 0.9707773160429186
-1 -0.75 8 9 -1003.434260052125 0.8753120520214487
-1 -0.75 9 10 -758.9548818578874 0.7928167554417426
-1 -0.75 10 11 -576.5776467041874 0.7217176702332511
-1 -0.75 11 12 -438.8463408829443 0.659334978489916
-1 -0.75 12 13 -333.6320223173952 0.6043829548559483
-1 -0.75 13 14 -252.4754988223854 0.555669973790009
-1 -0.75 14 15 -189.3635536601312 0.512243299880339
-1 -0.75 15 16 -139.9536786231549 0.4733332010177851
-1 -0.75 16 17 -101.0631993316752 0.4383115187823819
-1 -0.75 17 18 -70.32758617352351 0.4066607791735395
-1 -0.75 18 19 -45.96826400205055 0.3779509455525526
-1 -0.75 19 20 -26.63231415969494 0.3518217367000919
-1 -0.75 20 21 -11.28011095843931 0.3279690393189326
-1 -0.75 21 22 0.8945827509476203 0.3061343602793967
-1 -0.75 22 23 10.52220730143404 0.2860965615555861
-1 -0.75 23 24 18.09943814658084 0.2676653254910789
-1 -0.75 24 25 24.02021963231959 0.2506759444132095
-1 -0.75 25 26 28.59892536412701 0.2349851337558842
-1 -0.75 26 27 32.08781499512941 0.2204676414709651
-1 -0.75 27 28 34.69031322133048 0.2070134830733201
-1 -0.75 28 29 36.57119693432355 0.194525672691307
-1 -0.75 29 30 37.86447202986403 0.1829183480917246
-1 -0.75 30 31 38.67950837120816 0.1721152130482679
-1 -0.75 31 32 39.10585047750351 0.162048235005962
-1 -0.75 32 33 39.21701351821224 0.1526565521946078
-1 -0.75 33 34 39.07349616438773 0.1438855500152506
-1 -0.75 34 35 38.725184882458 0.1356860774817682
-1 -0.75 35 36 38.21328232039212 0.1280137803938519
-1 -0.75 36 37 37.57186128310434 0.1208285298529391
-1 -0.75 37 38 36.82912253585363 0.1140939313705908
-1 -0.75 38 39 36.00841706941651 0.1077769018245329
-1 -0.75 39 40 35.12908009444806 0.101847302376489
-1 -0.75 40 41 34.20711398379882 0.09627762084709753
-1 -0.75 41 42 33.25574925768473 0.09104269308218456
-1 -0.75 42 43 32.2859069740245 0.08611946084624382
-1 -0.75 43 44 31.30658088383672 0.08148675860982366
-1 -0.75 44 45 30.32515416919904 0.07712512549397724
-1 -0.75 45 46 29.34649009460128 0.0735343864592756
-1 -0.75 46 47 28.37777216842215 0.07257168349153159
-1 -0.75 47 48 27.41410166507589 1.761619995410242
-1 -0.75 48 49 26.47352971526519 1.610007844559244
-1 -0.75 49 50 25.55121321364021 1.461415207780225
-0.75 -0.5 0 1 6342.128595650606 3.292701684734096
-0.75 -0.5 1 2 -1118.782288262726 2.783637171980094
-0.75 -0.5 2 3 -5517.191041423719 1.573685120724894
-0.75 -0.5 3 4 -4525.667225957174 1.539671628327092
-0.75 -0.5 4 5 -3363.625525553155 1.383194003098048
-0.75 -0.5 5 6 -2471.402145818845 1.228892277874845
-0.75 -0.5 6 7 -1826.729243087836 1.094471837601871
-0.75 -0.5 7 8 -1363.043989864303 0.9800059920981402
-0.75 -0.5 8 9 -1026.210137050998 0.882297644839645
-0.75 -0.5 9 10 -778.1554926122449 0.8070261452257064
-0.75 -0.5 10 11 -592.8402617835977 0.7427287393738703
-0.75 -0.5 11 12 -452.6859167618732 0.6844623686213475
-0.75 -0.5 12 13 -345.4666398984775 0.6319292997589963
-0.75 -0.5 13 14 -262.6428341454709 0.5845461977443611
-0.75 -0.5 14 15 -198.1371572266407 0.5417398029910668
-0.75 -0.5 15 16 -147.5562139827998 0.5029833049181506
-0.75 -0.5 16 17 -107.676899802447 0.4678073504076393
-0.75 -0.5 17 18 -76.10243064366 0.4358000446610712
-0.75 -0.5 18 19 -51.02836033498625 0.4066024728354091
-0.75 -0.5 19 20 -31.08089749743976 0.3799027366807512
-0.75 -0.5 20 21 -15.20347689634195 0.355429852683433
-0.75 -0.5 21 22 -2.576035086809043 0.3329480866936175
-0.75 -0.5 22 23 7.443215059060662 0.3122519280482154
-0.75 -0.5 23 24 15.36030887546997 0.2931617374337921
-0.75 -0.5 24 25 21.57694893514338 0.2755200271142242
-0.75 -0.5 25 26 26.41396867431138 0.2591883030612652
-0.75 -0.5 26 27 30.12902940391018 0.2440443922613161
-0.75 -0.5 27 28 32.93009075953273 0.2299801837492785
-0.75 -0.5 28 29 34.9857513298723 0.2168997166091355
-0.75 -0.5 29 30 36.43324917065399 0.2047175603637582
-0.75 -0.5 30 31 37.38469699303698 0.1933574395462451
-0.75 -0.5 31 32 37.93197444780338 0.182751062972951
-0.75 -0.5 32 33 38.15059084990577 0.1728371240347779
-0.75 -0.5 33 34 38.10275283917593 0.163560445147673
-0.75 -0.5 34 35 37.83981386925075 0.1548712421951812
-0.75 -0.5 35 36 37.40424000752807 0.146724492470733
-0.75 -0.5 36 37 36.83119499218111 0.139079386913802
-0.75 -0.5 37 38 36.14982394474839 0.1318988570095585
-0.75 -0.5 38 39 35.38429730421717 0.1251491617978799
-0.75 -0.5 39 40 34.55466299969396 0.1187995301239378
-0.75 -0.5 40 41 33.67754469018485 0.1128218460177387
-0.75 -0.5 41 42 32.7667156555259 0.1071903740085505
-0.75 -0.5 42 43 31.83357210956592 0.10188151742762
-0.75 -0.5 43 44 30.88752462233077 0.0968736051754186
-0.75 -0.5 44 45 29.9363227384064 0.09214670431740328
-0.75 -0.5 45 46 28.98513664888685 0.08793211097505606
-0.75 -0.5 46 47 28.08983588685427 1.28554532533827
-0.75 -0.5 47 48 27.10168808605218 1.803796826518693
-0.75 -0.5 48 49 26.18190896179382 1.64904675947437
-0.75 -0.5 49 50 25.27860775524016 1.497343306556187
-0.5 -0.25 0 1 6512.617281834631 3.392508632781155
-0.5 -0.25 1 2 -971.1052346005149 2.410809181819427
-0.5 -0.25 2 3 -5527.4603160067 1.5527068188781
-0.5 -0.25 3 4 -4557.218589557187 1.536930900218211
-0.5 -0.25 4 5 -3395.070272846028 1.421676413207078
-0.5 -0.25 5 6 -2498.719001546646 1.333713128258191
-0.5 -0.25 6 7 -1849.601211212293 1.224474760977652
-0.5 -0.25 7 8 -1382.004883494784 1.116972224716127
-0.5 -0.25 8 9 -1041.917535242169 1.018127001807259
-0.5 -0.25 9 10 -791.2034556972744 0.9295449961117112
-0.5 -0.25 10 11 -603.723055526018 0.8501259742641591
-0.5 -0.25 11 12 -461.8005926852056 0.7796073357681658
-0.5 -0.25 12 13 -353.1315656621025 0.7167645413054669
-0.5 -0.25 13 14 -269.1129637589572 0.6606180999658128
-0.5 -0.25 14 15 -203.6174708810611 0.6102958561539746
-0.5 -0.25 15 16 -152.2124082155906 0.5650418873789714
-0.5 -0.25 16 17 -111.6437055509257 0.5242087065915511
-0.5 -0.25 17 18 -79.49004358313073 0.4872441326344671
-0.5 -0.25 18 19 -53.9274158609544 0.4536774779122483
-0.5 -0.25 19 20 -33.56633654390089 0.4231068390915858
-0.5 -0.25 20 21 -17.33756802792823 0.3951880497846496
-0.5 -0.25 21 22 -4.410752865145696 0.3696253382195471
-0.5 -0.25 22 23 5.864305540061878 0.346163535294685
-0.5 -0.25 23 24 14.00054880640994 0.3245816168686426
-0.5 -0.25 24 25 20.40537919068788 0.3046873637234729
-0.5 -0.25 25 26 25.40435550619691 0.2863129453646239
-0.5 -0.25 26 27 29.25907332504653 0.2693112606220099
-0.5 -0.25 27 28 32.18078084935712 0.2535528972209397
-0.5 -0.25 28 29 34.34083568601682 0.2389235980872388
-0.5 -0.25 29 30 35.87879866548212 0.2253221407877359
-0.5 -0.25 30 31 36.90874438685489 0.2126585580680696
-0.5 -0.25 31 32 37.52421467217812 0.2008526368013013
-0.5 -0.25 32 33 37.80213117437006 0.1898326480352739
-0.5 -0.25 33 34 37.80590389637558 0.1795342687188861
-0.5 -0.25 34 35 37.58791428489292 0.1698996616544315
-0.5 -0.25 35 36 37.19150877318685 0.1608766883219125
-0.5 -0.25 36 37 36.65260682470239 0.1524182331233847
-0.5 -0.25 37 38 36.00100375811763 0.1444816208046986
-0.5 -0.25 38 39 35.26143062283768 0.1370281125982837
-0.5 -0.25 39 40 34.45441970782446 0.1300224691952182
-0.5 -0.25 40 41 33.59701397453955 0.1234325706893047
-0.5 -0.25 41 42 32.70335036400098 0.1172290846800407
-0.5 -0.25 42 43 31.78514105660952 0.1113851755291361
-0.5 -0.25 43 44 30.85207161555766 0.1058762493919095
-0.5 -0.25 44 45 29.91213130573871 0.1006797299315357
-0.5 -0.25 45 46 28.97068869995337 0.09600886531611445
-0.5 -0.25 46 47 28.08472295579841 1.301813646410584
-0.5 -0.25 47 48 27.10324183262344 1.825945841146117
-0.5 -0.25 48 49 26.18970785507929 1.669371061932359
-0.5 -0.25 49 50 25.29174958776204 1.515853493499044
-0.25 0 0 1 6599.721600514001 3.615463985938938
-0.25 0 1 2 -893.9526465894655 3.089037752928105
-0.25 0 2 3 -5530.534377212698 1.571000329332981
-0.25 0 3 4 -4570.836475163796 1.546352979511563
-0.25 0 4 5 -3408.516322408776 1.392830413706053
-0.25 0 5 6 -2510.110967925191 1.239623235311178
-0.25 0 6 7 -1858.867128605606 1.105553730559546
-0.25 0 7 8 -1389.453679335481 1.015994631225627
-0.25 0 8 9 -1047.891789214089 0.9342387026178494
-0.25 0 9 10 -795.998794090046 0.8588378872046198
-0.25 0 10 11 -607.5800747818912 0.7897997772025138
-0.25 0 11 12 -464.9063821585451 0.7276230493384871
-0.25 0 12 13 -355.6336493234314 0.6715859487951865
-0.25 0 13 14 -271.127470179553 0.6210662312453979
-0.25 0 14 15 -205.2363422468243 0.575449623990539
-0.25 0 15 16 -153.5089195608668 0.5341704775743639
-0.25 0 16 17 -112.6766399633304 0.4967243856959228
-0.25 0 17 18 -80.30684973728398 0.4626685687401521
-0.25 0 18 19 -54.56660826652569 0.4316172315628745
-0.25 0 19 20 -34.05933408034412 0.4032352177196636
-0.25 0 20 21 -17.71011427400754 0.3772314634862146
-0.25 0 21 22 -4.68402282220859 0.3533528976913596
-0.25 0 22 23 5.672835960165912 0.3313790205634496
-0.25 0 23 24 13.8764144188317 0.3111172053096026
-0.25 0 24 25 20.33657673415894 0.2923986809827134
-0.25 0 25 26 25.38090330991474 0.2750751218428266
-0.25 0 26 27 29.27265597019777 0.2590157620142948
-0.25 0 27 28 32.22446092749567 0.2441049562040739
-0.25 0 28 29 34.40881888750118 0.2302401172833468
-0.25 0 29 30 35.96624151720755 0.2173299688934887
-0.25 0 30 31 37.01159629006315 0.2052930628733412
-0.25 0 31 32 37.63908766328802 0.1940565175742359
-0.25 0 32 33 37.92619219884136 0.1835549410642611
-0.25 0 33 34 37.93678544009254 0.1737295100600013
-0.25 0 34 35 37.72364003179121 0.1645271790593865
-0.25 0 35 36 37.33043160602045 0.1558999996275207
-0.25 0 36 37 36.79335699932403 0.1478045324754157
-0.25 0 37 38 36.14244548469037 0.1402013380707549
-0.25 0 38 39 35.40262561764882 0.1330545349297204
-0.25 0 39 40 34.59459653776179 0.1263314134423373
-0.25 0 40 41 33.73554222699909 0.1200020999661187
-0.25 0 41 42 32.83971884687753 0.1140392614967071
-0.25 0 42 43 31.9189393717956 0.1084178466787136
-0.25 0 43 44 30.98297455986005 0.10311485799515
-0.25 0 44 45 30.03988564956904 0.0981091495659486
-0.25 0 45 46 29.09509567033038 0.0936235564910249
-0.25 0 46 47 28.20553830216124 1.310057218422602
-0.25 0 47 48 27.22025112887025 1.836716708956018
-0.25 0 48 49 26.30308095307828 1.67929636776251
-0.25 0 49 50 25.40145531753828 1.524931435642531
0 0.25 0 1 6598.819753172807 3.61545756677626
0 0.25 1 2 -895.9236963908502 3.088987226520541
0 0.25 2 3 -5532.499280012779 1.570834852605067
0 0.25 3 4 -4572.457215965362 1.546177247958739
0 0.25 4 5 -3409.860273927094 1.392665651278655
0 0.25 5 6 -2511.265645224564 1.239481808684709
0 0.25 6 7 -1859.882807844693 1.105436556290479
0 0.25 7 8 -1390.359571767205 1.015900489785423
0 0.25 8 9 -1048.705782048925 0.9341602747410893
0 0.25 9 10 -796.7329277193776 0.8587680010487014
0 0.25 10 11 -608.2440927036705 0.7897391006237068
0 0.25 11 12 -465.5073111882243 0.7275679939158511
0 0.25 12 13 -356.1777272169379 0.6715353084174251
0 0.25 13 14 -271.6202229073851 0.6210192798952714
0 0.25 14 15 -205.6827611431595 0.5754059120013594
0 0.25 15 16 -153.9135481627839 0.5341297082377833
0 0.25 16 17 -113.0436188867247 0.4966863444947017
0 0.25 17 18 -80.63994411841713 0.4626330838727098
0 0.25 18 19 -54.86922956686362 0.4315841534172585
0 0.25 19 20 -34.33456133278537 0.4032044082482696
0 0.25 20 21 -17.96071644130348 0.3772027915648933
0 0.25 21 22 -4.912482343615011 0.3533262371477834
0 0.25 22 23 5.464298985263326 0.3313542496210881
0 0.25 23 24 13.68581811539002 0.3110942067112583
0 0.25 24 25 20.16215403088029 0.2923773421390194
0 0.25 25 26 25.22107969683998 0.2750553352682319
0 0.25 26 27 29.12602875336449 0.2589974255060914
0 0.25 27 28 32.08978015925504 0.2440879728343836
0 0.25 28 29 34.28497004177518 0.2302243955497921
0 0.25 29 30 35.85222989493138 0.2173154226167201
0 0.25 30 31 36.9065330863034 0.2052796110020267
0 0.25 31 32 37.54217759003268 0.194044084118002
0 0.25 32 33 37.83672254040414 0.1835434548420786
0 0.25 33 34 37.85411640887787 0.1737189044584115
0 0.25 34 35 37.64719629090399 0.1645173919444118
0 0.25 35 36 37.25969483159992 0.1558909727926716
0 0.25 36 37 36.72785936238779 0.1477962116618671
0 0.25 37 38 36.08176394195527 0.140193672767438
0 0.25 38 39 35.34637691258087 0.13304747790364
0 0.25 39 40 34.54243282034469 0.1263249208244359
0 0.25 40 41 33.68714721566886 0.1199961308121435
0 0.25 41 42 32.7948044596863 0.1140337776012876
0 0.25 42 43 31.8772427684147 0.1084128126663431
0 0.25 43 44 30.94425553859304 0.1031102407300884
0 0.25 44 45 30.00392435429677 0.09810491834795128
0 0.25 45 46 29.06169095122948 0.09361962721437628
0 0.25 46 47 28.17450488283092 1.310056948543513
0 0.25 47 48 27.19142552848794 1.836547312596867
0 0.25 48 49 26.27630056788644 1.679143978385321
0 0.25 49 50 25.37657611556881 1.524795194845339
0.25 0.5 0 1 6509.996106489125 3.392490069830825
0.25 0.5 1 2 -976.8501253589675 2.41064021421681
0.25 0.5 2 3 -5533.225568651381 1.552296615038157
0.25 0.5 3 4 -4562.020455096201 1.536515531050043
0.25 0.5 4 5 -3399.087993950841 1.421292885587957
0.25 0.5 5 6 -2502.191687210515 1.333382987256633
0.25 0.5 6 7 -1852.665929644421 1.224188108063404
0.25 0.5 7 8 -1384.742222686418 1.116722096722074
0.25 0.5 8 9 -1044.377910143409 1.017903331621101
0.25 0.5 9 10 -793.4217153120458 0.9293359953035156
0.25 0.5 10 11 -605.7280473388105 0.8499386740134656
0.25 0.5 11 12 -463.6135728972345 0.7794347291368823
0.25 0.5 12 13 -354.7715818783579 0.7166048651733233
0.25 0.5 13 14 -270.5969800069652 0.6604700909547624
0.25 0.5 14 15 -204.9608340003624 0.6101585458326597
0.25 0.5 15 16 -153.4290806627369 0.5649144792346694
0.25 0.5 16 17 -112.7463913810884 0.5240905062085919
0.25 0.5 17 18 -80.49027144286993 0.4871345101422188
0.25 0.5 18 19 -54.83560920591867 0.4535758489750874
0.25 0.5 19 20 -34.39188361729543 0.4230126556378426
0.25 0.5 20 21 -18.08889526503549 0.3951007958862328
0.25 0.5 21 22 -5.095401329991773 0.3695445283013779
0.25 0.5 22 23 5.239602581145959 0.3460887132441806
0.25 0.5 23 24 13.42978931936477 0.3245123550221727
0.25 0.5 24 25 19.88321865175203 0.3046232624636762
0.25 0.5 25 26 24.92603737284912 0.2862536317585975
0.25 0.5 26 27 28.82036455752916 0.2692563872979082
0.25 0.5 27 28 31.77791292244956 0.2535021414642268
0.25 0.5 28 29 33.97045120820951 0.238876659782181
0.25 0.5 29 30 35.53790349137 0.2252787416879908
0.25 0.5 30 31 36.59466495245363 0.2126184399372608
0.25 0.5 31 32 37.23456018891557 0.2008155601504232
0.25 0.5 32 33 37.53476026978507 0.1897983908306023
0.25 0.5 33 34 37.55889527218767 0.179502625239325
0.25 0.5 34 35 37.35954096875133 0.1698704409451122
0.25 0.5 35 36 36.98021556018017 0.1608497135258728
0.25 0.5 36 37 36.45699053422913 0.1523933402898068
0.25 0.5 37 38 35.8197959606066 0.1444586576266266
0.25 0.5 38 39 35.09348252974246 0.1370069379548888
0.25 0.5 39 40 34.29868894728185 0.1300029521592912
0.25 0.5 40 41 33.45255300914863 0.1234145898012842
0.25 0.5 41 42 32.56929633690851 0.1172125271674597
0.25 0.5 42 43 31.66070687817978 0.1113699366831046
0.25 0.5 43 44 30.73653812703452 0.1058622321226285
0.25 0.5 44 45 29.80484037843084 0.1006668441017199
0.25 0.5 45 46 28.87103831841057 0.09599686490217577
0.25 0.5 46 47 27.99215864682952 1.301812796989481
0.25 0.5 47 48 27.01727531048735 1.825457313305989
0.25 0.5 48 49 26.10985167759677 1.66893197787532
0.25 0.5 49 50 25.21757288431814 1.515461306380353
0.5 0.75 0 1 6337.866106545058 3.292684539746353
0.5 0.75 1 2 -1128.144338699762 2.783485911568211
0.5 0.75 2 3 -5526.62506816486 1.573191417481315
0.5 0.75 3 4 -4533.564150592668 1.539118090302182
0.5 0.75 4 5 -3370.261628229151 1.382651476828148
0.5 0.75 5 6 -2477.156190444812 1.22838532408067
0.5 0.75 6 7 -1831.817529178594 1.093999050112582
0.5 0.75 7 8 -1367.592936489961 0.9793570902214105
0.5 0.75 8 9 -1030.300741004328 0.8820874561067029
0.5 0.75 9 10 -781.8425708711939 0.8066451188349616
0.5 0.75 10 11 -596.1712061785574 0.7423669845039065
0.5 0.75 11 12 -455.6960348525322 0.6841258949926134
0.5 0.75 12 13 -348.1878060542135 0.6316164426203228
0.5 0.75 13 14 -265.1035714496593 0.5842554952420944
0.5 0.75 14 15 -200.3633074954294 0.5414698956485754
0.5 0.75 15 16 -149.5712774120418 0.5027328967374559
0.5 0.75 16 17 -109.5022287565716 0.4675751963368013
0.5 0.75 17 18 -77.75736784048877 0.435584948359699
0.5 0.75 18 19 -52.53036265314608 0.4064032887152033
0.5 0.75 19 20 -32.44566147765727 0.379718372192456
0.5 0.75 20 21 -16.44506970904013 0.3552592710076494
0.5 0.75 21 22 -3.70702934845383 0.3327903079180078
0.5 0.75 22 23 6.411606044264886 0.3121060299808186
0.5 0.75 23 24 14.41809895086749 0.2930268551888505
0.5 0.75 24 25 20.71525286063059 0.2753953518097822
0.5 0.75 25 26 25.62488384481594 0.2590730803704296
0.5 0.75 26 27 29.40552672348997 0.2439379202454507
0.5 0.75 27 28 32.26591522201011 0.2298818100860673
0.5 0.75 28 29 34.37533234760031 0.2168088361767541
0.5 0.75 29 30 35.87162034508185 0.2046336123048945
0.5 0.75 30 31 36.86742478928477 0.1932799045200735
0.5 0.75 31 32 37.45509510181188 0.1826794604502523
0.5 0.75 32 33 37.71055477308408 0.172771009430505
0.5 0.75 33 34 37.69637577284294 0.1634994071876069
0.5 0.75 34 35 37.4642340593125 0.1548149009338974
0.5 0.75 35 36 37.0568807107947 0.1466724963884333
0.5 0.75 36 37 36.50973167859144 0.1390314111703521
0.5 0.75 37 38 35.85215561538087 0.1318546009777843
0.5 0.75 38 39 35.10852140881559 0.1251083477898707
0.5 0.75 39 40 34.2990534879122 0.1187619012016179
0.5 0.75 40 41 33.44053279283827 0.1127871644371909
0.5 0.75 41 42 32.5468730359259 0.1071584198423054
0.5 0.75 42 43 31.62959607462398 0.1018520870618128
0.5 0.75 43 44 30.69822512070732 0.09684651047193819
0.5 0.75 44 45 29.76061091196669 0.09212177059501776
0.5 0.75 45 46 28.82201668352192 0.08790889340606994
0.5 0.75 46 47 27.93839073744272 1.285543806952437
0.5 0.75 47 48 26.96111273520449 1.802993878620105
0.5 0.75 48 49 26.05139491660543 1.648325185027895
0.5 0.75 49 50 25.15744284081043 1.496698766796831
0.75 1 0 1 6082.868418903674 2.286407655987411
0.75 1 1 2 -1357.328939982438 2.056611336053068
0.75 1 2 3 -5521.809335778437 1.565395750160204
0.75 1 3 4 -4495.186209808871 1.521936811882767
0.75 1 4 5 -3330.102576803637 1.365355838476687
0.75 1 5 6 -2441.567618610087 1.213715967264843
0.75 1 6 7 -1801.62799475928 1.082422044741788
0.75 1 7 8 -1342.293553424829 0.970712537758631
0.75 1 8 9 -1009.128690503227 0.8751953912380644
0.75 1 9 10 -764.0781585055706 0.7926645473233939
0.75 1 10 11 -581.1981147479314 0.7215121657201599
0.75 1 11 12 -443.015595146579 0.6590987979686463
0.75 1 12 13 -337.3962599158945 0.6041264994351655
0.75 1 13 14 -255.8757595055213 0.55540190051766
0.75 1 14 15 -192.4367531337064 0.5119704800030558
0.75 1 15 16 -142.7331736705059 0.4730609248900144
0.75 1 16 17 -103.5791348087739 0.438043756181363
0.75 1 17 18 -72.60714874303881 0.4064004276290865
0.75 1 18 19 -48.03590162221985 0.3777000465330844
0.75 1 19 20 -28.50994608730662 0.3515816573544422
0.75 1 20 21 -12.98733593877932 0.3277406221053633
0.75 1 21 22 -0.6597197971582318 0.3059180442501058
0.75 1 22 23 9.105255503833291 0.2858924803585542
0.75 1 23 24 16.805985188421 0.267473385196626
0.75 1 24 25 22.83795151759125 0.2504958855124026
0.75 1 25 26 27.51689733236594 0.234816579176352
0.75 1 26 27 31.09629707735075 0.2203101344674772
0.75 1 27 28 33.78065033977839 0.2068665160755495
0.75 1 28 29 35.73568327429916 0.194388709343518
0.75 1 29 30 37.09623902175122 0.1827908398781451
0.75 1 30 31 37.97242536512692 0.1719966114426691
0.75 1 31 32 38.45443706253559 0.1619380005840734
0.75 1 32 33 38.61636238172559 0.1525541607953165
0.75 1 33 34 38.51920539836908 0.143790497173371
0.75 1 34 35 38.21329868600674 0.1355978812079777
0.75 1 35 36 37.74023911895017 0.1279319827335893
0.75 1 36 37 37.13444836556039 0.1207526977082225
0.75 1 37 38 36.42443639725076 0.1140236566721812
0.75 1 38 39 35.63382873387735 0.1077118012150908
0.75 1 39 40 34.78220477399702 0.1017870163420043
0.75 1 40 41 33.88578450971607 0.09622181329446967
0.75 1 41 42 32.95799278574287 0.09099104969953797
0.75 1 42 43 32.0099245344669 0.08607168864026828
0.75 1 43 44 31.05072940015992 0.08144258416462731
0.75 1 44 45 30.08793061961072 0.07708429432883986
0.75 1 45 46 29.12652020464077 0.07349636051556659
0.75 1 46 47 28.17379074666542 0.07253488799843205
0.75 1 47 48 27.22499776049025 1.760495011506851
0.75 1 48 49 26.29818911635908 1.608996646988779
0.75 1 49 50 25.38865422188957 1.460511605851944
1 1.25 0 1 5758.932414816172 1.56061839214573
1 1.25 1 2 -1651.58607364074 0.7455300443171728
1 1.25 2 3 -5523.195970177943 2.079585620316251
1 1.25 3 4 -4456.748433963134 1.972001632477297
1 1.25 4 5 -3290.311409616961 1.732170893847282
1 1.25 5 6 -2407.366049237019 1.509914522397302
1 1.25 6 7 -1773.569764220701 1.322797204492855
1 1.25 7 8 -1319.560002506891 1.167460488357113
1 1.25 8 9 -990.7355721234635 1.038105784253632
1 1.25 9 10 -749.1599589258894 0.929597466279561
1 1.25 10 11 -569.0485056644311 0.8369214537014901
1 1.25 11 12 -433.0824383351505 0.7575534353309309
1 1.25 12 13 -329.2444292716027 0.6888172227101664
1 1.25 13 14 -249.1630014720104 0.6288070612395471
1 1.25 14 15 -186.8925478911276 0.5760377411375319
1 1.25 15 16 -138.1424180177171 0.5293380133514892
1 1.25 16 17 -99.76972677016579 0.4877733519077873
1 1.25 17 18 -69.44056168918746 0.4505897755263534
1 1.25 18 19 -45.40000388825456 0.4171726287751744
1 1.25 19 20 -26.31349855067697 0.3870160097479092
1 1.25 20 21 -11.15574573771414 0.3596998321513922
1 1.25 21 22 0.8682606602193346 0.3348724187556084
1 1.25 22 23 10.38011327113452 0.3122371453942309
1 1.25 23 24 17.86948472527126 0.2915420853963948
1 1.25 24 25 23.72475202721103 0.2725719016268987
1 1.25 25 26 28.25584414548553 0.2551414389725862
1 1.25 26 27 31.7114586313362 0.2390906162811429
1 1.25 27 28 34.29215525685561 0.2242803220545416
1 1.25 28 29 36.16039937365088 0.2105890905256365
1 1.25 29 30 37.44832660471582 0.1979103914165445
1 1.25 30 31 38.26378994787581 0.1861504043998409
1 1.25 31 32 38.69510127438286 0.175226180794539
1 1.25 32 33 38.81477257202056 0.1650641157352547
1 1.25 33 34 38.68248527121239 0.1555986716155572
1 1.25 34 35 38.34745977567724 0.1467713052596701
1 1.25 35 36 37.85035596791022 0.1385295629112378
1 1.25 36 37 37.2248047262915 0.1308263118823043
1 1.25 37 38 36.49864756764509 0.1236190863448719
1 1.25 38 39 35.69494416924294 0.116869527756774
1 1.25 39 40 34.83279435252751 0.110542903513401
1 1.25 40 41 33.9280112073115 0.1046076928921799
1 1.25 41 42 32.99367402736704 0.09903522752238751
1 1.25 42 43 32.04058407703852 0.09379938028482167
1 1.25 43 44 31.07764128867635 0.08887629326732209
1 1.25 44 45 30.11215648575188 0.08424414087934044
1 1.25 45 46 29.1489649682984 0.08012750145922823
1 1.25 46 47 28.19515916776163 0.07741374577510679
1 1.25 47 48 27.248374495722 1.719459724920913
1 1.25 48 49 26.32146875128666 1.571261403499939
1 1.25 49 50 25.41223975595543 1.426090832760178
1.25 1.5 0 1 5388.013727264463 3.120919281591484
1.25 1.5 1 2 -1957.967028334794 3.735710126869639
1.25 1.5 2 3 -5487.092310451859 1.69648148486032
1.25 1.5 3 4 -4379.813288332234 1.631084446516033
1.25 1.5 4 5 -3217.729962591631 1.455622375886531
1.25 1.5 5 6 -2346.453092597035 1.284106615727721
1.25 1.5 6 7 -1724.021222745647 1.134642705077268
1.25 1.5 7 8 -1279.55895198523 1.007819891875396
1.25 1.5 8 9 -958.4294005299607 0.8995357310448341
1.25 1.5 9 10 -722.9817444891087 0.8087716272769733
1.25 1.5 10 11 -547.7467823756983 0.7298183723531131
1.25 1.5 11 12 -415.6822262283872 0.6618717374931571
1.25 1.5 12 13 -314.9821869738021 0.6026852566548954
1.25 1.5 13 14 -237.4399045445232 0.5507642994021756
1.25 1.5 14 15 -177.2360668578888 0.5049227079986682
1.25 1.5 15 16 -130.1770743447037 0.4642121598020854
1.25 1.5 16 17 -93.1950497553446 0.4278678548196163
1.25 1.5 17 18 -64.014471607632 0.3952674065421656
1.25 1.5 18 19 -40.92622602207121 0.3658998080556782
1.25 1.5 19 20 -22.63196402570088 0.339341921540122
1.25 1.5 20 21 -8.135212853700409 0.3152405471455335
1.25 1.5 21 22 3.335924006777645 0.2932986397579398
1.25 1.5 22 23 12.38439504824055 0.2732646213742648
1.25 1.5 23 24 19.48474269028361 0.2549240241261482
1.25 1.5 24 25 25.01299858182063 0.2380928984012521
1.25 1.5 25 26 29.26896809685161 0.2226125721117424
1.25 1.5 26 27 32.49300871259845 0.2083454508859525
1.25 1.5 27 28 34.87878010166105 0.1951716261614621
1.25 1.5 28 29 36.58301634091436 0.1829861187375987
1.25 1.5 29 30 37.73307522819584 0.1716966217002292
1.25 1.5 30 31 38.43281329403277 0.1621147241921345
1.25 1.5 31 32 38.76718902594911 0.1534716196602494
1.25 1.5 32 33 38.80589243639031 0.1453807680795469
1.25 1.5 33 34 38.60622375361146 0.1377993260508684
1.25 1.5 34 35 38.21538906458096 0.1306884883354767
1.25 1.5 35 36 37.67234032504894 0.1240130358606257
1.25 1.5 36 37 37.00925715097185 0.1177409412747172
1.25 1.5 37 38 36.25274543318938 0.1118430244470783
1.25 1.5 38 39 35.42481088861786 0.1062926503449148
1.25 1.5 39 40 34.54365282306344 0.1010654648845191
1.25 1.5 40 41 33.62431373380178 0.09613916130400658
1.25 1.5 41 42 32.6792125868771 0.09149327548958361
1.25 1.5 42 43 31.71858410226233 0.08710900419911555
1.25 1.5 43 44 30.75084159876465 0.08296904488276687
1.25 1.5 44 45 29.78287754296659 0.07905745278306606
1.25 1.5 45 46 28.81919529722686 0.07559794044732368
1.25 1.5 46 47 27.86652105623742 0.07344922041168525
1.25 1.5 47 48 26.92390831184537 1.662518916026114
1.25 1.5 48 49 26.00064935178494 1.51878163818529
1.25 1.5 49 50 25.09601845870517 1.378011459232184
1.5 1.75 0 1 4949.172001883607 0.9885155459704636
1.5 1.75 1 2 -2341.471197636994 0.8630772955736141
1.5 1.75 2 3 -5464.734215335748 1.770921559714693
1.5 1.75 3 4 -4300.860223164233 1.707438548798159
1.5 1.75 4 5 -3136.957012759095 1.519287927161847
1.5 1.75 5 6 -2274.735276572314 1.331001829927176
1.5 1.75 6 7 -1662.750691065586 1.166521108193592
1.5 1.75 7 8 -1227.788565607259 1.028093626827341
1.5 1.75 8 9 -914.7661748604555 0.9114086966241486
1.5 1.75 9 10 -685.9986847509713 0.8125073680991205
1.5 1.75 10 11 -516.3559297639745 0.7298177116869577
1.5 1.75 11 12 -388.8996092851464 0.658502807568072
1.5 1.75 12 13 -292.0260014097787 0.5969146375570339
1.5 1.75 13 14 -217.6750287511434 0.5433001774818704
1.5 1.75 14 15 -160.1457425601325 0.4962862347956599
1.5 1.75 15 16 -115.3392680483391 0.4547888713550464
1.5 1.75 16 17 -80.26345082622356 0.4179443602637897
1.5 1.75 17 18 -52.70344949136802 0.3850575819288882
1.5 1.75 18 19 -30.9989796548125 0.3555636048491199
1.5 1.75 19 20 -13.89118238611445 0.3289989818576352
1.5 1.75 20 21 -0.4156914925638375 0.304980150595081
1.5 1.75 21 22 10.17314657060547 0.2831870382221046
1.5 1.75 22 23 18.45671811428065 0.2633504983228221
1.5 1.75 23 24 24.89176027890687 0.2452425922249543
1.5 1.75 24 25 29.83953123370316 0.2286690018900475
1.5 1.75 25 26 33.58752255577701 0.213463051795223
1.5 1.75 26 27 36.36578370585073 0.1994809601654741
1.5 1.75 27 28 38.35931001970494 0.1865980339479996
1.5 1.75 28 29 39.71752449224186 0.174705599102874
1.5 1.75 29 30 40.56159294547342 0.1637085035043706
1.5 1.75 30 31 40.99010931598764 0.1535230744642302
1.5 1.75 31 32 41.08354442134629 0.1440754348003524
1.5 1.75 32 33 40.90774920790028 0.1353001088902724
1.5 1.75 33 34 40.51672968857144 0.1271388594235738
1.5 1.75 34 35 39.95485701608624 0.1195397135246808
1.5 1.75 35 36 39.2586366458666 0.1124561428269625
1.5 1.75 36 37 38.45813125013319 0.1058463687647955
1.5 1.75 37 38 37.57811022852735 0.09967277253789326
1.5 1.75 38 39 36.63898216657111 0.09390139152423077
1.5 1.75 39 40 35.65755410098512 0.08850148709125684
1.5 1.75 40 41 34.64765206527613 0.08344517291973887
1.5 1.75 41 42 33.62062982663232 0.07870709377898254
1.5 1.75 42 43 32.58578737797598 0.07426414734252343
1.5 1.75 43 44 31.55071612206254 0.07009524147853666
1.5 1.75 44 45 30.52158437635026 0.06618108329741162
1.5 1.75 45 46 29.50228274652534 0.06297261911619884
1.5 1.75 46 47 28.49892458554294 0.06214740638121804
1.5 1.75 47 48 27.51421184196084 1.592273144566551
1.5 1.75 48 49 26.54863509915847 1.453368266368339
1.5 1.75 49 50 25.60532248775851 1.31746486313114
1.75 2 0 1 4487.416670210396 1.071556949391148
1.75 2 1 2 -2729.03550595485 2.825937988997785
1.75 2 2 3 -5435.834599574001 2.787737000690425
1.75 2 3 4 -4228.079120028213 2.265091519408351
1.75 2 4 5 -3070.777451326144 1.853122890413385
1.75 2 5 6 -2221.332621024128 1.547535623681725
1.75 2 6 7 -1620.817740048565 1.316736732894656
1.75 2 7 8 -1195.004739619289 1.137554907839613
1.75 2 8 9 -889.0173686974308 0.9950725387131627
1.75 2 9 10 -665.6798359007339 0.8790406985152356
1.75 2 10 11 -500.2586858866073 0.7831016683163955
1.75 2 11 12 -376.0890306848464 0.7023713048578495
1.75 2 12 13 -281.8014406832503 0.6336048021936276
1.75 2 13 14 -209.5000778584904 0.574386319180262
1.75 2 14 15 -153.6056413681481 0.5229117000205253
1.75 2 15 16 -110.110268774549 0.477806295656828
1.75 2 16 17 -76.09065529481563 0.4380039477651183
1.75 2 17 18 -49.38461465099863 0.4026646551421643
1.75 2 18 19 -28.37254679329862 0.371117298211723
1.75 2 19 20 -11.82732367588926 0.3428189742914899
1.75 2 20 21 1.190463071464592 0.3173255834933631
1.75 2 21 22 11.40668742742992 0.2942701905204912
1.75 2 22 23 19.38695381502282 0.2733468599139218
1.75 2 23 24 25.57533118638105 0.2542984106040942
1.75 2 24 25 30.32285419882305 0.2369070217595191
1.75 2 25 26 33.9087242445222 0.2209869400483075
1.75 2 26 27 36.55623953962436 0.2063787596607834
1.75 2 27 28 38.44487642227227 0.1929448897337385
1.75 2 28 29 39.71953083821484 0.1805659319378629
1.75 2 29 30 40.49764394066824 0.1691377595401758
1.75 2 30 31 40.87473689580946 0.1585691451412654
1.75 2 31 32 40.9287395125848 0.1487798191413671
1.75 2 32 33 40.72339708035321 0.1396988704001733
1.75 2 33 34 40.31096756755352 0.1312634205200974
1.75 2 34 35 39.7343687378617 0.123417518497519
1.75 2 35 36 39.02889611731132 0.1161112135061169
1.75 2 36 37 38.22360412637903 0.1092997740466052
1.75 2 37 38 37.34242137005833 0.102943026147837
1.75 2 38 39 36.40505498074617 0.09700479007055218
1.75 2 39 40 35.42772671492997 0.0914523996222372
1.75 2 40 41 34.42377435164414 0.08625628900011653
1.75 2 41 42 33.40414456989998 0.081389637150552
1.75 2 42 43 32.37779826509478 0.07682805980615783
1.75 2 43 44 31.35204476900503 0.07254934287314713
1.75 2 44 45 30.33281820922292 0.06853320980979197
1.75 2 45 46 29.32385501671237 0.06501072909237754
1.75 2 46 47 28.2838730856113 1.234241813659943
1.75 2 47 48 27.30804277660752 1.134541899401316
1.75 2 48 49 26.39636701149496 1.386660334920273
1.75 2 49 50 25.46379400868918 1.256643394882191
2 2.25 0 1 3988.011236313831 1.037083179372841
2 2.25 1 2 -3126.835453892902 0.8485138603577186
2 2.25 2 3 -5376.912040985431 1.653351477643261
2 2.25 3 4 -4109.692512440406 1.532108163770926
2 2.25 4 5 -2953.924671127987 1.351963926033568
2 2.25 5 6 -2118.083548534089 1.191901518457034
2 2.25 6 7 -1532.490088776372 1.057024021004944
2 2.25 7 8 -1120.183798965124 0.9434545489086612
2 2.25 8 9 -825.7290160861157 0.8472242146182092
2 2.25 9 10 -612.0358036816847 0.7644888676983906
2 2.25 10 11 -454.6276750161701 0.6930459892727886
2 2.25 11 12 -337.113435303072 0.6307862599296403
2 2.25 12 13 -248.3685661211114 0.5761447431633574
2 2.25 13 14 -180.7018306332222 0.52788488615292
2 2.25 14 15 -128.7004772088446 0.4850187536164765
2 2.25 15 16 -88.49078384562449 0.4467487175327911
2 2.25 16 17 -57.25718441701792 0.4124244505930429
2 2.25 17 18 -32.92413653373819 0.3815108682422755
2 2.25 18 19 -13.94195633609434 0.3535639660573004
2 2.25 19 20 0.8598139312973672 0.3282124102652488
2 2.25 20 21 12.37442092419781 0.3051433678475606
2 2.25 21 22 21.28994442575402 0.2840914938225517
2 2.25 22 23 28.1408879851615 0.2648302945128109
2 2.25 23 24 33.34560073733337 0.2471652960783197
2 2.25 24 25 37.23374599177419 0.2309285974370272
2 2.25 25 26 40.06668594025246 0.2159744924803922
2 2.25 26 27 42.05276312053309 0.202175928918351
2 2.25 27 28 43.35886365519013 0.1894216197328785
2 2.25 28 29 44.11924281509329 0.1776136773634851
2 2.25 29 30 44.44231500602211 0.1666656582414191
2 2.25 30 31 44.41591643013703 0.1565009422702296
2 2.25 31 32 44.11141199585973 0.1470513783517327
2 2.25 32 33 43.58692069842442 0.1382561494841182
2 2.25 33 34 42.88986366871382 0.1300608153841146
2 2.25 34 35 42.05898818730606 0.1224165011693905
2 2.25 35 36 41.12598364732622 0.1152792079488498
2 2.25 36 37 40.11677784293931 0.1086092232588395
2 2.25 37 38 39.05258143567113 0.1023706152990245
2 2.25 38 39 37.95073297224957 0.0965307972900615
2 2.25 39 40 36.82538512135841 0.09106015126408859
2 2.25 40 41 35.68806403379608 0.08593170161831752
2 2.25 41 42 34.54812667288411 0.08112083065257446
2 2.25 42 43 33.41313597227381 0.07660503071741759
2 2.25 43 44 32.28916941181853 0.07236368665470699
2 2.25 44 45 31.18107349664623 0.06837788525965617
2 2.25 45 46 30.09165061857266 0.0650614745493302
2 2.25 46 47 29.02586899938353 0.06395544301894976
2 2.25 47 48 27.93492621991845 1.111173518593934
2 2.25 48 49 26.96182924550828 1.342901652349445
2 2.25 49 50 25.97486035551916 1.217291210965368
2.25 2.5 0 1 3464.531537316612 1.647336019918252
2.25 2.5 1 2 -3521.684159815964 0.9574637585274461
2.25 2.5 2 3 -5284.418504342669 1.694575107529789
2.25 2.5 3 4 -3968.402832860012 1.561694381677237
2.25 2.5 4 5 -2826.582832139966 1.375908116672884
2.25 2.5 5 6 -2013.044916554354 1.234742996709628
2.25 2.5 6 7 -1447.734083463861 1.103075635180709
2.25 2.5 7 8 -1051.997135937868 0.9872380980021686
2.25 2.5 8 9 -770.6819044784447 0.8863158061281547
2.25 2.5 9 10 -567.3484864022137 0.7991741601279515
2.25 2.5 10 11 -418.1383853135862 0.7234030116115863
2.25 2.5 11 12 -307.1538076550239 0.6572854526873635
2.25 2.5 12 13 -223.6489482235359 0.5992903265822571
2.25 2.5 13 14 -160.2187603551699 0.5481512663040753
2.25 2.5 14 15 -111.6667515146821 0.5028285831632452
2.25 2.5 15 16 -74.28355945673457 0.4624687611658431
2.25 2.5 16 17 -45.3795613783368 0.4263687332844939
2.25 2.5 17 18 -22.97659581717198 0.3939464229596129
2.25 2.5 18 19 -5.600960302575345 0.3647171184904082
2.25 2.5 19 20 7.858000105476322 0.3382747331955031
2.25 2.5 20 21 18.24607644526043 0.3142769854270164
2.25 2.5 21 22 26.21340395437608 0.2924336640963189
2.25 2.5 22 23 32.2639333952751 0.2724973046676609
2.25 2.5 23 24 36.79125402331726 0.2542557456915502
2.25 2.5 24 25 40.10484466575633 0.237526153750061
2.25 2.5 25 26 42.44952302232207 0.222150200640003
2.25 2.5 26 27 44.02000239804488 0.2079901462901172
2.25 2.5 27 28 44.97188900376096 0.1949256410833337
2.25 2.5 28 29 45.43006232656262 0.1828510983190602
2.25 2.5 29 30 45.49511251003418 0.1716735250478885
2.25 2.5 30 31 45.24832196241238 0.1613107205115332
2.25 2.5 31 32 44.75554691713501 0.1516897734146383
2.25 2.5 32 33 44.07026113449598 0.1427458011835851
2.25 2.5 33 34 43.23595672381697 0.1344208880451748
2.25 2.5 34 35 42.28804827924034 0.1266631866232986
2.25 2.5 35 36 41.25539078895321 0.1194261537758064
2.25 2.5 36 37 40.16149538929369 0.1126678990776641
2.25 2.5 37 38 39.02550741739742 0.1063506262294086
2.25 2.5 38 39 37.86299645728633 0.1004401527881275
2.25 2.5 39 40 36.68659691722482 0.0949054964026721
2.25 2.5 40 41 35.50652933017378 0.08971851466377634
2.25 2.5 41 42 34.33102587005661 0.08485359479866324
2.25 2.5 42 43 33.16667882257067 0.0802873807180335
2.25 2.5 43 44 32.01872672054509 0.07599853592819172
2.25 2.5 44 45 30.89128989605544 0.07196753539577697
2.25 2.5 45 46 29.78658386931878 0.06838868728271025
2.25 2.5 46 47 28.70894694078123 0.06602396078254497
2.25 2.5 47 48 27.61241648393948 1.037290532978287
2.25 2.5 48 49 26.58980350640459 0.9460636489422218
2.25 2.5 49 50 25.64067601798274 1.143366049443925
2.5 2.75 0 1 2885.840955933257 2.16468454535564
2.5 2.75 1 2 -3955.990851417397 1.106455201473876
2.5 2.75 2 3 -5194.196376141132 2.757284685321429
2.5 2.75 3 4 -3821.080360387597 2.633800188351971
2.5 2.75 4 5 -2688.889254313603 2.306279544621952
2.5 2.75 5 6 -1895.603948279156 1.998377416038123
2.5 2.75 6 7 -1349.964620501579 1.738434541978337
2.5 2.75 7 8 -971.0109693763834 1.523199968941467
2.5 2.75 8 9 -703.4765632040398 1.344215979914912
2.5 2.75 9 10 -511.3335246971753 1.194593719066951
2.5 2.75 10 11 -371.2081600957335 1.068113022877626
2.5 2.75 11 12 -267.6258920933076 0.9602453001771918
2.5 2.75 12 13 -190.1852892641516 0.8674500587720675
2.5 2.75 13 14 -131.7529735323797 0.7869865812600892
2.5 2.75 14 15 -87.34479250409527 0.7167146367751538
2.5 2.75 15 16 -53.41727070563138 0.6549458278617334
2.5 2.75 16 17 -27.41085898409256 0.6003342459049228
2.5 2.75 17 18 -7.449966360285998 0.5517960646939027
2.5 2.75 18 19 7.85769981280157 0.508450066637038
2.5 2.75 19 20 19.55774302461543 0.4695732724063599
2.5 2.75 20 21 28.44362694356164 0.4345675161709499
2.5 2.75 21 22 35.12312368596508 0.4029340138328553
2.5 2.75 22 23 40.06567783115077 0.3742538208005375
2.5 2.75 23 24 43.63660987398453 0.3481726721282877
2.5 2.75 24 25 46.12211405657547 0.324389113773879
2.5 2.75 25 26 47.74773110251249 0.3026451305257928
2.5 2.75 26 27 48.69213877335659 0.2827186840484676
2.5 2.75 27 28 49.09754409475698 0.2644177255530532
2.5 2.75 28 29 49.07758286854903 0.247575357111358
2.5 2.75 29 30 48.7233726248428 0.2320458936048716
2.5 2.75 30 31 48.10818515440326 0.2177016372643104
2.5 2.75 31 32 47.2910782471028 0.2044302194864611
2.5 2.75 32 33 46.31973644516398 0.1921323977864532
2.5 2.75 33 34 45.2327062092574 0.1807202193690713
2.5 2.75 34 35 44.06116422707242 0.1701154830430077
2.5 2.75 35 36 42.83032347787156 0.1602484445474016
2.5 2.75 36 37 41.5605565150251 0.1510567211543872
2.5 2.75 37 38 40.26829677179146 0.1424843617587752
2.5 2.75 38 39 38.96676467592587 0.1344810533252297
2.5 2.75 39 40 37.66655478573733 0.1270014413469233
2.5 2.75 40 41 36.37611226787016 0.1200045458525962
2.5 2.75 41 42 35.1021207013163 0.1134532572872473
2.5 2.75 42 43 33.8498187180185 0.1073139003998903
2.5 2.75 43 44 32.62325919614804 0.1015558551003866
2.5 2.75 44 45 31.42552194199868 0.09615122643820311
2.5 2.75 45 46 30.25794800789984 0.0912201215141028
2.5 2.75 46 47 29.123989048282 0.0872764668116639
2.5 2.75 47 48 28.02378532818705 0.08435244924484218
2.5 2.75 48 49 26.91126113077027 0.9008617560670307
2.5 2.75 49 50 25.9193611684544 1.0847735666376
2.75 3 0 1 2251.340189073386 1.64683800669819
2.75 3 1 2 -4380.636190411627 4.430577184480233
2.75 3 2 3 -5047.643349187982 5.911989210193182
2.75 3 3 4 -3621.353952682545 5.031628973668859
2.75 3 4 5 -2508.463546470101 4.170182482087972
2.75 3 5 6 -1744.633628266874 3.486344153638349
2.75 3 6 7 -1226.130108475559 2.953337187421536
2.75 3 7 8 -869.7400137367258 2.533310164822966
2.75 3 8 9 -620.4099278452193 2.196814406400827
2.75 3 9 10 -442.8478262866004 1.923050324701991
2.75 3 10 11 -314.4203813608078 1.696944961628231
2.75 3 11 12 -220.271696999951 1.507817843850227
2.75 3 12 13 -150.4882805956213 1.347828002707358
2.75 3 13 14 -98.31377294756021 1.211140210415497
2.75 3 14 15 -59.05395084047677 1.093337893116546
2.75 3 15 16 -29.38881093053328 0.9910254075487892
2.75 3 16 17 -6.932023047009807 0.9015543268287813
2.75 3 17 18 10.05678169892883 0.8228318778751951
2.75 3 18 19 22.86352879082938 0.7531846314226082
2.75 3 19 20 32.44951013144441 0.6912599599257749
2.75 3 20 21 39.54086267111904 0.6359537348147313
2.75 3 21 22 44.69121395508557 0.5863565388926394
2.75 3 22 23 48.32617422509509 0.5417131377363508
2.75 3 23 24 50.77535429866441 0.5013915783742265
2.75 3 24 25 52.29568708158286 0.464859368363148
2.75 3 25 26 53.08860462755285 0.4316649258700368
2.75 3 26 27 53.31281971865269 0.4014229966536353
2.75 3 27 28 53.09392673688347 0.3738030894384679
2.75 3 28 29 52.53167627422272 0.3485202289124921
2.75 3 29 30 51.70553144322014 0.3253275056228461
2.75 3 30 31 50.6789432997362 0.3040100303071305
2.75 3 31 32 49.50266323600857 0.2843799952765035
2.75 3 32 33 48.21732553470258 0.2662726146266145
2.75 3 33 34 46.85547271052275 0.2495427665940089
2.75 3 34 35 45.44315248362392 0.2340622025488897
2.75 3 35 36 44.00118330294097 0.2197172128211567
2.75 3 36 37 42.54616184822461 0.2064066669067257
2.75 3 37 38 41.09126856596811 0.1940403587402876
2.75 3 38 39 39.64691425631358 0.1825376041984052
2.75 3 39 40 38.22126093088261 0.171826047005396
2.75 3 40 41 36.82064284952091 0.161840638115405
2.75 3 41 42 35.44990780860959 0.1525227601593277
2.75 3 42 43 34.11269461103697 0.1438194730178735
2.75 3 43 44 32.81165918832622 0.1356828626692
2.75 3 44 45 31.54865927067169 0.1280694759369295
2.75 3 45 46 30.32401374100886 0.1210399670579567
2.75 3 46 47 29.14013415491723 0.1149304191254707
2.75 3 47 48 27.99638396624746 0.1097539134072174
2.75 3 48 49 26.89269494507194 0.1054512546327963
2.75 3 49 50 25.7821335984986 0.7763614207293233
3 3.25 0 1 1564.088897099862 1.194009865852718
3 3.25 1 2 -4728.065328758454 9.203965810947471
3 3.25 2 3 -4795.314663308157 9.604181841678662
3 3.25 3 4 -3339.490648060069 7.791467157849588
3 3.25 4 5 -2267.684757084714 6.304980146690416
3 3.25 5 6 -1549.665618505041 5.18942124403197
3 3.25 6 7 -1070.062813040794 4.345472153499308
3 3.25 7 8 -744.6723576143672 3.693283372568117
3 3.25 8 9 -519.6494128174386 3.178302688621411
3 3.25 9 10 -361.1409907777327 2.763933071890952
3 3.25 10 11 -247.7306233508159 2.424882859641867
3 3.25 11 12 -165.5090207295666 2.143505169806732
3 3.25 12 13 -105.2765079347032 1.907103067761338
3 3.25 13 14 -60.81167800404569 1.706357338468266
3 3.25 14 15 -27.82227849545234 1.534293142896245
3 3.25 15 16 -3.292430371073351 1.385598053328573
3 3.25 16 17 14.93210507241031 1.256161875037601
3 3.25 17 18 28.41293687556629 1.142759534666396
3 3.25 18 19 38.29703691060524 1.04282826006291
3 3.25 19 20 45.43672557125433 0.9543081890843405
3 3.25 20 21 50.4719626304352 0.8755264691296614
3 3.25 21 22 53.88768816478262 0.8051117100805588
3 3.25 22 23 56.05436362133446 0.7419299687462148
3 3.25 23 24 57.25701949853965 0.6850362400095817
3 3.25 24 25 57.7163236866204 0.6336372699620461
3 3.25 25 26 57.60403434942629 0.5870627431776362
3 3.25 26 27 57.05445114684159 0.5447427369561242
3 3.25 27 28 56.17298154276097 0.5061899177465966
3 3.25 28 29 55.04260490930574 0.4709853620942543
3 3.25 29 30 53.72878944636119 0.4387671750177875
3 3.25 30 31 52.28325989256189 0.4092212863057761
3 3.25 31 32 50.74690429107176 0.3820739561028152
3 3.25 32 33 49.15203059948851 0.3570856333953883
3 3.25 33 34 47.52412869454065 0.3340458921647894
3 3.25 34 35 45.88325349949542 0.3127692322628843
3 3.25 35 36 44.24511601168373 0.2930915789823564
3 3.25 36 37 42.62194777216718 0.2748673496701812
3 3.25 37 38 41.02318865004275 0.2579669842007541
3 3.25 38 39 39.45603609590071 0.2422748562934758
3 3.25 39 40 37.92588523568665 0.2276874993789184
3 3.25 40 41 36.43668263486055 0.2141120934498391
3 3.25 41 42 34.99121137212367 0.2014651696362598
3 3.25 42 43 33.59132136084619 0.1896714967357407
3 3.25 43 44 32.2381158151434 0.1786631213924635
3 3.25 44 45 30.93210245395115 0.1683785371550754
3 3.25 45 46 29.67248979287999 0.1588308433357274
3 3.25 46 47 28.46052894444568 0.1502257353329416
3 3.25 47 48 27.29475504460177 0.1425509383054227
3 3.25 48 49 26.17431829356052 0.1357491750691514
3 3.25 49 50 25.09807994628966 0.129533163525173
3.25 3.5 0 1 850.7190508007893 0.4342703083277958
3.25 3.5 1 2 -4888.904337288359 18.45658817191977
3.25 3.5 2 3 -4374.638984223513 14.67587387233439
3.25 3.5 3 4 -2941.182603504805 11.07080951265966
3.25 3.5 4 5 -1947.87779334293 8.616544873463445
3.25 3.5 5 6 -1300.88902097493 6.908256311473432
3.25 3.5 6 7 -877.1150344023449 5.670949376157586
3.25 3.5 7 8 -594.2326059763082 4.742731895145687
3.25 3.5 8 9 -401.4716603726301 4.025940035738758
3.25 3.5 9 10 -267.6072325149007 3.459253779275103
3.25 3.5 10 11 -173.1969149548431 3.002354801197081
3.25 3.5 11 12 -105.7738239510848 2.627924544829304
3.25 3.5 12 13 -57.18104911567184 2.316808947003277
3.25 3.5 13 14 -21.95497045865682 2.055226727934482
3.25 3.5 14 15 3.64092506282816 1.833031687760738
3.25 3.5 15 16 22.21045029814934 1.642602784383981
3.25 3.5 16 17 35.59879042944294 1.478114229319901
3.25 3.5 17 18 45.13314663860785 1.335042945242504
3.25 3.5 18 19 51.78079280206714 1.209828486891341
3.25 3.5 19 20 56.25491007985772 1.09963337503324
3.25 3.5 20 21 59.0867210424309 1.002171066145951
3.25 3.5 21 22 60.67545776276643 0.9155804110610883
3.25 3.5 22 23 61.32349096007567 0.8383326581305185
3.25 3.5 23 24 61.26136235042708 0.7691616201281098
3.25 3.5 24 25 60.66584332115212 0.7070105802458799
3.25 3.5 25 26 59.67311015242177 0.6509914624752614
3.25 3.5 26 27 58.38845590485278 0.6003531033380565
3.25 3.5 27 28 56.89351719650614 0.5544563568866739
3.25 3.5 28 29 55.25169847400474 0.5127543860593915
3.25 3.5 29 30 53.51227574014786 0.4747769301087654
3.25 3.5 30 31 51.71352389038839 0.4401176487365993
3.25 3.5 31 32 49.88511590626567 0.4084238678534991
3.25 3.5 32 33 48.04997470238447 0.3793882148737506
3.25 3.5 33 34 46.22571050130642 0.3527417528288793
3.25 3.5 34 35 44.42574220331889 0.3282483106963049
3.25 3.5 35 36 42.66017628216525 0.3056997757995126
3.25 3.5 36 37 40.9364985237049 0.2849121646246365
3.25 3.5 37 38 39.26012052991095 0.2657223266489069
3.25 3.5 38 39 37.63481292586221 0.2479851665067599
3.25 3.5 39 40 36.06304975541966 0.2315712928746054
3.25 3.5 40 41 34.54628302155788 0.2163650194898441
3.25 3.5 41 42 33.08516194986795 0.2022626595122584
3.25 3.5 42 43 31.67970844501893 0.1891710640176469
3.25 3.5 43 44 30.32945767464936 0.1770063657997938
3.25 3.5 44 45 29.03357078755448 0.1656928952707923
3.25 3.5 45 46 27.79019027320655 0.1552237347135266
3.25 3.5 46 47 26.59938207253211 0.1457680748795347
3.25 3.5 47 48 25.45891845908569 0.1373050539136852
3.25 3.5 48 49 24.36721332944632 0.1297752682337422
3.25 3.5 49 50 23.32248717729023 0.1229128507295026
3.5 3.75 0 1 185.5154470432872 1.613720799892961
3.5 3.75 1 2 -4698.081340446432 24.56479624661988
3.5 3.75 2 3 -3719.903305276724 16.19626402233643
3.5 3.75 3 4 -2400.504571121284 11.43076594897997
3.5 3.75 4 5 -1540.968476203745 8.556814749358733
3.5 3.75 5 6 -998.5431645193141 6.674045410576705
3.5 3.75 6 7 -651.4072586894843 5.361978134543367
3.5 3.75 7 8 -424.261580470137 4.404715504403239
3.5 3.75 8 9 -272.3518654805764 3.681295293995572
3.5 3.75 9 10 -168.8030919869454 3.119420212750252
3.5 3.75 10 11 -97.17820032889631 2.673177096268644
3.5 3.75 11 12 -47.09249691702121 2.312264958326455
3.5 3.75 12 13 -11.83816920993172 2.015890359371848
3.5 3.75 13 14 13.02592109466605 1.769354103224659
3.5 3.75 14 15 30.50431905712492 1.561995052736953
3.5 3.75 15 16 42.66917931501382 1.385908651289096
3.5 3.75 16 17 50.97412292859485 1.235121121913502
3.5 3.75 17 18 56.45420418853541 1.105041685840951
3.5 3.75 18 19 59.85610693718559 0.992089887018149
3.5 3.75 19 20 61.72462148988126 0.8934363245093888
3.5 3.75 20 21 62.46113773153638 0.8068186698344729
3.5 3.75 21 22 62.36386976624937 0.7304087725134619
3.5 3.75 22 23 61.65593612874483 0.6627151248191921
3.5 3.75 23 24 60.50523120754576 0.6025102370921634
3.5 3.75 24 25 59.03866288783377 0.548775848323336
3.5 3.75 25 26 57.35246924117178 0.5006610941096923
3.5 3.75 26 27 55.51977117211499 0.4574502152786879
3.5 3.75 27 28 53.59615346442141 0.4185373787582321
3.5 3.75 28 29 51.62382418271423 0.3834068600906349
3.5 3.75 29 30 49.63473867064835 0.3516173110325206
3.5 3.75 30 31 47.65296249632564 0.322789169696191
3.5 3.75 31 32 45.69647022435896 0.2965945101677412
3.5 3.75 32 33 43.77852265345879 0.2727488016203849
3.5 3.75 33 34 41.90872681529282 0.2510041743494972
3.5 3.75 34 35 40.09385561987386 0.2311438831939814
3.5 3.75 35 36 38.33848426485608 0.2129777294333655
3.5 3.75 36 37 36.64548615071277 0.1963382549052565
3.5 3.75 37 38 35.01642052091248 0.1810775615962523
3.5 3.75 38 39 33.45183623958351 0.1670646417584546
3.5 3.75 39 40 31.9515103184734 0.1541831255006864
3.5 3.75 40 41 30.51463552061242 0.142329373564127
3.5 3.75 41 42 29.13996799750315 0.1314108547230594
3.5 3.75 42 43 27.82594351861326 0.1213447606583788
3.5 3.75 43 44 26.57076893847744 0.1120568190565811
3.5 3.75 44 45 25.37249405575952 0.1034802728157903
3.5 3.75 45 46 24.2284588126299 0.09563630203039331
3.5 3.75 46 47 23.1376963024165 0.08878261821487496
3.5 3.75 47 48 22.09746483903011 0.08292947020016635
3.5 3.75 48 49 21.10564688355872 0.07802980149756604
3.5 3.75 49 50 20.16002069285906 0.0737562847191736
3.75 4 0 1 -325.4431085402777 1.825840110913766
3.75 4 1 2 -4028.059023452243 28.03091790627633
3.75 4 2 3 -2817.622326609878 12.98990184935392
3.75 4 3 4 -1727.412377161778 7.577940339183597
3.75 4 4 5 -1062.689472230373 4.931592150509799
3.75 4 5 6 -659.0739762775959 3.422528129493014
3.75 4 6 7 -408.3662442753578 2.477048354875719
3.75 4 7 8 -248.6317524432013 1.845843334519403
3.75 4 8 9 -144.5383829379161 1.404678957101724
3.75 4 9 10 -75.45943806686057 1.085970321984459
3.75 4 10 11 -29.04798905960433 0.8497369227488309
3.75 4 11 12 2.350042920492342 0.67136606104971
3.75 4 12 13 23.59821735287164 0.5349020495203795
3.75 4 13 14 37.86803573685233 0.4296799143963987
3.75 4 14 15 47.27434033958446 0.348374961299721
3.75 4 15 16 53.25528389685638 0.2858371228401114
3.75 4 16 17 56.80566131541644 0.2607722064807174
3.75 4 17 18 58.62377213041026 0.2400302284694475
3.75 4 18 19 59.20597702420298 0.221364305659894
3.75 4 19 20 58.90884678965608 0.20450712612895
3.75 4 20 21 57.99078089348626 0.189234058520552
3.75 4 21 22 56.64035141674105 0.1753551488837015
3.75 4 22 23 54.99590201304943 0.1627088015960393
3.75 4 23 24 53.15928700254733 0.1511567607522948
3.75 4 24 25 51.20562246657772 0.1405800995913935
3.75 4 25 26 49.19028457702854 0.1357036319569828
3.75 4 26 27 47.15398311440745 0.1356545498725118
3.75 4 27 28 45.12647309505059 0.1355918821147412
3.75 4 28 29 43.12929234934663 0.1353929153895552
3.75 4 29 30 41.17779548919566 0.1349936306383521
3.75 4 30 31 39.28267500377126 0.1343669536522333
3.75 4 31 32 37.4511053894423 0.1335084449612042
3.75 4 32 33 35.6876080806928 0.1324270432328686
3.75 4 33 34 33.99470815453689 0.131139149603659
3.75 4 34 35 32.3734347497864 0.1296648906585514
3.75 4 35 36 30.82370349963858 0.1280257901757553
3.75 4 36 37 29.34460942392933 0.1262433502581502
3.75 4 37 38 27.93465155528678 0.1243382157697843
3.75 4 38 39 26.59190529116061 0.1223297118026073
3.75 4 39 40 25.31415456089961 0.1202356183344343
3.75 4 40 41 24.09899303980355 0.118072092721591
3.75 4 41 42 22.94390140149095 0.1158536832461681
3.75 4 42 43 21.84630601798404 0.1135933962164954
3.75 4 43 44 20.80362327800355 0.1113027927575623
3.75 4 44 45 19.81329270769037 0.1089920998571238
3.75 4 45 46 18.87235192964177 0.1067235551073998
3.75 4 46 47 17.9791699311978 0.104688904495143
3.75 4 47 48 17.13092929864051 0.1028910581231567
3.75 4 48 49 16.32535634675727 0.1012986336719815
3.75 4 49 50 15.56014238796931 0.09974301484325282
4 5 0 1 -1011.089331507674 2.843595986715491
4 5 1 2 -4436.754939518878 7.272153527222061
4 5 2 3 -2561.811872453003 5.434693764324082
4 5 3 4 -1411.994698690364 4.025499909689978
4 5 4 5 -784.053503468409 2.984628093022842
4 5 5 6 -430.1516106815711 2.263648003873452
4 5 6 7 -224.2158385322707 1.774038068555094
4 5 7 8 -101.1605064974876 1.436164848236723
4 5 8 9 -26.22554258955358 1.196189928382694
4 5 9 10 19.86253611697043 1.020374025401149
4 5 10 11 48.11306124170221 0.8875429061348458
4 5 11 12 65.09085870740307 0.783839774470786
4 5 12 13 74.81232826230575 0.7009334669085338
4 5 13 14 79.80289932287423 0.6329912070436805
4 5 14 15 81.68785147391299 0.576159946208468
4 5 15 16 81.5331391883812 0.5277828554969152
4 5 16 17 80.04884633606684 0.4859853951104454
4 5 17 18 77.71381423843161 0.4494153924360301
4 5 18 19 74.85385394057556 0.4170768125993595
4 5 19 20 71.69190334424485 0.3882213639039022
4 5 20 21 68.3808172336021 0.3622764284626588
4 5 21 22 65.0251715079346 0.3387962379747522
4 5 22 23 61.69598146889976 0.3174282016860041
4 5 23 24 58.44076895836187 0.2978892872081901
4 5 24 25 55.29052811607505 0.2799491847865656
4 5 25 26 52.26459375266541 0.2634181232328554
4 5 26 27 49.37407324136592 0.2481379244629392
4 5 27 28 46.62428331449613 0.2339753457382001
4 5 28 29 44.01649050077609 0.2208170610374228
4 5 29 30 41.54915980459083 0.2085658304215015
4 5 30 31 39.21885332868339 0.1971375431550945
4 5 31 32 37.02087795080591 0.186458909345137
4 5 32 33 34.94975199874952 0.1764656390493868
4 5 33 34 32.99954070965994 0.1671009916201296
4 5 34 35 31.16409617109477 0.1583146099413776
4 5 35 36 29.43722750132515 0.1500615736951683
4 5 36 37 27.81281997793239 0.1423016258164304
4 5 37 38 26.2849167770416 0.1349985341954745
4 5 38 39 24.84777333301408 0.1281195621713633
4 5 39 40 23.49589168423279 0.1216350246324154
4 5 40 41 22.22404027294072 0.1155179155028138
4 5 41 42 21.0272632070436 0.109743591225914
4 5 42 43 19.90088196888364 0.1042895016252605
4 5 43 44 18.84049182060905 0.09913495864589501
4 5 44 45 17.8419545098051 0.09426093793281844
4 5 45 46 16.90096682578907 0.08994297645509101
4 5 46 47 16.01449795685338 0.08722070749771213
4 5 47 48 15.17875300930907 0.08606617240495565
4 5 48 49 14.39058400833567 0.08615614951163075
4 5 49 50 13.646765825411 0.08655721568098727
-5 5 0 50 -552267.7299592105 92.75058620404724
