#ylo yhi qTlo qThi PDF0  uncertainty
-5 -4 0 1 -1800.698657782564 3.167964902508018
-5 -4 1 2 -5321.071419943521 8.809969600772382
-5 -4 2 3 -2757.406205986079 6.561103969052524
-5 -4 3 4 -1446.989005223183 4.879027802820785
-5 -4 4 5 -765.5230837030522 3.541602875531043
-5 -4 5 6 -391.5516069399691 2.586106917095262
-5 -4 6 7 -178.3704195719383 1.934769778839548
-5 -4 7 8 -53.52547383529122 1.495646568718512
-5 -4 8 9 20.77586111341009 1.198186894015316
-5 -4 9 10 65.16208938603404 0.9943411500107608
-5 -4 10 11 91.28189034233628 0.8517062130625837
-5 -4 11 12 106.0106102600477 0.7490216065923637
-5 -4 12 13 113.5118560298921 0.6726872816109358
-5 -4 13 14 116.3821160088601 0.6138616311231433
-5 -4 14 15 116.2762257584253 0.5668923682322995
-5 -4 15 16 114.2687735151695 0.5281394064547463
-5 -4 16 17 111.0678476405049 0.4952387746307217
-5 -4 17 18 107.1451363898381 0.4666350061067701
-5 -4 18 19 102.8170740980416 0.4412870452680391
-5 -4 19 20 98.29656569442884 0.4184839186781756
-5 -4 20 21 93.7265962370773 0.3977289527075503
-5 -4 21 22 89.20244146815395 0.378666585800108
-5 -4 22 23 84.78656386904805 0.36103567473138
-5 -4 23 24 80.51873235520389 0.3446393665568125
-5 -4 24 25 76.42297379134257 0.3293254099619654
-5 -4 25 26 72.51239348419239 0.3149731128379879
-5 -4 26 27 68.79254431096945 0.3014845765433865
-5 -4 27 28 65.26379633519113 0.2887787154824292
-5 -4 28 29 61.92301132465212 0.2767871138889613
-5 -4 29 30 58.76472965102336 0.2654511074593122
-5 -4 30 31 55.78201257759503 0.2547196940329586
-5 -4 31 32 52.96703942362507 0.2445480116475956
-5 -4 32 33 50.31152944639872 0.2348962103133712
-5 -4 33 34 47.80703785734605 0.225728600232549
-5 -4 34 35 45.44516118923838 0.21701299768295
-5 -4 35 36 43.21767725820481 0.2087202134551945
-5 -4 36 37 41.1166379167743 0.200823646258994
-5 -4 37 38 39.13442779169104 0.1932989542275943
-5 -4 38 39 37.26379857968752 0.1861237850853416
-5 -4 39 40 35.49788588610287 0.1792775521175375
-5 -4 40 41 33.83021373232314 0.1727412452340838
-5 -4 41 42 32.25469044718831 0.1664972704138728
-5 -4 42 43 30.7655986632309 0.1605293105967645
-5 -4 43 44 29.35758145523114 0.1548222063614171
-5 -4 44 45 28.02562602419033 0.1493618496586704
-5 -4 45 46 26.764570156451 0.1445509404680274
-5 -4 46 47 25.57049636566444 0.141871108535742
-5 -4 47 48 24.4388936970204 0.1412748237687769
-5 -4 48 49 23.36600099776986 0.1422881614073726
-5 -4 49 50 22.34773828446826 0.1436371574021541
-4 -3.75 0 1 -1292.937308439869 1.719986298251033
-4 -3.75 1 2 -5272.271991408244 27.62761941027336
-4 -3.75 2 3 -3171.993037430552 12.25204490661738
-4 -3.75 3 4 -1853.478466520125 6.937182360960398
-4 -3.75 4 5 -1102.536482969052 4.400063224605709
-4 -3.75 5 6 -660.3721263245425 2.979510594674828
-4 -3.75 6 7 -390.9531354856713 2.103154234145895
-4 -3.75 7 8 -221.8468462919516 1.526400371439909
-4 -3.75 8 9 -113.1369724967954 1.129066832294179
-4 -3.75 9 10 -41.99138604279096 0.8467849416783622
-4 -3.75 10 11 5.072198730088985 0.6420019956012989
-4 -3.75 11 12 36.32390406111745 0.4921631776112648
-4 -3.75 12 13 56.97446957637271 0.3831014135978527
-4 -3.75 13 14 70.39690171632981 0.3353848255252269
-4 -3.75 14 15 78.82547389087267 0.3072474610208513
-4 -3.75 15 16 83.77005678827948 0.2822764179565052
-4 -3.75 16 17 86.26871271622593 0.2600088815856654
-4 -3.75 17 18 87.04569951759458 0.2400642950544833
-4 -3.75 18 19 86.612644102925 0.2221274859294721
-4 -3.75 19 20 85.33470996805312 0.2059356500107547
-4 -3.75 20 21 83.47470204073903 0.2094800955056215
-4 -3.75 21 22 81.22297236986219 0.2145452388002247
-4 -3.75 22 23 78.7180118239323 0.2191914882309063
-4 -3.75 23 24 76.06082570169411 0.2231579940247047
-4 -3.75 24 25 73.32509506156205 0.2263519207818445
-4 -3.75 25 26 70.56443980553561 0.2287700635905208
-4 -3.75 26 27 67.81766249961797 0.2304545971860456
-4 -3.75 27 28 65.11256851537593 0.2314684580822118
-4 -3.75 28 29 62.46877151793188 0.2318818460310708
-4 -3.75 29 30 59.89976857524024 0.2317649975106226
-4 -3.75 30 31 57.41448478716632 0.2311844939540248
-4 -3.75 31 32 55.01842940481757 0.23020155475444
-4 -3.75 32 33 52.71456526611497 0.2288714339176727
-4 -3.75 33 34 50.50396523030658 0.2272434164613247
-4 -3.75 34 35 48.38630937129408 0.2253611255584038
-4 -3.75 35 36 46.36026244182017 0.2232629757348776
-4 -3.75 36 37 44.42376085927548 0.2209826786884463
-4 -3.75 37 38 42.57423101898686 0.2185497507011111
-4 -3.75 38 39 40.80875527063343 0.2159899941827253
-4 -3.75 39 40 39.12419786119924 0.2133259406061311
-4 -3.75 40 41 37.51730020681039 0.210577250294541
-4 -3.75 41 42 35.98475256398542 0.2077610681867165
-4 -3.75 42 43 34.52324752976711 0.2048923383954928
-4 -3.75 43 44 33.12951956929552 0.2019840804583014
-4 -3.75 44 45 31.80037373568709 0.1990476310703886
-4 -3.75 45 46 30.53222507288467 0.1961431534905687
-4 -3.75 46 47 29.32284272832884 0.1934560091945584
-4 -3.75 47 48 28.16887305332441 0.1909991142467985
-4 -3.75 48 49 27.06756888557489 0.1887540694559237
-4 -3.75 49 50 26.01602854699797 0.1865675951358265
-3.75 -3.5 0 1 -1201.885570000479 10.58493650182683
-3.75 -3.5 1 2 -6561.808729149774 27.74398892894736
-3.75 -3.5 2 3 -4289.79037879625 16.95731829716036
-3.75 -3.5 3 4 -2628.256184014102 11.64318778987944
-3.75 -3.5 4 5 -1634.978143596668 8.588588941009686
-3.75 -3.5 5 6 -1030.107793159574 6.637841608438711
-3.75 -3.5 6 7 -650.8897976340106 5.300156335388706
-3.75 -3.5 7 8 -406.3521807057562 4.335034381546095
-3.75 -3.5 8 9 -244.7766050093499 3.611573691634997
-3.75 -3.5 9 10 -135.8691785084532 3.053074682491691
-3.75 -3.5 10 11 -61.39185003213538 2.611556960956178
-3.75 -3.5 11 12 -9.956474153345653 2.255721447473769
-3.75 -3.5 12 13 25.72756294706551 1.964292147303278
-3.75 -3.5 13 14 50.45167344272443 1.722346251205292
-3.75 -3.5 14 15 67.43672295147508 1.519131994067513
-3.75 -3.5 15 16 78.89136805516523 1.346722914433068
-3.75 -3.5 16 17 86.35680323395422 1.199158292493399
-3.75 -3.5 17 18 90.92494005322135 1.071877284711638
-3.75 -3.5 18 19 93.37964797069526 0.9613364754765353
-3.75 -3.5 19 20 94.29009393418431 0.8647453492235099
-3.75 -3.5 20 21 94.07359045212399 0.7798795399708801
-3.75 -3.5 21 22 93.03863458360638 0.7049465594080487
-3.75 -3.5 22 23 91.41483561236322 0.6384876611030725
-3.75 -3.5 23 24 89.37401562223687 0.5793050458299879
-3.75 -3.5 24 25 87.04527425073354 0.5264071350876276
-3.75 -3.5 25 26 84.5258672314161 0.4789669207822377
-3.75 -3.5 26 27 81.8891436158529 0.4362899105460762
-3.75 -3.5 27 28 79.19039156039264 0.3977892026597197
-3.75 -3.5 28 29 76.47118069200704 0.3629659204463133
-3.75 -3.5 29 30 73.76261276727129 0.3313937190529226
-3.75 -3.5 30 31 71.08777226520672 0.3027064171201282
-3.75 -3.5 31 32 68.46358560082933 0.2765880492344142
-3.75 -3.5 32 33 65.90223975869793 0.2527648093601525
-3.75 -3.5 33 34 63.41227030773302 0.2309984843132477
-3.75 -3.5 34 35 60.99939965176853 0.2110810698322265
-3.75 -3.5 35 36 58.66718542437226 0.1928303331742425
-3.75 -3.5 36 37 56.41752374014104 0.1760861377841398
-3.75 -3.5 37 38 54.25104092508229 0.1607073874043549
-3.75 -3.5 38 39 52.16739913040176 0.1465694767983223
-3.75 -3.5 39 40 50.16553515048763 0.1335621599536393
-3.75 -3.5 40 41 48.24384727850656 0.121587767264315
-3.75 -3.5 41 42 46.40034151976511 0.1105597157241583
-3.75 -3.5 42 43 44.6327459608312 0.1004012705100908
-3.75 -3.5 43 44 42.9386001431556 0.09104452535245879
-3.75 -3.5 44 45 41.31532470240957 0.08242957750156565
-3.75 -3.5 45 46 39.75962968404461 0.07469065127084849
-3.75 -3.5 46 47 38.26994612214058 0.06854328747104334
-3.75 -3.5 47 48 36.8429779594999 0.06418181703652971
-3.75 -3.5 48 49 35.47611660574957 0.0616243207049833
-3.75 -3.5 49 50 34.16651621031218 0.06015390723657829
-3.5 -3.25 0 1 -882.7079200432465 8.497345579547655
-3.5 -3.25 1 2 -7302.583488120598 22.89362946857504
-3.5 -3.25 2 3 -5144.144720423299 16.0980809983061
-3.5 -3.25 3 4 -3266.619732604781 11.70853915844865
-3.5 -3.25 4 5 -2096.436439779967 8.951404788301987
-3.5 -3.25 5 6 -1365.128555834928 7.102282473621808
-3.5 -3.25 6 7 -896.8785516322923 5.79199594279172
-3.5 -3.25 7 8 -589.0370299874135 4.823297662849265
-3.5 -3.25 8 9 -381.7342859843268 4.082936673708113
-3.5 -3.25 9 10 -239.2409050555339 3.502112468086272
-3.5 -3.25 10 11 -139.7153370642638 3.03654045805045
-3.5 -3.25 11 12 -69.3387349679881 2.656707272774036
-3.5 -3.25 12 13 -19.1579624334986 2.342185692176377
-3.5 -3.25 13 14 16.77675124932307 2.078430190559314
-3.5 -3.25 14 15 42.50762367171546 1.854823594035415
-3.5 -3.25 15 16 60.83541835629921 1.663448854213168
-3.5 -3.25 16 17 73.73475441145308 1.498291581194118
-3.5 -3.25 17 18 82.61928042656746 1.354707588718038
-3.5 -3.25 18 19 88.51475301964967 1.229058550114762
-3.5 -3.25 19 20 92.17430542605825 1.118457214370942
-3.5 -3.25 20 21 94.15663807102442 1.020585757201652
-3.5 -3.25 21 22 94.87995024661143 0.9335640096033274
-3.5 -3.25 22 23 94.65970727176381 0.8558523640004304
-3.5 -3.25 23 24 93.73545477957418 0.7861792127319235
-3.5 -3.25 24 25 92.29009676452091 0.7234860180308417
-3.5 -3.25 25 26 90.46391476282469 0.6668852372306918
-3.5 -3.25 26 27 88.36486969472395 0.6156277452370084
-3.5 -3.25 27 28 86.07624459197865 0.569077358583217
-3.5 -3.25 28 29 83.66236432820011 0.5266907291963896
-3.5 -3.25 29 30 81.17291051045726 0.4880013411166117
-3.5 -3.25 30 31 78.64620051853029 0.4526066709869511
-3.5 -3.25 31 32 76.11169611204303 0.4201578117717397
-3.5 -3.25 32 33 73.59193441423122 0.3903510286383139
-3.5 -3.25 33 34 71.10402261172169 0.3629208429334557
-3.5 -3.25 34 35 68.66080085590212 0.3376343339613574
-3.5 -3.25 35 36 66.27175120160905 0.3142864166864574
-3.5 -3.25 36 37 63.94371099990039 0.2926959080999338
-3.5 -3.25 37 38 61.68143491446034 0.2727022332572188
-3.5 -3.25 38 39 59.48803913362948 0.2541626543512087
-3.5 -3.25 39 40 57.36535346152382 0.2369499291970557
-3.5 -3.25 40 41 55.31420111620989 0.2209503238755498
-3.5 -3.25 41 42 53.33462147790235 0.2060619195407308
-3.5 -3.25 42 43 51.42604770279443 0.1921931640282678
-3.5 -3.25 43 44 49.58744853227248 0.1792616286608419
-3.5 -3.25 44 45 47.81744153530042 0.167192937169402
-3.5 -3.25 45 46 46.11360852522444 0.1560327411667179
-3.5 -3.25 46 47 44.47548151127182 0.1461612580673225
-3.5 -3.25 47 48 42.90032675571649 0.1376332795253049
-3.5 -3.25 48 49 41.38611015687856 0.1304336132600006
-3.5 -3.25 49 50 39.93046109073583 0.1241375554472082
-3.25 -3 0 1 -468.969267116008 1.754168358257396
-3.25 -3 1 2 -7589.995233655794 12.61864575445288
-3.25 -3 2 3 -5734.368028944928 10.69924181611395
-3.25 -3 3 4 -3752.133040328169 8.282504369579772
-3.25 -3 4 5 -2467.899209836129 6.563609236312739
-3.25 -3 5 6 -1647.036403641751 5.340744641646017
-3.25 -3 6 7 -1112.138614038422 4.441833487635626
-3.25 -3 7 8 -754.968391760623 3.759739783809966
-3.25 -3 8 9 -510.8617510914301 3.227803504459406
-3.25 -3 9 10 -340.572942594313 2.80368742323944
-3.25 -3 10 11 -219.7898017010721 2.459026800166005
-3.25 -3 11 12 -132.9556132468892 2.174482498767482
-3.25 -3 12 13 -69.89010656853065 1.936378175988991
-3.25 -3 13 14 -23.76606685017396 1.734808734712986
-3.25 -3 14 15 10.09466837267155 1.562440075810829
-3.25 -3 15 16 34.96016938481762 1.413735561667699
-3.25 -3 16 17 53.15304848759797 1.284443551030137
-3.25 -3 17 18 66.34936970898787 1.171249413245641
-3.25 -3 18 19 75.77509257446513 1.07153395079909
-3.25 -3 19 20 82.33774059454163 0.9832023328738768
-3.25 -3 20 21 86.71625726762113 0.9045607765480946
-3.25 -3 21 22 89.42334329662856 0.8342262019538156
-3.25 -3 22 23 90.84935526572212 0.7710590688465929
-3.25 -3 23 24 91.29364473148837 0.7141127762258462
-3.25 -3 24 25 90.98721186761946 0.6625950730562393
-3.25 -3 25 26 90.10926859774537 0.6158382984768009
-3.25 -3 26 27 88.79947589731745 0.5732761933327875
-3.25 -3 27 28 87.16707210455553 0.5344256601681495
-3.25 -3 28 29 85.29774237799347 0.4988722883199243
-3.25 -3 29 30 83.25883026125132 0.4662587731605402
-3.25 -3 30 31 81.10332109727165 0.4362755796645428
-3.25 -3 31 32 78.87290768942694 0.4086533621796251
-3.25 -3 32 33 76.6003646195233 0.3831567685517009
-3.25 -3 33 34 74.31139787332268 0.3595793447019178
-3.25 -3 34 35 72.02609347594372 0.3377393192851602
-3.25 -3 35 36 69.76005766539629 0.3174760972728461
-3.25 -3 36 37 67.52531834370595 0.2986473281811419
-3.25 -3 37 38 65.33104074786183 0.2811264428390441
-3.25 -3 38 39 63.1840977627665 0.2648005737852212
-3.25 -3 39 40 61.08952592207166 0.2495687923013233
-3.25 -3 40 41 59.05089118460114 0.2353406075924997
-3.25 -3 41 42 57.07058306776992 0.2220346837302966
-3.25 -3 42 43 55.15005175870186 0.2095777390792707
-3.25 -3 43 44 53.28999967013627 0.1979035985965551
-3.25 -3 44 45 51.490536410206 0.1869523751483308
-3.25 -3 45 46 49.75043613478414 0.1767857883721038
-3.25 -3 46 47 48.07053403350697 0.1677989186005548
-3.25 -3 47 48 46.44895694028484 0.1600395887731861
-3.25 -3 48 49 44.88449461562742 0.1534823873165524
-3.25 -3 49 50 43.37549585553549 0.1476924902182738
-3 -2.75 0 1 -7.843183696570236 1.375050249558449
-3 -2.75 1 2 -7607.004987079421 7.137561456109315
-3 -2.75 2 3 -6130.763728016688 6.861124832753444
-3 -2.75 3 4 -4110.96166935144 5.494335215387605
-3 -2.75 4 5 -2755.903165747149 4.434820709095176
-3 -2.75 5 6 -1873.373893987636 3.654034171896165
-3 -2.75 6 7 -1290.129479054091 3.068089173314143
-3 -2.75 7 8 -895.8992752759746 2.617112117032981
-3 -2.75 8 9 -623.3849256148187 2.261481475703889
-3 -2.75 9 10 -431.154107032876 1.975510154830398
-3 -2.75 10 11 -293.2542489966031 1.741386693512344
-3 -2.75 11 12 -192.9271840387685 1.546877152450514
-3 -2.75 12 13 -119.1181337652858 1.383208697701515
-3 -2.75 13 14 -64.35965903188549 1.243966033294898
-3 -2.75 14 15 -23.50044733118898 1.124360592517046
-3 -2.75 15 16 7.081120418699356 1.020752316881817
-3 -2.75 16 17 29.97485635166026 0.9303289922292753
-3 -2.75 17 18 47.06102088556122 0.8508863431977027
-3 -2.75 18 19 59.72327967691479 0.7806740974088962
-3 -2.75 19 20 68.99216875086438 0.7182861962006393
-3 -2.75 20 21 75.64347016643455 0.6625811510348097
-3 -2.75 21 22 80.26677115165523 0.6126233685194493
-3 -2.75 22 23 83.31395673195527 0.5676393106903775
-3 -2.75 23 24 85.13397674149314 0.5269843148364006
-3 -2.75 24 25 85.99808314211361 0.4901171837760276
-3 -2.75 25 26 86.11835906084389 0.4565805132721655
-3 -2.75 26 27 85.66146534043753 0.4259853090444908
-3 -2.75 27 28 84.75893725222619 0.3979988454187381
-3 -2.75 28 29 83.51496560888779 0.3723350001323877
-3 -2.75 29 30 82.01232489760582 0.3487464987800183
-3 -2.75 30 31 80.31692381480462 0.3270186444710131
-3 -2.75 31 32 78.48132268094417 0.3069642136601495
-3 -2.75 32 33 76.54746979877439 0.2884192736587987
-3 -2.75 33 34 74.54884288417634 0.2712397344475608
-3 -2.75 34 35 72.51213416023563 0.2552984897205934
-3 -2.75 35 36 70.45858311945693 0.2404830334422283
-3 -2.75 36 37 68.40503557276134 0.2266934628168484
-3 -2.75 37 38 66.36478888276298 0.2138407968270269
-3 -2.75 38 39 64.34826923458283 0.2018455541321732
-3 -2.75 39 40 62.36357630317059 0.1906365452689366
-3 -2.75 40 41 60.41692281068285 0.1801498419962467
-3 -2.75 41 42 58.51299028120457 0.1703278955591374
-3 -2.75 42 43 56.65521779940931 0.1611187783233849
-3 -2.75 43 44 54.84603699515657 0.1524755300388009
-3 -2.75 44 45 53.08706365135239 0.1443555919059926
-3 -2.75 45 46 51.37831957130618 0.1368884059141551
-3 -2.75 46 47 49.72192794338667 0.1306807880701094
-3 -2.75 47 48 48.11695201514851 0.1258260936524054
-3 -2.75 48 49 46.56306035189917 0.1222979025597868
-3 -2.75 49 50 45.05938167111761 0.1194774712257133
-2.75 -2.5 0 1 443.5490030877461 1.332405256890497
-2.75 -2.5 1 2 -7482.371528108916 2.189961303830927
-2.75 -2.5 2 3 -6398.926893487966 3.309516371246246
-2.75 -2.5 3 4 -4377.28206490976 2.910310568982165
-2.75 -2.5 4 5 -2978.290991734937 2.469362511715934
-2.75 -2.5 5 6 -2053.001635231683 2.10575587834087
-2.75 -2.5 6 7 -1434.576902553532 1.815424967799265
-2.75 -2.5 7 8 -1012.541025961309 1.582432193093951
-2.75 -2.5 8 9 -718.220957737753 1.392575970001066
-2.75 -2.5 9 10 -508.8343056238627 1.236061336673302
-2.75 -2.5 10 11 -357.3378906206831 1.105105751872415
-2.75 -2.5 11 12 -246.1417975385893 0.9942799731566205
-2.75 -2.5 12 13 -163.5675755664195 0.899503781574944
-2.75 -2.5 13 14 -101.6809148601733 0.8177004420990572
-2.75 -2.5 14 15 -54.97920828399697 0.7465141254650182
-2.75 -2.5 15 16 -19.57434618254297 0.6841146425499255
-2.75 -2.5 16 17 7.32753707841357 0.629060947296852
-2.75 -2.5 17 18 27.76445493892834 0.5802043568626215
-2.75 -2.5 18 19 43.24318479321551 0.5366189044300121
-2.75 -2.5 19 20 54.89120783526255 0.4975504783705357
-2.75 -2.5 20 21 63.56129551967911 0.4623791597115984
-2.75 -2.5 21 22 69.90466244561276 0.4305909652298393
-2.75 -2.5 22 23 74.42288922295904 0.4017563867945993
-2.75 -2.5 23 24 77.5052752086857 0.3755139076418222
-2.75 -2.5 24 25 79.45604290627398 0.3515572063689422
-2.75 -2.5 25 26 80.51437662107935 0.3296251271448971
-2.75 -2.5 26 27 80.86933722768924 0.3094937461940381
-2.75 -2.5 27 28 80.67107003046834 0.2909700423201992
-2.75 -2.5 28 29 80.03930179558563 0.273886808756237
-2.75 -2.5 29 30 79.06983532438858 0.2580985311052807
-2.75 -2.5 30 31 77.83955109873477 0.2434780255364704
-2.75 -2.5 31 32 76.41028616748991 0.229913679407066
-2.75 -2.5 32 33 74.83186182617828 0.2173071717535343
-2.75 -2.5 33 34 73.14446111616326 0.2055715805834897
-2.75 -2.5 34 35 71.38050619245058 0.194629801716112
-2.75 -2.5 35 36 69.56614845277352 0.1844132219972693
-2.75 -2.5 36 37 67.72245697476495 0.1748605999844786
-2.75 -2.5 37 38 65.86637059359782 0.1659171181592194
-2.75 -2.5 38 39 64.0114637687052 0.157533575997477
-2.75 -2.5 39 40 62.16856499797353 0.1496657011718109
-2.75 -2.5 40 41 60.34625799781992 0.1422735580757862
-2.75 -2.5 41 42 58.55128912474893 0.1353210394961524
-2.75 -2.5 42 43 56.78889960700602 0.1287754271003594
-2.75 -2.5 43 44 55.06309722326415 0.1226070105154653
-2.75 -2.5 44 45 53.3768789777989 0.1167887563434325
-2.75 -2.5 45 46 51.73142977604749 0.1115253838720017
-2.75 -2.5 46 47 50.13004194943949 0.1076604507003026
-2.75 -2.5 47 48 48.57266759366365 0.1053127229264661
-2.75 -2.5 48 49 47.05980307794056 0.10441908224021
-2.75 -2.5 49 50 45.59131521568571 0.1041375926528258
-2.5 -2.25 0 1 864.552557054171 0.3638141377044335
-2.5 -2.25 1 2 -7308.83807277161 1.785402350066998
-2.5 -2.25 2 3 -6595.150805669899 1.972005219991767
-2.5 -2.25 3 4 -4581.731151186699 1.686834587744739
-2.5 -2.25 4 5 -3151.398424253573 1.480000775526896
-2.5 -2.25 5 6 -2194.42563305348 1.305373057902418
-2.5 -2.25 6 7 -1549.597890577563 1.155673034916666
-2.5 -2.25 7 8 -1106.485588888999 1.029355412128249
-2.5 -2.25 8 9 -795.4793132354916 0.9220084803901791
-2.5 -2.25 9 10 -572.845006853654 0.8307680708956675
-2.5 -2.25 10 11 -410.753889767285 0.752309927823096
-2.5 -2.25 11 12 -291.0150872408342 0.6843967938672597
-2.5 -2.25 12 13 -201.4948480957296 0.6251865197906638
-2.5 -2.25 13 14 -133.9149972993503 0.5732184640880721
-2.5 -2.25 14 15 -82.511906990954 0.5273271559691164
-2.5 -2.25 15 16 -43.1977730235003 0.4865752246358339
-2.5 -2.25 16 17 -13.02458438581698 0.4502023589813051
-2.5 -2.25 17 18 10.16575254240411 0.4175866597825186
-2.5 -2.25 18 19 27.97440033070188 0.3882153076114778
-2.5 -2.25 19 20 41.60366573196632 0.3616621690999812
-2.5 -2.25 20 21 51.96611888570988 0.337570572981679
-2.5 -2.25 21 22 59.7611247289766 0.315639957240952
-2.5 -2.25 22 23 65.52930733338906 0.2956154310495195
-2.5 -2.25 23 24 69.69183193907918 0.2772795491884492
-2.5 -2.25 24 25 72.57908694467426 0.2604457812564974
-2.5 -2.25 25 26 74.45186378862149 0.2449532847828012
-2.5 -2.25 26 27 75.51716022645383 0.2306626934079952
-2.5 -2.25 27 28 75.9400851770713 0.2174526996567708
-2.5 -2.25 28 29 75.85290638855673 0.2052172636169041
-2.5 -2.25 29 30 75.36198292589813 0.1938633193582907
-2.5 -2.25 30 31 74.55311726586808 0.1833088791395432
-2.5 -2.25 31 32 73.49571628913367 0.1734814574658993
-2.5 -2.25 32 33 72.24604730516705 0.1643167549047232
-2.5 -2.25 33 34 70.84980134147713 0.1557575519622777
-2.5 -2.25 34 35 69.34412242210641 0.147752777127251
-2.5 -2.25 35 36 67.75922247979173 0.1402567154803076
-2.5 -2.25 36 37 66.11967274349871 0.1332283372126586
-2.5 -2.25 37 38 64.44544110695898 0.1266307219765075
-2.5 -2.25 38 39 62.752728936587 0.1204305663337508
-2.5 -2.25 39 40 61.05464870911334 0.1145977593749436
-2.5 -2.25 40 41 59.3617748182854 0.1091050162361535
-2.5 -2.25 41 42 57.68259271244136 0.1039275597776406
-2.5 -2.25 42 43 56.02386631811282 0.099042845397255
-2.5 -2.25 43 44 54.39093949402167 0.09443031927294712
-2.5 -2.25 44 45 52.78798397481464 0.09007120807399514
-2.5 -2.25 45 46 51.21717837454383 0.08627668191847286
-2.5 -2.25 46 47 49.68281075421359 0.0842598440372304
-2.5 -2.25 47 48 48.18559894920247 0.08415412904502491
-2.5 -2.25 48 49 46.72675372509872 0.08579270138269368
-2.5 -2.25 49 50 45.3067793193425 0.09022747374676376
-2.25 -2 0 1 1242.278320139289 1.342887459453022
-2.25 -2 1 2 -7160.174059841152 1.707477248340189
-2.25 -2 2 3 -6799.458730573017 1.938902777884174
-2.25 -2 3 4 -4790.899112513246 1.654050574555197
-2.25 -2 4 5 -3324.25370864081 1.40888519887367
-2.25 -2 5 6 -2331.350709129113 1.220140500140501
-2.25 -2 6 7 -1657.298753391727 1.072184533237906
-2.25 -2 7 8 -1191.496067849223 0.9529082172853057
-2.25 -2 8 9 -863.033973483834 0.8539265416200565
-2.25 -2 9 10 -626.9202588844214 0.7707170077023338
-2.25 -2 10 11 -454.3324016466192 0.6994999313197577
-2.25 -2 11 12 -326.3401727206967 0.6379123845249188
-2.25 -2 12 13 -230.2677681759549 0.5841581006826007
-2.25 -2 13 14 -157.439478910833 0.5368741895334294
-2.25 -2 14 15 -101.7979134285679 0.4950020869304866
-2.25 -2 15 16 -59.03592092429176 0.4577041488488397
-2.25 -2 16 17 -26.03985376721857 0.4243073916163312
-2.25 -2 17 18 -0.5251295788018524 0.3942641974062219
-2.25 -2 18 19 19.20704814966007 0.367124073067669
-2.25 -2 19 20 34.43510647008839 0.3425128768106557
-2.25 -2 20 21 46.13151469021511 0.3201172395787982
-2.25 -2 21 22 55.04317502603601 0.2996726959898927
-2.25 -2 22 23 61.74873325628209 0.2809545122426106
-2.25 -2 23 24 66.69998325214385 0.2637705153463366
-2.25 -2 24 25 70.25214838277736 0.2479554262359832
-2.25 -2 25 26 72.68627857434535 0.2333663393641883
-2.25 -2 26 27 74.22598844655431 0.2198790844838182
-2.25 -2 27 28 75.05008636298476 0.207385276474553
-2.25 -2 28 29 75.30218760142384 0.195789905035245
-2.25 -2 29 30 75.09809170008339 0.1850093515661673
-2.25 -2 30 31 74.5314869186592 0.1749697490424386
-2.25 -2 31 32 73.67839212333269 0.1656056152004949
-2.25 -2 32 33 72.60063806416861 0.1568587093880258
-2.25 -2 33 34 71.34861230400497 0.1486770700868446
-2.25 -2 34 35 69.96343572902543 0.1410142018730644
-2.25 -2 35 36 68.47869738585445 0.1338283838085588
-2.25 -2 36 37 66.92184399452174 0.1270820807497391
-2.25 -2 37 38 65.31529795592604 0.120741438038103
-2.25 -2 38 39 63.67736069114494 0.114775848397631
-2.25 -2 39 40 62.02294538482954 0.1091575768067223
-2.25 -2 40 41 60.36417360140211 0.1038614366280059
-2.25 -2 41 42 58.71086262723486 0.09886450844284053
-2.25 -2 42 43 57.07092487074323 0.09414589419158562
-2.25 -2 43 44 55.45069615538981 0.08968650297404746
-2.25 -2 44 45 53.85520626089991 0.08546886352447304
-2.25 -2 45 46 52.28733191408077 0.08211526882393085
-2.25 -2 46 47 50.75209353075013 0.08194915166187607
-2.25 -2 47 48 49.25072302654843 0.08502634589330965
-2.25 -2 48 49 47.78491681683283 0.09073822931933798
-2.25 -2 49 50 46.35560239404862 0.09677708644272459
-2 -1.75 0 1 1615.252849348458 1.395820195461982
-2 -1.75 1 2 -6971.692533537451 4.562226765285067
-2 -1.75 2 3 -6939.522431351641 3.603713411025264
-2 -1.75 3 4 -4954.52981613523 2.761402372939638
-2 -1.75 4 5 -3472.329473463356 2.191349949488711
-2 -1.75 5 6 -2458.844152171374 1.793958822768384
-2 -1.75 6 7 -1765.647968741287 1.504820982204497
-2 -1.75 7 8 -1283.391463295952 1.286388810255626
-2 -1.75 8 9 -941.1473111561522 1.116374686384932
-2 -1.75 9 10 -693.583020107752 0.9804359179875675
-2 -1.75 10 11 -511.4892427807722 0.8696901369955471
-2 -1.75 11 12 -375.5853765566944 0.7777187381698792
-2 -1.75 12 13 -272.8999994827827 0.7002490648945255
-2 -1.75 13 14 -194.5165493316795 0.6341778790660724
-2 -1.75 14 15 -134.1838817367161 0.5772256110679606
-2 -1.75 15 16 -87.43967019525758 0.5276811338148834
-2 -1.75 16 17 -51.04593859595843 0.4842352636137794
-2 -1.75 17 18 -22.61818932585106 0.445869305426255
-2 -1.75 18 19 -0.3769729014313725 0.4117786612642193
-2 -1.75 19 20 17.02157777516186 0.3813193306340637
-2 -1.75 20 21 30.60331812904928 0.3539696995050438
-2 -1.75 21 22 41.15894251024872 0.3293027565757089
-2 -1.75 22 23 49.30321337015437 0.3069655624959584
-2 -1.75 23 24 55.5178672271378 0.2866638516561919
-2 -1.75 24 25 60.18307646801816 0.268150329324578
-2 -1.75 25 26 63.60077917242597 0.2512156663358246
-2 -1.75 26 27 66.0121583266033 0.2356814923401014
-2 -1.75 27 28 67.610862873359 0.2213948881281588
-2 -1.75 28 29 68.55309636080074 0.2082240137398284
-2 -1.75 29 30 68.96537819434116 0.1960546090033332
-2 -1.75 30 31 68.95055965786469 0.1847871696463538
-2 -1.75 31 32 68.59251988692364 0.1743346499657475
-2 -1.75 32 33 67.95985534516166 0.1646205824650511
-2 -1.75 33 34 67.10879611828307 0.1555775279107722
-2 -1.75 34 35 66.08552408342649 0.1471457889154308
-2 -1.75 35 36 64.928025330374 0.1392723386671146
-2 -1.75 36 37 63.66757766169417 0.1319099214660848
-2 -1.75 37 38 62.32995056093944 0.1250162948868934
-2 -1.75 38 39 60.936377342078 0.1185535879342941
-2 -1.75 39 40 59.50434585410829 0.1124877558321544
-2 -1.75 40 41 58.04824408899782 0.1067881131738009
-2 -1.75 41 42 56.57988906194282 0.1014269344170817
-2 -1.75 42 43 55.10896154116375 0.09637910905929362
-2 -1.75 43 44 53.64336447552034 0.09162184487985749
-2 -1.75 44 45 52.18951931519206 0.08713440923638743
-2 -1.75 45 46 50.75151721738965 0.08326797325995498
-2 -1.75 46 47 49.33552819397616 0.08140969052852494
-2 -1.75 47 48 47.9437463807744 0.08184385216894065
-2 -1.75 48 49 46.57874979112341 0.0882591524592108
-2 -1.75 49 50 45.24225134196695 0.09500835176657357
-1.75 -1.5 0 1 1950.365499659561 1.279035855926745
-1.75 -1.5 1 2 -6797.82827479664 1.621740905434314
-1.75 -1.5 2 3 -7061.470613013511 2.140127539202679
-1.75 -1.5 3 4 -5076.812364505882 1.960729224713823
-1.75 -1.5 4 5 -3566.672627213671 1.712295921086296
-1.75 -1.5 5 6 -2528.734496920764 1.478807654524109
-1.75 -1.5 6 7 -1817.256610387231 1.27932451936264
-1.75 -1.5 7 8 -1321.713943025968 1.114272046977141
-1.75 -1.5 8 9 -969.8473199639279 0.9760713593375392
-1.75 -1.5 9 10 -715.2018062940615 0.8645628729246453
-1.75 -1.5 10 11 -527.8200608460638 0.7693148493367975
-1.75 -1.5 11 12 -387.9334862324529 0.6894918962938542
-1.75 -1.5 12 13 -282.2092277185502 0.6215081631730331
-1.75 -1.5 13 14 -201.4855430852806 0.5630824840984993
-1.75 -1.5 14 15 -139.3374260458952 0.5124520385933858
-1.75 -1.5 15 16 -91.17708873045194 0.4682442350320576
-1.75 -1.5 16 17 -53.67451892743134 0.4293799943426205
-1.75 -1.5 17 18 -24.37668257657447 0.39500221662521
-1.75 -1.5 18 19 -1.452402738668525 0.3644231111231415
-1.75 -1.5 19 20 16.48169624920502 0.3370852941373737
-1.75 -1.5 20 21 30.48196369702532 0.3125328476122711
-1.75 -1.5 21 22 41.36284738913048 0.2903896014267416
-1.75 -1.5 22 23 49.75776223293167 0.2703426707400353
-1.75 -1.5 23 24 56.16319516703118 0.2521298567394452
-1.75 -1.5 24 25 60.97105531544298 0.2355299085844942
-1.75 -1.5 25 26 64.49266990763556 0.2203549256273645
-1.75 -1.5 26 27 66.97676833893161 0.206444376096091
-1.75 -1.5 27 28 68.62308959290954 0.1936603484123486
-1.75 -1.5 28 29 69.59276919718286 0.1818837503169811
-1.75 -1.5 29 30 70.01633262322991 0.1710112439559396
-1.75 -1.5 30 31 69.99989326959985 0.1609527563345377
-1.75 -1.5 31 32 69.62999199210816 0.1516294443825935
-1.75 -1.5 32 33 68.97740050616687 0.1429720203863681
-1.75 -1.5 33 34 68.10012858044081 0.1349193658841992
-1.75 -1.5 34 35 67.04581508710771 0.1274173784123362
-1.75 -1.5 35 36 65.85363912172187 0.1204180065748561
-1.75 -1.5 36 37 64.55585497001863 0.1138784389189035
-1.75 -1.5 37 38 63.17903060823301 0.1077604186721549
-1.75 -1.5 38 39 61.74505123655746 0.1020296620792055
-1.75 -1.5 39 40 60.27193562877801 0.09665536375942613
-1.75 -1.5 40 41 58.77450275736538 0.09160977199747682
-1.75 -1.5 41 42 57.2649179418907 0.08686782636191717
-1.75 -1.5 42 43 55.75314180563424 0.08240684327543467
-1.75 -1.5 43 44 54.24730044682502 0.07820624523407732
-1.75 -1.5 44 45 52.7539914774172 0.07424732615318178
-1.75 -1.5 45 46 51.2773984602812 0.0712039990860758
-1.75 -1.5 46 47 49.82388491171952 0.07159703548154905
-1.75 -1.5 47 48 48.39567816507568 0.0755121889414405
-1.75 -1.5 48 49 46.99541265660972 0.0823239228327366
-1.75 -1.5 49 50 45.62485528849996 0.08952781731200213
-1.5 -1.25 0 1 2284.971182587394 2.886707914442264
-1.5 -1.25 1 2 -6589.715020436059 3.415244219684761
-1.5 -1.25 2 3 -7156.653797092181 2.042485063197852
-1.5 -1.25 3 4 -5196.837419979648 1.826610692737844
-1.5 -1.25 4 5 -3674.742994212926 1.587212596671296
-1.5 -1.25 5 6 -2620.512701177627 1.379201722982905
-1.5 -1.25 6 7 -1894.235826210589 1.205816483633151
-1.5 -1.25 7 8 -1386.302552430554 1.062334423364115
-1.5 -1.25 8 9 -1024.271326641742 0.9428369499210542
-1.5 -1.25 9 10 -761.4006443863768 0.8418217579223521
-1.5 -1.25 10 11 -567.217428934101 0.7572927638783542
-1.5 -1.25 11 12 -421.7540520068032 0.6846718994178083
-1.5 -1.25 12 13 -311.4091925639357 0.6220561508437258
-1.5 -1.25 13 14 -226.8318604095052 0.567629704611377
-1.5 -1.25 14 15 -161.4491600148945 0.5199728953141641
-1.5 -1.25 15 16 -110.5573690969647 0.4779655492758054
-1.5 -1.25 16 17 -70.7350743801162 0.440714987328359
-1.5 -1.25 17 18 -39.45669385247106 0.4075027083602504
-1.5 -1.25 18 19 -14.83305633696523 0.3777448180377211
-1.5 -1.25 19 20 4.565902560302675 0.3509624744507464
-1.5 -1.25 20 21 19.83437659818401 0.3267596248449203
-1.5 -1.25 21 22 31.81768878722596 0.3048060855478985
-1.5 -1.25 22 23 41.17459810253683 0.2867113426224359
-1.5 -1.25 23 24 48.42251526158168 0.2714286709519563
-1.5 -1.25 24 25 53.97071730296534 0.2572891476720478
-1.5 -1.25 25 26 58.14502101178107 0.2441804370165201
-1.5 -1.25 26 27 61.20630168427203 0.232003770366617
-1.5 -1.25 27 28 63.36452536057811 0.2206720471881968
-1.5 -1.25 28 29 64.78947540795332 0.210108228125146
-1.5 -1.25 29 30 65.61901906757146 0.2002439742762855
-1.5 -1.25 30 31 65.96552634742511 0.1910184921863526
-1.5 -1.25 31 32 65.92088916445061 0.1823775515606198
-1.5 -1.25 32 33 65.56047150825549 0.174272647854748
-1.5 -1.25 33 34 64.94623712012253 0.1666602856785792
-1.5 -1.25 34 35 64.12923989787782 0.1595013651291815
-1.5 -1.25 35 36 63.15161729052659 0.1527606534920241
-1.5 -1.25 36 37 62.04819367055092 0.1464063294149366
-1.5 -1.25 37 38 60.84777592313293 0.1404095895879177
-1.5 -1.25 38 39 59.5742047992191 0.1347443065305811
-1.5 -1.25 39 40 58.24721145570606 0.1293867316928427
-1.5 -1.25 40 41 56.88311797868266 0.1243152364214485
-1.5 -1.25 41 42 55.49541220204128 0.1195100852237874
-1.5 -1.25 42 43 54.09522099878689 0.114953237519626
-1.5 -1.25 43 44 52.691701159947 0.1106281729181183
-1.5 -1.25 44 45 51.29236310674861 0.1065197376337652
-1.5 -1.25 45 46 49.9021744168663 0.1029334116643428
-1.5 -1.25 46 47 48.52825902161956 0.1010513247735828
-1.5 -1.25 47 48 47.17346048157981 0.1010499813876066
-1.5 -1.25 48 49 45.84098593774971 0.1028669002349241
-1.5 -1.25 49 50 44.53309713709345 0.1053509296408595
-1.25 -1 0 1 2557.01404496951 1.429618960482268
-1.25 -1 1 2 -6454.061748837943 2.599266828728852
-1.25 -1 2 3 -7270.147673446319 2.973638538624252
-1.25 -1 3 4 -5320.217617363096 2.51533428527531
-1.25 -1 4 5 -3778.767949128497 2.104044058792407
-1.25 -1 5 6 -2704.116967323387 1.783121532977055
-1.25 -1 6 7 -1960.814566181878 1.533500813140034
-1.25 -1 7 8 -1439.43188536277 1.336057087809732
-1.25 -1 8 9 -1066.896505265575 1.177061964554083
-1.25 -1 9 10 -795.8146065927708 1.04696969901742
-1.25 -1 10 11 -595.165107326814 0.9381812368142319
-1.25 -1 11 12 -444.566144615731 0.8464850615558984
-1.25 -1 12 13 -330.1085160567566 0.7681405700014436
-1.25 -1 13 14 -242.2112370657578 0.7005160188641232
-1.25 -1 14 15 -174.1290687623016 0.6416225205502699
-1.25 -1 15 16 -121.0279897746695 0.5899308890326946
-1.25 -1 16 17 -79.38708269977701 0.5442468634836173
-1.25 -1 17 18 -46.60400303133861 0.5036245190731616
-1.25 -1 18 19 -20.72977845472701 0.467305073539841
-1.25 -1 19 20 -0.2873261910078782 0.4346728796322527
-1.25 -1 20 21 15.85483233004675 0.4052232558697358
-1.25 -1 21 22 28.5718193977541 0.3785386111326466
-1.25 -1 22 23 38.54638262188519 0.354270475769236
-1.25 -1 23 24 46.31537146405651 0.3321258031712309
-1.25 -1 24 25 52.30391023619211 0.311856404066881
-1.25 -1 25 26 56.85080691287749 0.2932507074141223
-1.25 -1 26 27 60.22764109381751 0.2761272728164589
-1.25 -1 27 28 62.65324038134145 0.2603296331645341
-1.25 -1 28 29 64.30475615916066 0.2457221615824351
-1.25 -1 29 30 65.32620660108387 0.2321867311550355
-1.25 -1 30 31 65.83511586971838 0.2196199972839253
-1.25 -1 31 32 65.9277098724956 0.2079311697415991
-1.25 -1 32 33 65.68300880632694 0.197040175391364
-1.25 -1 33 34 65.16607022087089 0.1868761341422655
-1.25 -1 34 35 64.43057338158923 0.1773760862320471
-1.25 -1 35 36 63.52088952911231 0.1684839258490445
-1.25 -1 36 37 62.47374839538708 0.1601495011596636
-1.25 -1 37 38 61.31958587793804 0.1523278524971858
-1.25 -1 38 39 60.08363851573461 0.144978563944673
-1.25 -1 39 40 58.78683586130796 0.13806520946929
-1.25 -1 40 41 57.44653087730086 0.1315548781721755
-1.25 -1 41 42 56.07709974199855 0.1254177647792379
-1.25 -1 42 43 54.69043610290527 0.1196268162384855
-1.25 -1 43 44 53.29635959426724 0.1141574254748094
-1.25 -1 44 45 51.90295443016998 0.1089871643727825
-1.25 -1 45 46 50.51565798661596 0.1044516039324089
-1.25 -1 46 47 49.14208509129853 0.1018879371883932
-1.25 -1 47 48 47.78542633870535 0.1015219251730191
-1.25 -1 48 49 46.44921426865349 0.1032768039836142
-1.25 -1 49 50 45.13600159154885 0.1058365726073048
-1 -0.75 0 1 2801.653105806121 1.478728031899489
-1 -0.75 1 2 -6294.236391333076 1.395013996438287
-1 -0.75 2 3 -7326.159841395462 1.900242216252147
-1 -0.75 3 4 -5389.672223668291 1.673349431978469
-1 -0.75 4 5 -3837.175379590294 1.441823803599245
-1 -0.75 5 6 -2750.272408780782 1.255063992157585
-1 -0.75 6 7 -1996.934169289894 1.106239559548707
-1 -0.75 7 8 -1467.811681543169 0.9855556100479599
-1 -0.75 8 9 -1089.364217347397 0.8854965400772462
-1 -0.75 9 10 -813.7436720295336 0.8008211318081747
-1 -0.75 10 11 -609.583484307876 0.7288818666364577
-1 -0.75 11 12 -456.2344329982948 0.6664550395733825
-1 -0.75 12 13 -339.6031772644476 0.6119194758866882
-1 -0.75 13 14 -249.9728721312717 0.5638891933186428
-1 -0.75 14 15 -180.4984241276391 0.5212923712801415
-1 -0.75 15 16 -126.2714623438028 0.4832844245494213
-1 -0.75 16 17 -83.71498328976645 0.4491892231711152
-1 -0.75 17 18 -50.18380717696346 0.4184581624385824
-1 -0.75 18 19 -23.69587245902176 0.3906409112452421
-1 -0.75 19 20 -2.748271321710945 0.3653640350991947
-1 -0.75 20 21 13.81081734196982 0.3423150666662704
-1 -0.75 21 22 26.87267254900758 0.3212304437500506
-1 -0.75 22 23 37.13296905408583 0.3018862349320496
-1 -0.75 23 24 45.13896782339373 0.2840909247173148
-1 -0.75 24 25 51.32422823827449 0.2676797322527368
-1 -0.75 25 26 56.03442845560278 0.2525100951927798
-1 -0.75 26 27 59.54677052348484 0.2384580446325416
-1 -0.75 27 28 62.08470331748663 0.2254152721346458
-1 -0.75 28 29 63.8291915334014 0.2132867372890599
-1 -0.75 29 30 64.92741120594428 0.2019887026733564
-1 -0.75 30 31 65.49951008875917 0.1914471091212001
-1 -0.75 31 32 65.64390027887703 0.181596224277677
-1 -0.75 32 33 65.44142862467288 0.1723775110602807
-1 -0.75 33 34 64.95868269134246 0.163738676801957
-1 -0.75 34 35 64.25062618182193 0.1556328684564318
-1 -0.75 35 36 63.36271081307103 0.1480179890768511
-1 -0.75 36 37 62.33257689349904 0.1408561152842598
-1 -0.75 37 38 61.19142897780483 0.1341129974706668
-1 -0.75 38 39 59.96515340757554 0.1277576296486583
-1 -0.75 39 40 58.67522975693112 0.1217618795482338
-1 -0.75 40 41 57.33947705365932 0.1161001658894276
-1 -0.75 41 42 55.97266674623188 0.110749180182507
-1 -0.75 42 43 54.58702794008286 0.1056876421466523
-1 -0.75 43 44 53.19266509813866 0.1008960872242341
-1 -0.75 44 45 51.79790433353725 0.09635667902289993
-1 -0.75 45 46 50.40836286835497 0.09283926553678862
-1 -0.75 46 47 49.03187911161922 0.09322020393197533
-1 -0.75 47 48 47.67176557847819 0.0976000901269285
-1 -0.75 48 49 46.3316797140188 0.105257633444265
-1 -0.75 49 50 45.01427280841682 0.1133517116911176
-0.75 -0.5 0 1 2996.161556633327 2.438790116291045
-0.75 -0.5 1 2 -6168.682093943817 1.373485584617362
-0.75 -0.5 2 3 -7376.281392869296 1.920888057408181
-0.75 -0.5 3 4 -5454.115559129541 1.704695448333653
-0.75 -0.5 4 5 -3894.54563215443 1.472592764665526
-0.75 -0.5 5 6 -2798.264063259454 1.281115167663579
-0.75 -0.5 6 7 -2036.60810829584 1.159474717186075
-0.75 -0.5 7 8 -1500.673741099027 1.054195987853296
-0.75 -0.5 8 9 -1116.752521134444 0.9605798843219723
-0.75 -0.5 9 10 -836.7342714117103 0.8770827282724748
-0.75 -0.5 10 11 -629.027403764615 0.8040776065135447
-0.75 -0.5 11 12 -472.7912792396946 0.7394421497055808
-0.75 -0.5 12 13 -353.7922930609823 0.6821579566523983
-0.75 -0.5 13 14 -262.2051279672319 0.6311776675375326
-0.75 -0.5 14 15 -191.1016723247781 0.5856122059575809
-0.75 -0.5 15 16 -135.509561790916 0.5447143420531978
-0.75 -0.5 16 17 -91.80203050781279 0.507857550799714
-0.75 -0.5 17 18 -57.29484724300301 0.474515790831811
-0.75 -0.5 18 19 -29.97502924977402 0.444245938784384
-0.75 -0.5 19 20 -8.314976869799466 0.4166731392970999
-0.75 -0.5 20 21 8.857004626496746 0.3914788066157419
-0.75 -0.5 21 22 22.44830688497814 0.3683908729453862
-0.75 -0.5 22 23 33.16775605212251 0.3471758798469973
-0.75 -0.5 23 24 41.57341404848103 0.3276325577123965
-0.75 -0.5 24 25 48.10776158200031 0.3095865999175376
-0.75 -0.5 25 26 53.12388459038505 0.2928863931617482
-0.75 -0.5 26 27 56.90516633532548 0.277399514625277
-0.75 -0.5 27 28 59.68023702764549 0.2630098451939028
-0.75 -0.5 28 29 61.63442314525173 0.2496151790066793
-0.75 -0.5 29 30 62.91858733941967 0.2371252349742653
-0.75 -0.5 30 31 63.65600512424669 0.2254599949694537
-0.75 -0.5 31 32 63.94775172509628 0.2145483087102922
-0.75 -0.5 32 33 63.87694921203411 0.2043267176014625
-0.75 -0.5 33 34 63.51213525493256 0.19473845813434
-0.75 -0.5 34 35 62.90995015418247 0.1857326155784521
-0.75 -0.5 35 36 62.11729132981748 0.1772634008249322
-0.75 -0.5 36 37 61.17304921683927 0.169289530868422
-0.75 -0.5 37 38 60.1095123076696 0.1617736967018997
-0.75 -0.5 38 39 58.95350923243376 0.15468210299513
-0.75 -0.5 39 40 57.72734076753341 0.1479840712240383
-0.75 -0.5 40 41 56.44954334369015 0.1416516936720136
-0.75 -0.5 41 42 55.13551658881846 0.1356595321711359
-0.75 -0.5 42 43 53.79804089677509 0.1299843559933411
-0.75 -0.5 43 44 52.44770558485209 0.1246049106939083
-0.75 -0.5 44 45 51.09326408492228 0.1195017162080343
-0.75 -0.5 45 46 49.74069448042752 0.1150325824540552
-0.75 -0.5 46 47 48.3981962806011 0.1126018022794386
-0.75 -0.5 47 48 47.06936214461078 0.1124262590427039
-0.75 -0.5 48 49 45.75811289903558 0.1144076841891677
-0.75 -0.5 49 50 44.46733278495134 0.1171742928580006
-0.5 -0.25 0 1 3125.340161966552 2.417873153998015
-0.5 -0.25 1 2 -6091.632681472013 1.284871072820453
-0.5 -0.25 2 3 -7416.690736731998 1.895874955813321
-0.5 -0.25 3 4 -5502.793350530015 1.853436037119977
-0.5 -0.25 4 5 -3937.141565995801 1.723578384109805
-0.5 -0.25 5 6 -2833.429827307037 1.555264106626343
-0.5 -0.25 6 7 -2065.288105707052 1.396666433935923
-0.5 -0.25 7 8 -1524.08480870783 1.256745578900252
-0.5 -0.25 8 9 -1135.956876062306 1.135506391431725
-0.5 -0.25 9 10 -852.5853676739894 1.030833114574204
-0.5 -0.25 10 11 -642.1914333458417 0.9395523515452323
-0.5 -0.25 11 12 -483.7856523939922 0.8600317816701519
-0.5 -0.25 12 13 -363.0217380996223 0.790225194133951
-0.5 -0.25 13 14 -269.9882714428393 0.7285950437642207
-0.5 -0.25 14 15 -197.6914725111001 0.6738859655491397
-0.5 -0.25 15 16 -141.1085469052998 0.6250718032519421
-0.5 -0.25 16 17 -96.57366685923898 0.5813101631631818
-0.5 -0.25 17 18 -61.37206926853696 0.5419055595078929
-0.5 -0.25 18 19 -33.46669294204253 0.5062801900713741
-0.5 -0.25 19 20 -11.31078737793564 0.4739509444559782
-0.5 -0.25 20 21 6.282694888723654 0.4445113338800086
-0.5 -0.25 21 22 20.23354376069778 0.4176172510079088
-0.5 -0.25 22 23 31.26066531470678 0.3929756970158094
-0.5 -0.25 23 24 39.93036736985266 0.370335809957454
-0.5 -0.25 24 25 46.69191462249842 0.3494816797971453
-0.5 -0.25 25 26 51.90400354049154 0.3302265614388598
-0.5 -0.25 26 27 55.85467991146265 0.3124081829077435
-0.5 -0.25 27 28 58.77646603983953 0.2958849200711743
-0.5 -0.25 28 29 60.85795093267177 0.2805326583390201
-0.5 -0.25 29 30 62.25274269314355 0.2662422042687517
-0.5 -0.25 30 31 63.08643559140421 0.2529171381674425
-0.5 -0.25 31 32 63.46206994148963 0.2404720246815022
-0.5 -0.25 32 33 63.46443855947678 0.2288309121478396
-0.5 -0.25 33 34 63.16350394194171 0.2179260700990413
-0.5 -0.25 34 35 62.61712500724337 0.2076969215411794
-0.5 -0.25 35 36 61.87324428890963 0.1980891354563755
-0.5 -0.25 36 37 60.9716508699849 0.1890538535521895
-0.5 -0.25 37 38 59.94540787147446 0.1805470276075089
-0.5 -0.25 38 39 58.82201322687689 0.1725288506134326
-0.5 -0.25 39 40 57.62434731478913 0.1649632655035217
-0.5 -0.25 40 41 56.37144956961447 0.1578175404022943
-0.5 -0.25 41 42 55.079157043343 0.1510618999453955
-0.5 -0.25 42 43 53.76063126627571 0.144669203795945
-0.5 -0.25 43 44 52.4267942708708 0.138614666225074
-0.5 -0.25 44 45 51.08669044797807 0.1328756102743219
-0.5 -0.25 45 46 49.746541793414 0.1277790405726166
-0.5 -0.25 46 47 48.41479398338856 0.1246246687861227
-0.5 -0.25 47 48 47.0952251503947 0.123627498784207
-0.5 -0.25 48 49 45.79192886199425 0.1247259031201814
-0.5 -0.25 49 50 44.50794357578289 0.1266555804257896
-0.25 0 0 1 3191.809549456358 2.733755763088511
-0.25 0 1 2 -6049.450437679388 1.589137329965971
-0.25 0 2 3 -7434.26733805281 1.924570656241038
-0.25 0 3 4 -5524.097219699422 1.715709496985617
-0.25 0 4 5 -3955.072082438105 1.485965976559847
-0.25 0 5 6 -2847.555461932383 1.348976004910307
-0.25 0 6 7 -2076.245445343459 1.231680169099404
-0.25 0 7 8 -1532.568954173813 1.121479687623343
-0.25 0 8 9 -1142.536999417403 1.022473761701964
-0.25 0 9 10 -857.6973387794942 0.9349471202751168
-0.25 0 10 11 -646.166161030148 0.8571830111988222
-0.25 0 11 12 -486.8705146042535 0.788546302322798
-0.25 0 12 13 -365.4054700468073 0.7276424139100779
-0.25 0 13 14 -271.8158153126412 0.6733955712201792
-0.25 0 14 15 -199.0752812567171 0.6248828245320649
-0.25 0 15 16 -142.1367134249201 0.581322825980442
-0.25 0 16 17 -97.31580887830864 0.5420570433799734
-0.25 0 17 18 -61.88363384178388 0.5065304615536709
-0.25 0 18 19 -33.79214243510887 0.4742742285191194
-0.25 0 19 20 -11.48598630305628 0.4448908786919431
-0.25 0 20 21 6.228670613734948 0.4180420620250223
-0.25 0 21 22 20.27702015460318 0.3934384735597338
-0.25 0 22 23 31.38229672105604 0.3708316266517909
-0.25 0 23 24 40.11429750629179 0.350007138675028
-0.25 0 24 25 46.92511551751772 0.3307792420381633
-0.25 0 25 26 52.17575072688146 0.3129862859184266
-0.25 0 26 27 56.15613298410949 0.2964870356009748
-0.25 0 27 28 59.1003314042398 0.2811576162891106
-0.25 0 28 29 61.19820916731771 0.2668889779093874
-0.25 0 29 30 62.60442707373329 0.253584783796634
-0.25 0 30 31 63.44545138564524 0.2411596437450235
-0.25 0 31 32 63.82504638179591 0.2295376290687053
-0.25 0 32 33 63.82860714731737 0.2186510200548382
-0.25 0 33 34 63.52659806979841 0.2084392442266947
-0.25 0 34 35 62.97729691600216 0.1988479733243639
-0.25 0 35 36 62.22899617598063 0.1898283519818663
-0.25 0 36 37 61.32177759566309 0.1813363370316857
-0.25 0 37 38 60.28894919617636 0.1733321285352475
-0.25 0 38 39 59.15821391268355 0.1657796796446393
-0.25 0 39 40 57.95262372942597 0.1586462711243348
-0.25 0 40 41 56.69136168345733 0.1519021428560106
-0.25 0 41 42 55.39038491006499 0.145520172017879
-0.25 0 42 43 54.06295524194456 0.1394755922337789
-0.25 0 43 44 52.7200783522627 0.1337457475662736
-0.25 0 44 45 51.37086822542 0.1283098761355609
-0.25 0 45 46 50.02159773136736 0.1235125481305402
-0.25 0 46 47 48.68077493380673 0.1207126062799941
-0.25 0 47 48 47.35221004897824 0.1201275870633187
-0.25 0 48 49 46.04002842280835 0.1216797888257932
-0.25 0 49 50 44.74729471457567 0.1240452099250093
0 0.25 0 1 3191.278529984205 2.733754704534701
0 0.25 1 2 -6050.434089775918 1.58911729146744
0 0.25 2 3 -7434.893653127325 1.924526085225696
0 0.25 3 4 -5524.262063616688 1.71564318245024
0 0.25 4 5 -3954.984285911629 1.485903741232671
0 0.25 5 6 -2847.370593221221 1.348939239913858
0 0.25 6 7 -2076.039027484654 1.231670174684412
0 0.25 7 8 -1532.373652463477 1.121490291193218
0 0.25 8 9 -1142.364218198722 1.022496482869039
0 0.25 9 10 -857.5488013261588 0.9349739722809336
0 0.25 10 11 -646.0403907344571 0.857213540247215
0 0.25 11 12 -486.7637919196914 0.7885767178167337
0 0.25 12 13 -365.3142580141539 0.727671444773479
0 0.25 13 14 -271.7369875820727 0.6734226147419767
0 0.25 14 15 -199.0062706481378 0.6249076629242249
0 0.25 15 16 -142.075500295432 0.581345450540002
0 0.25 16 17 -97.2608465290009 0.5420775514849383
0 0.25 17 18 -61.83375770391899 0.5065489986172999
0 0.25 18 19 -33.74648400785804 0.4742909567698482
0 0.25 19 20 -11.44389985270732 0.4449059609221589
0 0.25 20 21 6.267666852411139 0.4180556537195633
0 0.25 21 22 20.31328933491295 0.3934507194421903
0 0.25 22 23 31.41611739103041 0.3708426594445942
0 0.25 23 24 40.14588853891973 0.3500170793332628
0 0.25 24 25 46.95465403638207 0.3307882000045417
0 0.25 25 26 52.20338476828204 0.3129943602611565
0 0.25 26 27 56.18199028693743 0.2964943155923247
0 0.25 27 28 59.12452540078459 0.2811641823539656
0 0.25 28 29 61.22084298809091 0.2668949025506018
0 0.25 29 30 62.6255961661285 0.2535901322441313
0 0.25 30 31 63.46524518291221 0.241164474482513
0 0.25 31 32 63.84354933709915 0.2295419947200538
0 0.25 32 33 63.84589935333827 0.21865496787862
0 0.25 33 34 63.54275561716531 0.2084428166159436
0 0.25 34 35 62.99239209636727 0.1988512082086555
0 0.25 35 36 62.24309759834415 0.1898312834930923
0 0.25 36 37 61.33495026096062 0.1813389955768974
0 0.25 37 38 60.30125455923059 0.1733345415352974
0 0.25 38 39 59.16970994611523 0.165781871473239
0 0.25 39 40 57.96336499925229 0.1586482637356472
0 0.25 40 41 56.70139943933481 0.1519039558414427
0 0.25 41 42 55.39976719025356 0.1455218229967408
0 0.25 42 43 54.07172699254386 0.1394770968972684
0 0.25 43 44 52.72828155647886 0.1337471199527888
0 0.25 44 45 51.37854204217314 0.1283111289024116
0 0.25 45 46 50.02877860497398 0.123513706452372
0 0.25 46 47 48.68749683269562 0.1207137427444774
0 0.25 47 48 47.35850451098219 0.1201287707286991
0 0.25 48 49 46.04592474842326 0.1216810722600334
0 0.25 49 50 44.75282007723158 0.12404659456577
0.25 0.5 0 1 3123.846171961536 2.41786565144325
0.25 0.5 1 2 -6094.388857540394 1.284783034951985
0.25 0.5 2 3 -7418.428197871768 1.895786711876307
0.25 0.5 3 4 -5503.23679359939 1.853352995435852
0.25 0.5 4 5 -3936.888150619909 1.723517651977933
0.25 0.5 5 6 -2832.915163717437 1.555233605687305
0.25 0.5 6 7 -2064.719809340907 1.396665017606078
0.25 0.5 7 8 -1523.550898318568 1.256768276637618
0.25 0.5 8 9 -1135.486887068076 1.135543049301307
0.25 0.5 9 10 -852.1826468469221 1.030871562710177
0.25 0.5 10 11 -641.8510788397648 0.9395979379906538
0.25 0.5 11 12 -483.4968491420518 0.8600775955245883
0.25 0.5 12 13 -362.7744766083861 0.7902695662971133
0.25 0.5 13 14 -269.773856876951 0.7286370865295749
0.25 0.5 14 15 -197.5028678939527 0.6739252691432333
0.25 0.5 15 16 -140.9402931319007 0.6251082368059486
0.25 0.5 16 17 -96.42164375919424 0.5813437519226785
0.25 0.5 17 18 -61.233222974912 0.5419364122828586
0.25 0.5 18 19 -33.33878439334194 0.5063084572187897
0.25 0.5 19 20 -11.19218170444515 0.4739767945594263
0.25 0.5 20 21 6.393195064439169 0.4445349404563431
0.25 0.5 21 22 20.33682533078309 0.4176387852775765
0.25 0.5 22 23 31.35739870836505 0.3929953243131912
0.25 0.5 23 24 40.02107451548864 0.3703536872976694
0.25 0.5 24 25 46.77701702033471 0.3494979551528592
0.25 0.5 25 26 51.98385554870538 0.3302413731583688
0.25 0.5 26 27 55.92959127629672 0.3124216598462664
0.25 0.5 27 28 58.8467167569089 0.2958971813892092
0.25 0.5 28 29 60.92380074703146 0.280543814020177
0.25 0.5 29 30 62.31443692849098 0.266252355405377
0.25 0.5 30 31 63.1442085293321 0.252926377662708
0.25 0.5 31 32 63.51614661323833 0.2404804371289503
0.25 0.5 32 33 63.5150355520318 0.2288385748757053
0.25 0.5 33 34 63.21082962621927 0.217933053523142
0.25 0.5 34 35 62.66137946521241 0.2077032895592779
0.25 0.5 35 36 61.91461911094297 0.1980949458908212
0.25 0.5 36 37 61.01032893557408 0.1890591590237264
0.25 0.5 37 38 59.98156317207037 0.1805518755097649
0.25 0.5 38 39 58.85581076557963 0.1725332838582382
0.25 0.5 39 40 57.65594309459999 0.1649673227294919
0.25 0.5 40 41 56.40099066782557 0.157821256622974
0.25 0.5 41 42 55.1067817666796 0.1510653066287255
0.25 0.5 42 43 53.78646937613058 0.1446723293892686
0.25 0.5 43 44 52.45096726278587 0.1386175363051702
0.25 0.5 44 45 51.10931187629444 0.1328782480393456
0.25 0.5 45 46 49.76771756203794 0.127781501253367
0.25 0.5 46 47 48.4346228857741 0.1246271290199101
0.25 0.5 47 48 47.11379906939746 0.1236301329730781
0.25 0.5 48 49 45.80933326376066 0.1247288514621294
0.25 0.5 49 50 44.52425780623486 0.1266588524809562
0.5 0.75 0 1 2993.752867346736 2.438786635752112
0.5 0.75 1 2 -6173.116921484477 1.373395802287378
0.5 0.75 2 3 -7379.05519293826 1.920737367992613
0.5 0.75 3 4 -5454.791431298538 1.704542426810583
0.5 0.75 4 5 -3894.100613131591 1.472517257253119
0.5 0.75 5 6 -2797.408600237703 1.281119843941798
0.5 0.75 6 7 -2035.677764322804 1.159528794890207
0.5 0.75 7 8 -1499.80793796107 1.054276382537152
0.5 0.75 8 9 -1115.995117913354 0.9602853563961855
0.5 0.75 9 10 -836.0905961911894 0.8775489862625939
0.5 0.75 10 11 -628.4855585490031 0.80415332840273
0.5 0.75 11 12 -472.3335641745271 0.7395104720367858
0.5 0.75 12 13 -353.4019445465021 0.6822185022010195
0.5 0.75 13 14 -261.8677648056214 0.6312307165145854
0.5 0.75 14 15 -190.8057430560903 0.5856583570077128
0.5 0.75 15 16 -135.2461498407586 0.5447543237610002
0.5 0.75 16 17 -91.56443022752364 0.5078921169301744
0.5 0.75 17 18 -57.078102387645 0.47454566320761
0.5 0.75 18 19 -29.77551527548962 0.4442717788005233
0.5 0.75 19 20 -8.130054582151388 0.4166955356700812
0.5 0.75 20 21 9.029261683502909 0.3914982732331697
0.5 0.75 21 22 22.60931948746975 0.3684078523484974
0.5 0.75 22 23 33.31859235679417 0.3471907491767624
0.5 0.75 23 24 41.71490019722773 0.327645636242996
0.5 0.75 24 25 48.24055999057464 0.3095981565132297
0.5 0.75 25 26 53.24854823805958 0.2928966535302655
0.5 0.75 26 27 57.02217560203098 0.2774086679010486
0.5 0.75 27 28 59.79002407369842 0.2630180496398316
0.5 0.75 28 29 61.73738756937348 0.2496225672376329
0.5 0.75 29 30 63.01510584967571 0.2371319179807511
0.5 0.75 30 31 63.74643719713868 0.225466066058102
0.5 0.75 31 32 64.03244265108867 0.2145538462419528
0.5 0.75 32 33 63.95623150641109 0.2043317875126785
0.5 0.75 33 34 63.5863290987769 0.194743116542283
0.5 0.75 34 35 62.97936331626801 0.1857369098836191
0.5 0.75 35 36 62.18221885562582 0.1772673714004173
0.5 0.75 36 37 61.23377306823346 0.1692932123615204
0.5 0.75 37 38 60.16630105717923 0.1617771187231774
0.5 0.75 38 39 59.00661786881352 0.1546852912600787
0.5 0.75 39 40 57.77701063487484 0.1479870480107502
0.5 0.75 40 41 56.49600221639776 0.1416544781828377
0.5 0.75 41 42 55.17897887297988 0.1356621414772315
0.5 0.75 42 43 53.83870794053291 0.1299868048569841
0.5 0.75 43 44 52.48576608017504 0.1246072123461181
0.5 0.75 44 45 51.12889453975652 0.1195038823099104
0.5 0.75 45 46 49.77405966001271 0.1150346691609811
0.5 0.75 46 47 48.42944996872842 0.1126040325752285
0.5 0.75 47 48 47.09864748833044 0.1124288664933269
0.5 0.75 48 49 45.78556314070801 0.1144108693657713
0.5 0.75 49 50 44.49307170284399 0.1171780744091589
0.75 1 0 1 2798.368124919252 1.478606214283773
0.75 1 1 2 -6300.287611402751 1.394120925216314
0.75 1 2 3 -7329.949816569004 1.899502381705257
0.75 1 3 4 -5390.599769658565 1.6732151631192
0.75 1 4 5 -3836.568232922828 1.442362968227313
0.75 1 5 6 -2749.098887203434 1.25598421671671
0.75 1 6 7 -1995.653757323915 1.107275792768286
0.75 1 7 8 -1466.616790051699 0.9865487639078627
0.75 1 8 9 -1088.317627016707 0.8863829838247356
0.75 1 9 10 -812.8508116674366 0.8015945205378147
0.75 1 10 11 -608.8319908378558 0.7295190461239769
0.75 1 11 12 -455.5995463965128 0.6669792461836829
0.75 1 12 13 -339.0621731177719 0.612346282087851
0.75 1 13 14 -249.5061058606702 0.5642340726129491
0.75 1 14 15 -180.0900078886689 0.5215694029542437
0.75 1 15 16 -125.9090459223301 0.4835058630725826
0.75 1 16 17 -83.38920749116346 0.4493654637486897
0.75 1 17 18 -49.8876950731451 0.4185978785943843
0.75 1 18 19 -23.42427261950661 0.3907512570457305
0.75 1 19 20 -2.497392911763882 0.3654508614927487
0.75 1 20 21 14.04377262592038 0.3423831270510513
0.75 1 21 22 27.08979162767491 0.3212835795811713
0.75 1 22 23 37.33583655821565 0.3019275372025191
0.75 1 23 24 45.3288182431736 0.284122870939548
0.75 1 24 25 51.50205451923478 0.267704302084201
0.75 1 25 26 56.20105809372183 0.2525288661215545
0.75 1 26 27 59.7029178897842 0.2384722701305494
0.75 1 27 28 62.23100491293326 0.2254259459995379
0.75 1 28 29 63.96622919534457 0.2132946455989209
0.75 1 29 30 65.05572696484705 0.2019944659310618
0.75 1 30 31 65.61961535569537 0.1914512158698699
0.75 1 31 32 65.75628127598475 0.1815990582859282
0.75 1 32 33 65.54654940189732 0.1723793732762495
0.75 1 33 34 65.05698665639659 0.1637398023589504
0.75 1 34 35 64.34253677078704 0.1556334405813326
0.75 1 35 36 63.44863171586167 0.1480181503140992
0.75 1 36 37 62.41289209804552 0.1408559757111183
0.75 1 37 38 61.26650279329704 0.1341126420109758
0.75 1 38 39 60.03533055751649 0.1277571234759663
0.75 1 39 40 58.74083558544879 0.1217612722404146
0.75 1 40 41 57.40081786124364 0.1160994950265366
0.75 1 41 42 56.03003024833987 0.1107484737849595
0.75 1 42 43 54.64068383818972 0.1056869210879124
0.75 1 43 44 53.24286574013155 0.1008953665052154
0.75 1 44 45 51.84488544684956 0.09635596975347399
0.75 1 45 46 50.45234419258293 0.09283863559053902
0.75 1 46 47 49.0730655916804 0.09321993549072696
0.75 1 47 48 47.71034776546583 0.09760045065319214
0.75 1 48 49 46.36783482476355 0.105258815175605
0.75 1 49 50 45.04816534547291 0.1133536876321254
1 1.25 0 1 2553.019631371616 1.43031801473805
1 1.25 1 2 -6461.443626863565 2.600877960870451
1 1.25 2 3 -7274.819740734911 2.974396872198184
1 1.25 3 4 -5321.420732974198 2.515013564145939
1 1.25 4 5 -3778.086068885683 2.103108930362402
1 1.25 5 6 -2702.718191024528 1.782052656363847
1 1.25 6 7 -1959.261938515754 1.532525993459118
1 1.25 7 8 -1437.966900233323 1.335417317846194
1 1.25 8 9 -1065.603948181428 1.176232397724339
1 1.25 9 10 -794.7048169312616 1.046441618568587
1 1.25 10 11 -594.2264536195121 0.9377763286743428
1 1.25 11 12 -443.7703155012109 0.8461710395397984
1 1.25 12 13 -329.4287427329753 0.7678995990199996
1 1.25 13 14 -241.6239742981686 0.7003336915122093
1 1.25 14 15 -173.61504691292 0.6414871749594359
1 1.25 15 16 -120.5720876022021 0.5898330364319458
1 1.25 16 17 -78.97774370871866 0.5441787584695063
1 1.25 17 18 -46.23254068992446 0.5035798391338413
1 1.25 18 19 -20.38972369117278 0.4672786705831296
1 1.25 19 20 0.02612541288795001 0.4346605800438815
1 1.25 20 21 16.14526233910306 0.4052216947657695
1 1.25 21 22 28.84192634647729 0.3785450924473732
1 1.25 22 23 38.79823620071943 0.354282854004524
1 1.25 23 24 46.55059847070947 0.3321423835492339
1 1.25 24 25 52.52382802973364 0.3118758582975914
1 1.25 25 26 57.0565175108693 0.2932720039320347
1 1.25 26 27 60.42009636822593 0.2761496181816345
1 1.25 27 28 62.83328641725132 0.2603524246234111
1 1.25 28 29 64.47316284379167 0.245744947510842
1 1.25 29 30 65.48368692576867 0.2322091795473418
1 1.25 30 31 65.98233820491851 0.2196418697417961
1 1.25 31 32 66.0653055453663 0.2079523006889606
1 1.25 32 33 65.81157662463124 0.1970604558663003
1 1.25 33 34 65.28617908223896 0.1868954979295049
1 1.25 34 35 64.54276374215777 0.1773945001659295
1 1.25 35 36 63.62567424458342 0.1685013808568625
1 1.25 36 37 62.57161326753408 0.1601660063417933
1 1.25 37 38 61.41099010902315 0.1523434295475783
1 1.25 38 39 60.16901519131687 0.1449932436237899
1 1.25 39 40 58.86659252033957 0.1380790286688683
1 1.25 40 41 57.52105019508218 0.1315678771979915
1 1.25 41 42 56.1467403267585 0.1254299860419786
1 1.25 42 43 54.7555333942725 0.1196383027345936
1 1.25 43 44 53.35722684356739 0.1141682199069274
1 1.25 44 45 51.95988374397012 0.1089973086086379
1 1.25 45 46 50.56892117045095 0.1044612518197949
1 1.25 46 47 49.19193539238645 0.101897644351743
1 1.25 47 48 47.83209884484307 0.1015322317886572
1 1.25 48 49 46.49292734248681 0.1032881111245398
1 1.25 49 50 45.1769576931097 0.1058488537335137
1.25 1.5 0 1 2280.706827591636 2.886978013529692
1.25 1.5 1 2 -6597.547050292012 3.416567301783411
1.25 1.5 2 3 -7161.52671421696 2.044992508557927
1.25 1.5 3 4 -5198.011126298872 1.827881938550258
1.25 1.5 4 5 -3673.958108523954 1.586990048655066
1.25 1.5 5 6 -2619.016739827858 1.377977260882552
1.25 1.5 6 7 -1892.612157200975 1.204138972065564
1.25 1.5 7 8 -1384.791612006096 1.060249362020711
1.25 1.5 8 9 -1022.948909698038 0.9414373061270609
1.25 1.5 9 10 -760.2773033784656 0.8404884163718978
1.25 1.5 10 11 -566.2693269720198 0.7560823489380197
1.25 1.5 11 12 -420.9514586801652 0.6836718963230607
1.25 1.5 12 13 -310.7229794670691 0.6212415801502272
1.25 1.5 13 14 -226.2371163372061 0.5669725732593097
1.25 1.5 14 15 -160.9259378873901 0.5194465933482267
1.25 1.5 15 16 -110.0903228540908 0.4775465644399561
1.25 1.5 16 17 -70.31270384631944 0.4403833187453154
1.25 1.5 17 18 -39.07053012902725 0.4072417012339354
1.25 1.5 18 19 -14.47692829690118 0.3775407770041914
1.25 1.5 19 20 4.896473926339695 0.350804223401679
1.25 1.5 20 21 20.14265293667677 0.3266380879549926
1.25 1.5 21 22 32.1060734126454 0.3047139159935753
1.25 1.5 22 23 41.44490012173912 0.2866430591609487
1.25 1.5 23 24 48.67613938884529 0.2713794788522688
1.25 1.5 24 25 54.2087973488533 0.2572548744981791
1.25 1.5 25 26 58.36851173303501 0.2441577765857739
1.25 1.5 26 27 61.41604050197236 0.2319901049515981
1.25 1.5 27 28 63.5612726960112 0.2206653059977433
1.25 1.5 28 29 64.97394015031057 0.2101067748988816
1.25 1.5 29 30 65.79187392161111 0.2002465178883513
1.25 1.5 30 31 66.12741647176415 0.1910240156592929
1.25 1.5 31 32 66.07243650489045 0.1823852557638108
1.25 1.5 32 33 65.70227649169715 0.1742819063963708
1.25 1.5 33 34 65.07887883994641 0.1666706094414154
1.25 1.5 34 35 64.25327553668183 0.1595123738849598
1.25 1.5 35 36 63.26758126025339 0.1527720530086147
1.25 1.5 36 37 62.15659675946944 0.1464178940061469
1.25 1.5 37 38 60.94910461509653 0.1404211473399604
1.25 1.5 38 39 59.66892084464178 0.1347557281110288
1.25 1.5 39 40 58.3357517213563 0.1293979214860608
1.25 1.5 40 41 56.96589456744448 0.1243261250310272
1.25 1.5 41 42 55.57281281883434 0.1195206239031029
1.25 1.5 42 43 54.16760952444042 0.1149633936163425
1.25 1.5 43 44 52.75941839592053 0.1106379263076575
1.25 1.5 44 45 51.35572765165887 0.1065290778137898
1.25 1.5 45 46 49.96148350615454 0.1029424558375399
1.25 1.5 46 47 48.58378986768886 0.101060631099805
1.25 1.5 47 48 47.22547098440381 0.1010601205686697
1.25 1.5 48 49 45.88971600714393 0.1028783185950457
1.25 1.5 49 50 44.5787695052779 0.1053636123212254
1.5 1.75 0 1 1945.696977080989 1.281031624482506
1.5 1.75 1 2 -6806.413565933741 1.630150564925797
1.5 1.75 2 3 -7066.823688670686 2.146158830752727
1.5 1.75 3 4 -5078.099355829338 1.962562512555863
1.5 1.75 4 5 -3565.792018242869 1.710688426340451
1.5 1.75 5 6 -2527.060576743873 1.475549485412578
1.5 1.75 6 7 -1815.437692243547 1.275643238218919
1.5 1.75 7 8 -1320.015603121842 1.110213222111066
1.5 1.75 8 9 -968.3463882701813 0.9748533683615201
1.5 1.75 9 10 -713.9622847821479 0.8607623074669213
1.5 1.75 10 11 -526.7574888644572 0.7672318637021009
1.5 1.75 11 12 -387.0359768224141 0.6878120286163598
1.5 1.75 12 13 -281.444420124521 0.6201644123438514
1.5 1.75 13 14 -200.8255639441552 0.5620131117049167
1.5 1.75 14 15 -138.7597940032917 0.5116040456798657
1.5 1.75 15 16 -90.66436766340371 0.4675737111318607
1.5 1.75 16 17 -53.21352069710474 0.4288512381663805
1.5 1.75 17 18 -23.95759139082656 0.3945864941641885
1.5 1.75 18 19 -1.06797966657814 0.364097419913418
1.5 1.75 19 20 16.83677449254833 0.3368312693620664
1.5 1.75 20 21 30.8116263459292 0.3123358443565067
1.5 1.75 21 22 41.67002679739221 0.2902379455502563
1.5 1.75 22 23 50.04468839393428 0.2702270550867282
1.5 1.75 23 24 56.43160942419354 0.2520428589538466
1.5 1.75 24 25 61.22236246990053 0.2354656072427697
1.5 1.75 25 26 64.72804449315788 0.2203085947506689
1.5 1.75 26 27 67.19722747741457 0.2064122424218866
1.5 1.75 27 28 68.82954191608633 0.1936393987350611
1.5 1.75 28 29 69.78604692931367 0.1818715781731396
1.5 1.75 29 30 70.19721203118422 0.1710059271326423
1.5 1.75 30 31 70.16910724390993 0.1609527603784953
1.5 1.75 31 32 69.78823743697302 0.1516335445453748
1.5 1.75 32 33 69.12534241091572 0.1429792399438762
1.5 1.75 33 34 68.23840206496794 0.1349289268213545
1.5 1.75 34 35 67.17502628729227 0.1274286619056818
1.5 1.75 35 36 65.97436548785032 0.1204305213464697
1.5 1.75 36 37 64.66864533738504 0.1138917961165093
1.5 1.75 37 38 63.28440526056113 0.1077743111731123
1.5 1.75 38 39 61.8435020792266 0.1020438489216907
1.5 1.75 39 40 60.36392653231371 0.09666965623784736
1.5 1.75 40 41 58.86047008647131 0.09162402405423865
1.5 1.75 41 42 57.34527126006827 0.08688192562671487
1.5 1.75 42 43 55.82826473720377 0.08242070419003893
1.5 1.75 43 44 54.31755166399961 0.07821980408827268
1.5 1.75 44 45 52.81970578588565 0.07426053627964624
1.5 1.75 45 46 51.33888775603415 0.07121693124664959
1.5 1.75 46 47 49.88143985500045 0.07161013969963324
1.5 1.75 47 48 48.44956884202412 0.07552590325665448
1.5 1.75 48 49 47.04589009343658 0.08233854930867671
1.5 1.75 49 50 45.67215233826209 0.08954329081810189
1.75 2 0 1 1610.771986961061 1.396383368558677
1.75 2 1 2 -6979.946225102694 4.562914818753051
1.75 2 2 3 -6944.724145259439 3.604103997640955
1.75 2 3 4 -4955.885109710251 2.761093017420096
1.75 2 4 5 -3471.618397801316 2.190650562742862
1.75 2 5 6 -2457.34773778132 1.793198371778597
1.75 2 6 7 -1763.976920981788 1.504145761385543
1.75 2 7 8 -1281.80768609731 1.285836373270597
1.75 2 8 9 -939.7428550668901 1.116020296043377
1.75 2 9 10 -692.377510134309 0.9800096561337641
1.75 2 10 11 -510.4619330354226 0.8694279824957118
1.75 2 11 12 -374.7091165089766 0.7775191744826706
1.75 2 12 13 -272.1461663225793 0.7000998972997664
1.75 2 13 14 -193.8600665148372 0.634069401630765
1.75 2 14 15 -133.6043657743771 0.5771499616598679
1.75 2 15 16 -86.92126760696601 0.5276318423411325
1.75 2 16 17 -50.57665999703659 0.4842069589681812
1.75 2 17 18 -22.18912715200418 0.445857521085669
1.75 2 18 19 0.01842645027636536 0.4117796952643533
1.75 2 19 20 17.38812485012431 0.381330134405684
1.75 2 20 21 30.94456363269865 0.3539877830514427
1.75 2 21 22 41.47754464519289 0.329326105112261
1.75 2 22 23 49.60120888940048 0.3069925617823966
1.75 2 23 24 55.79686657547688 0.2866932223784605
1.75 2 24 25 60.44440117418151 0.2681810692301441
1.75 2 25 26 63.84555648354069 0.2512470006496707
1.75 2 26 27 66.24138488988092 0.2357128311826933
1.75 2 27 28 67.82544646802148 0.2214257905795162
1.75 2 28 29 68.75388238199309 0.2082541580174067
1.75 2 29 30 69.15316577966166 0.1960837678137273
1.75 2 30 31 69.12611095845767 0.1848151897721984
1.75 2 31 32 68.75656495162571 0.1743614359040926
1.75 2 32 33 68.11309431974388 0.1646460830032061
1.75 2 33 34 67.25189991395143 0.1556017252491284
1.75 2 34 35 66.21913427150588 0.1471686906138311
1.75 2 35 36 65.05275374635704 0.1392939704504345
1.75 2 36 37 63.78400600976829 0.1319303220811263
1.75 2 37 38 62.43863018245128 0.1250355119026688
1.75 2 38 39 61.03782922404588 0.1185716748207865
1.75 2 39 40 59.59906090125924 0.1125047691282004
1.75 2 40 41 58.13668365096163 0.106804110937452
1.75 2 41 42 56.66248568471292 0.1014419744947361
1.75 2 42 43 55.18611990714254 0.09639324871645069
1.75 2 43 44 53.71546249276872 0.09163513940844387
1.75 2 44 45 52.25690931435062 0.08714691191724133
1.75 2 45 46 50.81452701148913 0.08327987168861743
1.75 2 46 47 49.39446291628374 0.08142165357595831
1.75 2 47 48 47.99888922170601 0.08185650655440262
1.75 2 48 49 46.63036364647218 0.08827234527398098
1.75 2 49 50 45.29057981125914 0.09502208995227981
2 2.25 0 1 1237.546210866276 1.342844783546725
2 2.25 1 2 -7168.896181422293 1.707179439457494
2 2.25 2 3 -6804.928880429287 1.938502547053788
2 2.25 3 4 -4792.238101553075 1.653840980836995
2 2.25 4 5 -3323.363799249096 1.409021260723651
2 2.25 5 6 -2329.627793716556 1.220529060474058
2 2.25 6 7 -1655.411714801118 1.072765318070821
2 2.25 7 8 -1189.72804118659 0.9531179083439224
2 2.25 8 9 -861.4825366604973 0.8546492546442847
2 2.25 9 10 -625.5982851711733 0.7711449187792834
2 2.25 10 11 -453.2175481884019 0.699866852563242
2 2.25 11 12 -325.3994050791327 0.6382216051040078
2 2.25 12 13 -229.4680511180654 0.584416162283917
2 2.25 13 14 -156.7519915516841 0.5370884691905748
2 2.25 14 15 -101.1991647292118 0.495179664945993
2 2.25 15 16 -58.50750594496981 0.4578513424536876
2 2.25 16 17 -25.5677017490766 0.424429619989281
2 2.25 17 18 -0.09864391578366849 0.3943660022556512
2 2.25 18 19 19.59578453135578 0.3672092056521707
2 2.25 19 20 34.79199839819648 0.3425844065260323
2 2.25 20 21 46.46098534597377 0.3201776625287031
2 2.25 21 22 55.34857302195121 0.2997240344525405
2 2.25 22 23 62.03263695461544 0.2809984012569249
2 2.25 23 24 66.96442367226427 0.2638082752862513
2 2.25 24 25 70.4987696867837 0.2479881238975541
2 2.25 25 26 72.91645182515185 0.2333948371881052
2 2.25 26 27 74.44089105632315 0.2199040808524732
2 2.25 27 28 75.25075676114034 0.2074073383886121
2 2.25 28 29 75.48956228288273 0.1958094939621285
2 2.25 29 30 75.27302993523142 0.1850268443426813
2 2.25 30 31 74.69478696741652 0.1749854545301032
2 2.25 31 32 73.83080170403144 0.1656197876964035
2 2.25 32 33 72.74286102446371 0.156871559057003
2 2.25 33 34 71.48131284871323 0.148688771572547
2 2.25 34 35 70.08724113178027 0.141024900878157
2 2.25 35 36 68.59419980873446 0.133838202604118
2 2.25 36 37 67.029601822801 0.1270911225927183
2 2.25 37 38 65.41583690465347 0.1207497904197066
2 2.25 38 39 63.77117484090081 0.1147835859153051
2 2.25 39 40 62.11049823245042 0.1091647635131221
2 2.25 40 41 60.44589916627126 0.1038681275605264
2 2.25 41 42 58.78716662880259 0.09887075130069238
2 2.25 42 43 57.14218597182969 0.09415173069861875
2 2.25 43 44 55.51726725891342 0.08969196941283411
2 2.25 44 45 53.91741584318672 0.08547399198151841
2 2.25 45 46 52.34548511474446 0.08212017909592126
2 2.25 46 47 50.80647417972256 0.08195428519196694
2 2.25 47 48 49.30159422891492 0.08503212102022985
2 2.25 48 49 47.83252263425786 0.0907449493988778
2 2.25 49 50 46.40016881375669 0.09678472630831651
2.25 2.5 0 1 860.4616622070168 0.3637664063988822
2.25 2.5 1 2 -7316.264988438204 1.785307244673284
2.25 2.5 2 3 -6599.631080074559 1.971841313627281
2.25 2.5 3 4 -4582.680960679159 1.68670461320494
2.25 2.5 4 5 -3150.555959145585 1.479988577828971
2.25 2.5 5 6 -2192.97252617797 1.305449188199587
2.25 2.5 6 7 -1548.061643693512 1.155788353572979
2.25 2.5 7 8 -1105.073388944519 1.029472370721813
2.25 2.5 8 9 -794.2532966686522 0.9221232479205345
2.25 2.5 9 10 -571.8065664765804 0.8308663970945366
2.25 2.5 10 11 -409.8791628434954 0.7523942476148293
2.25 2.5 11 12 -290.2748147964714 0.6844685352659045
2.25 2.5 12 13 -200.8614936915953 0.6252475986165634
2.25 2.5 13 14 -133.365403696763 0.5732707444105485
2.25 2.5 14 15 -82.02773474632477 0.5273722630426899
2.25 2.5 15 16 -42.76502484427988 0.486614507176842
2.25 2.5 16 17 -12.63283329165574 0.450236907552138
2.25 2.5 17 18 10.52415188244822 0.417617344075478
2.25 2.5 18 19 28.30500392728027 0.3882428151164773
2.25 2.5 19 20 41.9105029722366 0.3616870407622482
2.25 2.5 20 21 52.25212853696473 0.3375932338596856
2.25 2.5 21 22 60.02848155328957 0.3156607415736498
2.25 2.5 22 23 65.77966034453232 0.2956346021283583
2.25 2.5 23 24 69.9264742609837 0.2772973161445244
2.25 2.5 24 25 72.79907430976164 0.2604623111811275
2.25 2.5 25 26 74.65809538473104 0.2449687125387161
2.25 2.5 26 27 75.71043251739093 0.2306771295021518
2.25 2.5 27 28 76.12112669967678 0.2174662357485185
2.25 2.5 28 29 76.02239943488661 0.2052299768209621
2.25 2.5 29 30 75.52057638633715 0.1938752756811635
2.25 2.5 30 31 74.70143368035292 0.1833201359162782
2.25 2.5 31 32 73.63435523622201 0.173492065087695
2.25 2.5 32 33 72.3755865926741 0.1643267583965872
2.25 2.5 33 34 70.97079698138958 0.1557669918197676
2.25 2.5 34 35 69.45710803007699 0.1477616900523998
2.25 2.5 35 36 67.86470850414736 0.140265135300378
2.25 2.5 36 37 66.21814576205014 0.1332362949634979
2.25 2.5 37 38 64.53736332198764 0.1266382463436085
2.25 2.5 38 39 62.83853792531528 0.1204376839988932
2.25 2.5 39 40 61.13475744215395 0.1146044951587796
2.25 2.5 40 41 59.43657193093159 0.1091113930796645
2.25 2.5 41 42 57.75244299790009 0.1039335993417437
2.25 2.5 42 43 56.08911140771667 0.0990485677931055
2.25 2.5 43 44 54.45189868415056 0.09443574323782977
2.25 2.5 44 45 52.84495516506266 0.09007635120994066
2.25 2.5 45 46 51.27043898131572 0.08628165680946474
2.25 2.5 46 47 49.7326189581272 0.08426511021112067
2.25 2.5 47 48 48.23219455398345 0.08416015543455832
2.25 2.5 48 49 46.77035943377624 0.08579987007083602
2.25 2.5 49 50 45.34760153304785 0.09023559151023677
2.5 2.75 0 1 439.9229408090997 1.332430406177838
2.5 2.75 1 2 -7488.948170559259 2.190021131157701
2.5 2.75 2 3 -6402.885037485546 3.309488565785768
2.5 2.75 3 4 -4378.112165914908 2.910202156392164
2.5 2.75 4 5 -2977.534349534837 2.469247153777694
2.5 2.75 5 6 -2051.702876786464 2.105673227104397
2.5 2.75 6 7 -1433.203055706841 1.815376378762323
2.5 2.75 7 8 -1011.276722315805 1.582404693474125
2.5 2.75 8 9 -717.1223610476964 1.392567381126868
2.5 2.75 9 10 -507.9033681317169 1.236060166191926
2.5 2.75 10 11 -356.553798381457 1.105110150076404
2.5 2.75 11 12 -245.4787051636381 0.9942878974407342
2.5 2.75 12 13 -163.001019572351 0.8995140355688819
2.5 2.75 13 14 -101.1902375155637 0.8177122833797049
2.5 2.75 14 15 -54.54798667757314 0.7465270533647371
2.5 2.75 15 16 -19.189993312968 0.6841282908687496
2.5 2.75 16 17 7.674443602714291 0.6290750315439471
2.5 2.75 17 18 28.08086451300483 0.5802186484856446
2.5 2.75 18 19 43.53418312793497 0.5366332176691393
2.5 2.75 19 20 55.16051327406171 0.4975646627082677
2.5 2.75 20 21 63.81164433812785 0.4623930947847272
2.5 2.75 21 22 70.13809809199381 0.430604556659103
2.5 2.75 22 23 74.64097388187668 0.4017695629636587
2.5 2.75 23 24 77.70924117710774 0.3755266161055526
2.5 2.75 24 25 79.64689872567374 0.3515694111355208
2.5 2.75 25 26 80.69297999367768 0.3296368058954033
2.5 2.75 26 27 81.03644403813757 0.3095048877219383
2.5 2.75 27 28 80.82736649855258 0.2909806445871227
2.5 2.75 28 29 80.18542494787658 0.2738968768649181
2.5 2.75 29 30 79.20638554607189 0.2581080756842667
2.5 2.75 30 31 77.96709944746584 0.243487061450681
2.5 2.75 31 32 76.52937833009923 0.2299222244339553
2.5 2.75 32 33 74.94302001665307 0.2173152458730849
2.5 2.75 33 34 73.24818478629174 0.2055792050944366
2.5 2.75 34 35 71.4772721342639 0.1946369986187532
2.5 2.75 35 36 69.65641065671252 0.1844200134090282
2.5 2.75 36 37 67.80664646609563 0.1748670080505784
2.5 2.75 37 38 65.94489537178407 0.1659231644567885
2.5 2.75 38 39 64.08470890938401 0.1575392815564784
2.5 2.75 39 40 62.23689293726167 0.1496710861336
2.5 2.75 40 41 60.41000899361296 0.1422786417551517
2.5 2.75 41 42 58.61078187453651 0.1353258402246938
2.5 2.75 42 43 56.84443199644051 0.1287799623367043
2.5 2.75 43 44 55.11494717734209 0.1226112964780156
2.5 2.75 44 45 53.42530538574127 0.1167928085167652
2.5 2.75 45 46 51.77667335795476 0.1115292897636546
2.5 2.75 46 47 50.17232646647821 0.1076645644611208
2.5 2.75 47 48 48.61220060622534 0.1053174203190048
2.5 2.75 48 49 47.09677712644319 0.1044246952164561
2.5 2.75 49 50 45.62590855021764 0.1041441755343997
2.75 3 0 1 -10.91267219919462 1.375079521766528
2.75 3 1 2 -7612.534647757992 7.137593866542256
2.75 3 2 3 -6134.027145373719 6.861131784388565
2.75 3 3 4 -4111.578776065488 5.494284549655771
2.75 3 4 5 -2755.209456128314 4.434746499692841
2.75 3 5 6 -1872.25072677517 3.653965971742236
2.75 3 6 7 -1288.961116804417 3.068034961189421
2.75 3 7 8 -894.8334661511535 2.617069219221159
2.75 3 8 9 -622.464035289102 2.261451070103504
2.75 3 9 10 -430.3770061562498 1.975486824442793
2.75 3 10 11 -292.6019097602968 1.741369646803407
2.75 3 11 12 -192.3771094176066 1.546865099058969
2.75 3 12 13 -118.6493959111408 1.383200655488969
2.75 3 13 14 -63.9547366254144 1.243961225575765
2.75 3 14 15 -23.14547517244409 1.124358386592329
2.75 3 15 16 7.396744669015106 1.020752188733256
2.75 3 16 17 30.25906426880738 0.9303305050859773
2.75 3 17 18 47.31966622852133 0.8508891332551201
2.75 3 18 19 59.96065396503138 0.7806778626817984
2.75 3 19 20 69.21141812586734 0.7182906875608758
2.75 3 20 21 75.84691756084123 0.6625861644466972
2.75 3 21 22 80.45615749665956 0.6126287380771167
2.75 3 22 23 83.49061716375263 0.567644902695006
2.75 3 23 24 85.29896667076878 0.5269900226811
2.75 3 24 25 86.15226674678308 0.4901229232752251
2.75 3 25 26 86.26247024074394 0.4565862189232117
2.75 3 26 27 85.79614887787119 0.4259909306711721
2.75 3 27 28 84.88477599733488 0.3980043452788604
2.75 3 28 29 83.63249797585826 0.3723403507916255
2.75 3 29 30 82.12205577560093 0.3487516808989617
2.75 3 30 31 80.41933110719253 0.3270236452669104
2.75 3 31 32 78.57686102132641 0.3069690255145213
2.75 3 32 33 76.63657251761583 0.2884238930687179
2.75 3 33 34 74.63192294716453 0.2712441610059487
2.75 3 34 35 72.58958455739128 0.2553027254312672
2.75 3 35 36 70.53077700995902 0.2404870820996549
2.75 3 36 37 68.47232637335657 0.2266973294995441
2.75 3 37 38 66.42751040533034 0.2138444875369918
2.75 3 38 39 64.40673592816327 0.2018490755799069
2.75 3 39 40 62.41808361825315 0.190639904351482
2.75 3 40 41 60.46774768687803 0.1801530459582308
2.75 3 41 42 58.56039174451109 0.1703309516015613
2.75 3 42 43 56.69943764907609 0.1611216936434994
2.75 3 43 44 54.8873005623478 0.1524783115634403
2.75 3 44 45 53.12558060527223 0.1443582465532549
2.75 3 45 46 51.41428467224563 0.1368909906478133
2.75 3 46 47 49.75552204643427 0.1306835478098115
2.75 3 47 48 48.14834273792147 0.1258292992736314
2.75 3 48 49 46.59240305535016 0.1223018099505409
2.75 3 49 50 45.08682006473562 0.1194821472269752
3 3.25 0 1 -471.4519309640477 1.754176853524667
3 3.25 1 2 -7594.422687284969 12.61865562165367
3 3.25 2 3 -5736.903002281835 10.69924130312773
3 3.25 3 4 -3752.529544187096 8.282474554820457
3 3.25 4 5 -2467.273973189841 6.563568826839702
3 3.25 5 6 -1646.098736099731 5.340710042353401
3 3.25 6 7 -1111.186295195272 4.441808399502478
3 3.25 7 8 -754.1109541844389 3.759721730346635
3 3.25 8 9 -510.1274085033251 3.227792642295673
3 3.25 9 10 -339.9574897704997 2.803680180362185
3 3.25 10 11 -219.2761311116687 2.459022570790364
3 3.25 11 12 -132.5247238117074 2.174480474407144
3 3.25 12 13 -69.5247343592107 1.936377789966179
3 3.25 13 14 -23.45192787899668 1.734809574020928
3 3.25 14 15 10.36880570113613 1.562441828838194
3 3.25 15 16 35.20286652385721 1.413737987684665
3 3.25 16 17 53.37070423458954 1.284446461834897
3 3.25 17 18 66.54671003628528 1.17125266103233
3 3.25 18 19 75.95558915681613 1.071537419617155
3 3.25 19 20 82.50394590922247 0.9832059321526656
3 3.25 20 21 86.87006210601737 0.9045644359856883
3 3.25 21 22 89.56616898426387 0.8342298674970121
3 3.25 22 23 90.98229394614202 0.7710626994733586
3 3.25 23 24 91.41755982105417 0.7141163412656084
3 3.25 24 25 91.10280875987462 0.6625985501313481
3 3.25 25 26 90.21714360238184 0.6158416717483595
3 3.25 26 27 88.90014953521137 0.57327945215493
3 3.25 27 28 87.26101134380548 0.5344287979039196
3 3.25 28 29 85.38537517798352 0.4988753015456862
3 3.25 29 30 83.34055486470726 0.4662616608222044
3 3.25 30 31 81.17951180462671 0.4362783426108104
3 3.25 31 32 78.94391833809635 0.408656002594372
3 3.25 32 33 76.66653061143279 0.3831592896525287
3 3.25 33 34 74.37303732467888 0.3595817503904173
3 3.25 34 35 72.08350786938689 0.3377416139222439
3 3.25 35 36 69.81353225398249 0.317478285532887
3 3.25 36 37 67.57512245704402 0.2986494149707119
3 3.25 37 38 65.37742809411378 0.2811284329757078
3 3.25 38 39 63.22730677173493 0.2648024720855552
3 3.25 39 40 61.12978015487772 0.2495706035694271
3 3.25 40 41 59.08839980935795 0.2353423363993715
3 3.25 41 42 57.1055414002937 0.2220363344824666
3 3.25 42 43 55.18264185465145 0.209579316060047
3 3.25 43 44 53.32039095668154 0.1979051058273046
3 3.25 44 45 51.51888634439646 0.1869538164404785
3 3.25 45 46 49.7768908140757 0.1767871971304068
3 3.25 46 47 48.09522896788316 0.1678004399889029
3 3.25 47 48 46.47201760287429 0.1600413875546114
3 3.25 48 49 44.90603719982722 0.1534846273407029
3 3.25 49 50 43.39562774074281 0.1476952282644327
3.25 3.5 0 1 -884.661711841123 8.497345948972173
3.25 3.5 1 2 -7306.016569378864 22.89363404106902
3.25 3.5 2 3 -5146.019489264204 16.09808198035527
3.25 3.5 3 4 -3266.811195503364 11.70852076363655
3.25 3.5 4 5 -2095.865985223057 8.951378385446954
3.25 3.5 5 6 -1364.351993325535 7.102259318581208
3.25 3.5 6 7 -896.1163392338995 5.791978419752726
3.25 3.5 7 8 -588.3642863294169 4.823284109734921
3.25 3.5 8 9 -381.1662748031999 4.082927197703493
3.25 3.5 9 10 -238.770410210825 3.502104942342689
3.25 3.5 10 11 -139.3267568691026 3.036534657846305
3.25 3.5 11 12 -69.01602389905247 2.656702831122249
3.25 3.5 12 13 -18.88699306361582 2.342182361287769
3.25 3.5 13 14 17.00748395834034 2.078427783846488
3.25 3.5 14 15 42.70709232469346 1.854821958690829
3.25 3.5 15 16 61.01043801496928 1.663447859722988
3.25 3.5 16 17 73.89041631950863 1.498291114773204
3.25 3.5 17 18 82.75935139827845 1.354707553203053
3.25 3.5 18 19 88.6420089589277 1.22905886254201
3.25 3.5 19 20 92.29079508468737 1.118457804547863
3.25 3.5 20 21 94.26388444928057 1.020586566257303
3.25 3.5 21 22 94.97910058843297 0.9335649885422885
3.25 3.5 22 23 94.75164264107553 0.8558534723572188
3.25 3.5 23 24 93.82086883884097 0.786180417248427
3.25 3.5 24 25 92.36955161385839 0.7234872915578213
3.25 3.5 25 26 90.53787999647528 0.6668865577740694
3.25 3.5 26 27 88.43374936376989 0.6156290950777947
3.25 3.5 27 28 86.14039557330722 0.5690787235234904
3.25 3.5 28 29 83.72210866795456 0.5266920980449055
3.25 3.5 29 30 81.22854360395934 0.488002705032454
3.25 3.5 30 31 78.69799645637374 0.4526080231581947
3.25 3.5 31 32 76.15991113315545 0.4201591470305056
3.25 3.5 32 33 73.63680912190154 0.3903523430847711
3.25 3.5 33 34 71.14578340220709 0.3629221337769061
3.25 3.5 34 35 68.69966086567078 0.3376355992739001
3.25 3.5 35 36 66.30791097436924 0.3142876552482573
3.25 3.5 36 37 63.97735900319174 0.2926971192201768
3.25 3.5 37 38 61.71274798801528 0.2727034166814817
3.25 3.5 38 39 59.51718291533666 0.2541638102093255
3.25 3.5 39 40 57.3924828184941 0.2369510578445433
3.25 3.5 40 41 55.33946059181412 0.2209514258903757
3.25 3.5 41 42 53.35814575667291 0.2060629956632852
3.25 3.5 42 43 51.44796209290264 0.1921942151169709
3.25 3.5 43 44 49.60786945950839 0.1792626556673157
3.25 3.5 44 45 47.83647704242932 0.167193941091415
3.25 3.5 45 46 46.13135873183255 0.1560337457663809
3.25 3.5 46 47 44.49203916107231 0.146162374459093
3.25 3.5 47 48 42.9157776333787 0.1376346387285009
3.25 3.5 48 49 41.4005336258392 0.1304353500218026
3.25 3.5 49 50 39.94393042050181 0.1241397234430627
3.5 3.75 0 1 -1203.376331299283 10.58493541648186
3.5 3.75 1 2 -6564.376484089613 27.74398979481638
3.5 3.75 2 3 -4291.100730739874 16.95731798397433
3.5 3.75 3 4 -2628.284041324943 11.64317660353593
3.5 3.75 4 5 -1634.468408978344 8.588573611395615
3.5 3.75 5 6 -1029.480686705496 6.637829075496142
3.5 3.75 6 7 -650.2988984115166 5.300147639034638
3.5 3.75 7 8 -405.843594046079 4.335027902964928
3.5 3.75 8 9 -244.3551374912636 3.611569588744393
3.5 3.75 9 10 -135.5255541665933 3.053071297603373
3.5 3.75 10 11 -61.11213599739244 2.611554261558176
3.5 3.75 11 12 -9.727413280462088 2.255719260145861
3.5 3.75 12 13 25.91723726102839 1.964290378867771
3.5 3.75 13 14 50.61096418075385 1.722344841949709
3.5 3.75 14 15 67.57257838260557 1.519130897591092
3.5 3.75 15 16 79.00903800991352 1.346722090470498
3.5 3.75 16 17 86.46020257500822 1.199157705016613
3.5 3.75 17 18 91.01696669154774 1.071876901599921
3.5 3.75 18 19 93.46244144991567 0.9613362684656219
3.5 3.75 19 20 94.3652368958675 0.86474529371364
3.5 3.75 20 21 94.14226124882481 0.7798796147681919
3.5 3.75 21 22 93.10172058287145 0.7049467462976573
3.5 3.75 22 23 91.47301602790304 0.6384879444594984
3.5 3.75 23 24 89.42782131012052 0.5793054123241219
3.5 3.75 24 25 87.09513041126564 0.5264075732497934
3.5 3.75 25 26 84.57212360772468 0.4789674208183938
3.5 3.75 26 27 81.9320956561034 0.4362904640941838
3.5 3.75 27 28 79.23029512052716 0.3977898025567522
3.5 3.75 28 29 76.50826217005473 0.3629665606299528
3.5 3.75 29 30 73.79707603652403 0.3313943943381946
3.5 3.75 30 31 71.11980339267885 0.3027071231717478
3.5 3.75 31 32 68.49335605003813 0.2765887824200154
3.5 3.75 32 33 65.92990856888548 0.2527655667210165
3.5 3.75 33 34 63.43798559352231 0.230999263390856
3.5 3.75 34 35 61.02329965974582 0.2110818687507146
3.5 3.75 35 36 58.68939930638552 0.1928311504403093
3.5 3.75 36 37 56.43817215127578 0.1760869723252165
3.5 3.75 37 38 54.27023651578006 0.1607082386236108
3.5 3.75 38 39 52.18524697702436 0.146570344338843
3.5 3.75 39 40 50.18213315261478 0.133563043859233
3.5 3.75 40 41 48.25928653712434 0.1215886678692053
3.5 3.75 41 42 46.41470670589783 0.1105606336572593
3.5 3.75 42 43 44.64611567740519 0.100402206766303
3.5 3.75 43 44 42.95104728114045 0.09104548113040324
3.5 3.75 44 45 41.3269167900646 0.08243055436180327
3.5 3.75 45 46 39.77042920754999 0.07469167631296958
3.5 3.75 46 47 38.28001087479126 0.06854448764419624
3.5 3.75 47 48 36.85236133663537 0.06418334001839898
3.5 3.75 48 49 35.48486795225948 0.06162630152517971
3.5 3.75 49 50 34.17468103116191 0.06015637159402973
3.75 4 0 1 -1294.030652921276 1.719981609756781
3.75 4 1 2 -5274.106086656509 27.62761911377126
3.75 4 2 3 -3172.842174812202 12.252044527941
3.75 4 3 4 -1853.393295598278 6.937179458947874
3.75 4 4 5 -1102.101850613277 4.400061435956423
3.75 4 5 6 -659.889890503176 2.979512185142063
3.75 4 6 7 -390.5202684337287 2.103157988411427
3.75 4 7 8 -221.4855625923929 1.526337986944983
3.75 4 8 9 -112.8450247541464 1.129153291266891
3.75 4 9 10 -41.75779513588179 0.8467856840459137
3.75 4 10 11 5.259040094826332 0.6420013283228319
3.75 4 11 12 36.47441169741921 0.4921609672117447
3.75 4 12 13 57.09712998818247 0.3830978519667321
3.75 4 13 14 70.4983284564363 0.3353805879263775
3.75 4 14 15 78.91069122721149 0.307243031072519
3.75 4 15 16 83.84282289145034 0.2822720092457252
3.75 4 16 17 86.33181247955605 0.2600046302145351
3.75 4 17 18 87.10118646775987 0.2400602860102111
3.75 4 18 19 86.6620307187867 0.2221237697479246
3.75 4 19 20 85.37911297068638 0.2059322537780167
3.75 4 20 21 83.51495106404872 0.2094772965289072
3.75 4 21 22 81.25969003984159 0.2145429700206282
3.75 4 22 23 78.75167209316319 0.2191896620959699
3.75 4 23 24 76.09179594904427 0.2231565332909211
3.75 4 24 25 73.35366623486371 0.2263507600084738
3.75 4 25 26 70.59084785315841 0.2287691485014964
3.75 4 26 27 67.84210351295937 0.2304538830282258
3.75 4 27 28 65.13520936859075 0.2314679081396925
3.75 4 28 29 62.48975730636548 0.2318814301512462
3.75 4 29 30 59.91922779810267 0.2317646909563568
3.75 4 30 31 57.43253294936605 0.2311842763953198
3.75 4 31 32 55.03517152393236 0.2302014094286443
3.75 4 32 33 52.7300976242642 0.2288713470983726
3.75 4 33 34 50.51837661270159 0.2272433767916438
3.75 4 34 35 48.39968195827797 0.2253611236983565
3.75 4 35 36 46.37267246988388 0.2232630039870641
3.75 4 36 37 44.43527912962733 0.2209827306933584
3.75 4 37 38 42.58492330694408 0.2185498212523294
3.75 4 38 39 40.81868267011768 0.215990078958336
3.75 4 39 40 39.13341708816237 0.2133260360916656
3.75 4 40 41 37.5258638745274 0.2105773535742456
3.75 4 41 42 35.99270943991537 0.2077611768747845
3.75 4 42 43 34.53064277872517 0.2048924505737482
3.75 4 43 44 33.13639498571278 0.2019841945292086
3.75 4 44 45 31.80676796566563 0.1990477457680043
3.75 4 45 46 30.53817382211044 0.1961432725673104
3.75 4 46 47 29.32837895368082 0.1934561537607404
3.75 4 47 48 28.17402716599632 0.1909993073425153
3.75 4 48 49 27.07236895219718 0.1887543333838069
3.75 4 49 50 26.02050041549855 0.1865679362196457
4 5 0 1 -1802.025169816812 3.159579444489456
4 5 1 2 -5323.224238191082 8.798950685466846
4 5 2 3 -2758.278928620279 6.555567734331756
4 5 3 4 -1446.748728770008 4.881179509375505
4 5 4 5 -764.9276914675042 3.545647039407614
4 5 5 6 -390.9501201273583 2.589854465097294
4 5 6 7 -177.8553233091964 1.937686157976994
4 5 7 8 -53.10787122432589 1.497462051882514
4 5 8 9 21.10651683791468 1.199379599731648
4 5 9 10 65.42318164715221 0.994708816551842
4 5 10 11 91.48878888374043 0.8515752735076755
4 5 11 12 106.1751231807559 0.7485748030953495
4 5 12 13 113.6443281895085 0.6720652587059074
4 5 13 14 116.490127212396 0.6131709498005016
4 5 14 15 116.3654871808274 0.5662037959638565
4 5 15 16 114.34356033131 0.5274955666112704
4 5 16 17 111.1313519371342 0.4946620620228621
4 5 17 18 107.1997424088738 0.4661342778277192
4 5 18 19 102.8645677162266 0.4408626868934843
4 5 19 20 98.33829145439987 0.418131416009685
4 5 20 21 93.76357386991114 0.3974412799479702
4 5 21 22 89.2354517452396 0.3784357292865227
4 5 22 23 84.8162115411279 0.3608535568817773
4 5 23 24 80.54549213451776 0.3444983699010379
4 5 24 25 76.44722387134871 0.3292186427213422
4 5 25 26 72.53443994645278 0.3148945129806366
4 5 26 27 68.81263889488949 0.3014289195826905
4 5 27 28 65.2821493875348 0.2887415678520894
4 5 28 29 61.93980125696297 0.2767647585064198
4 5 29 30 58.78010987139668 0.2654404588990385
4 5 30 31 55.79611659776972 0.2547182126195052
4 5 31 32 52.97998464912854 0.2445536223808258
4 5 32 33 50.32342001544201 0.2349072288717321
4 5 33 34 47.81796679269819 0.2257436680654239
4 5 34 35 45.45521205313555 0.2170310256977434
4 5 35 36 43.22692544477064 0.2087403340028693
4 5 36 37 41.12515168166897 0.200845172432097
4 5 37 38 39.14226908648951 0.1933213461992752
4 5 38 39 37.27102374262276 0.1861466219536741
4 5 39 40 35.50454622370625 0.1793005088657246
4 5 40 41 33.83635601784174 0.1727640735971375
4 5 41 42 32.2603573538409 0.166519783493577
4 5 42 43 30.77082914622924 0.1605513703502148
4 5 43 44 29.36241109095854 0.1548437131806072
4 5 44 45 28.0300873145495 0.1493827345698605
4 5 45 46 26.76869277845525 0.1445711833869069
4 5 46 47 25.57430746890684 0.1418907704164994
4 5 47 48 24.44241808030147 0.1412939708383539
4 5 48 49 23.369261347602 0.1423068387723798
4 5 49 50 22.3507553215103 0.1436553517229215
-5 5 0 50 -822593.8335888343 100.5838802181582
