#ylo yhi qTlo qThi PDF0  uncertainty
-5 -4 0 1 -132.2594894824589 1.758399128180047
-5 -4 1 2 -3846.22970154692 7.921055568804209
-5 -4 2 3 -2650.385425856973 7.26370953858535
-5 -4 3 4 -1587.777895912948 5.063927877882009
-5 -4 4 5 -958.4781029886217 3.399498197809199
-5 -4 5 6 -584.7055402871963 2.627745919575359
-5 -4 6 7 -356.9480520640252 2.12494649859539
-5 -4 7 8 -214.5135626909271 1.695114670135102
-5 -4 8 9 -123.2289816420255 1.36671545683829
-5 -4 9 10 -63.49108776504534 1.138784235990669
-5 -4 10 11 -23.84839961725231 0.9789078204724941
-5 -4 11 12 2.67536678926183 0.8621998408199372
-5 -4 12 13 20.44495837580644 0.773251232249893
-5 -4 13 14 32.25807208368985 0.7024316066523252
-5 -4 14 15 39.9551166279175 0.6445878144518236
-5 -4 15 16 44.77877779223951 0.5965246100223215
-5 -4 16 17 47.58355356090937 0.5555310698465836
-5 -4 17 18 48.96348955467636 0.5195162176333692
-5 -4 18 19 49.33588762314787 0.4872559491033578
-5 -4 19 20 48.99761044426083 0.458124387718602
-5 -4 20 21 48.16240181509261 0.4316986749412855
-5 -4 21 22 46.9854356224927 0.4075774908119915
-5 -4 22 23 45.57982741778886 0.3853868270921021
-5 -4 23 24 44.02816154634419 0.3648266288453059
-5 -4 24 25 42.39075589137207 0.3456821393286081
-5 -4 25 26 40.71163675244256 0.3278023322256758
-5 -4 26 27 39.02285289985946 0.311071686963082
-5 -4 27 28 37.34759045221421 0.2953913900592301
-5 -4 28 29 35.70243560818425 0.2806717620482391
-5 -4 29 30 34.09903639629154 0.2668311909878244
-5 -4 30 31 32.54533763490043 0.2537968993917367
-5 -4 31 32 31.04650751135142 0.2415051715491482
-5 -4 32 33 29.60563700433428 0.2299005818893639
-5 -4 33 34 28.22426949529049 0.2189346315874416
-5 -4 34 35 26.90280236890597 0.2085643056350417
-5 -4 35 36 25.64079176892405 0.1987508648635945
-5 -4 36 37 24.43718400149988 0.1894589703160845
-5 -4 37 38 23.29049134436782 0.1806561034787319
-5 -4 38 39 22.19892564028819 0.1723121930232264
-5 -4 39 40 21.16049974352602 0.1643993668355873
-5 -4 40 41 20.17310444583283 0.1568917674562613
-5 -4 41 42 19.23456656873117 0.1497653959485657
-5 -4 42 43 18.34269259650641 0.1429979678323073
-5 -4 43 44 17.49530117078616 0.1365687757655219
-5 -4 44 45 16.69024696980052 0.1304585580821069
-5 -4 45 46 15.92501367411175 0.1249606429610647
-5 -4 46 47 15.19819126169414 0.1211779218801243
-5 -4 47 48 14.50742668136627 0.1190704998449835
-5 -4 48 49 13.85087523564208 0.1182849629724324
-5 -4 49 50 13.22649343627453 0.1178341906153204
-4 -3.75 0 1 1108.404353921718 1.09076949897332
-4 -3.75 1 2 -2640.103430494769 1.021933210498727
-4 -3.75 2 3 -2667.052995538449 18.15044323779498
-4 -3.75 3 4 -1809.147481564944 10.44775043840815
-4 -3.75 4 5 -1197.504811673688 6.741686169650832
-4 -3.75 5 6 -799.2007578563059 4.650303872840888
-4 -3.75 6 7 -539.5425497951503 3.349676104956573
-4 -3.75 7 8 -367.0705631980925 2.485970553201942
-4 -3.75 8 9 -250.0178245642687 1.884815489278705
-4 -3.75 9 10 -168.9537402040212 1.45135268149944
-4 -3.75 10 11 -111.8606010286571 1.130398084786914
-4 -3.75 11 12 -71.08667095070371 0.8878120544215403
-4 -3.75 12 13 -41.65607852959226 0.7016108987561602
-4 -3.75 13 14 -20.25380589711756 0.557132137755574
-4 -3.75 14 15 -4.623223659688961 0.4443360462814263
-4 -3.75 15 16 6.801993284800346 0.3562177718786353
-4 -3.75 16 17 15.12807944850238 0.2878286418633476
-4 -3.75 17 18 21.14846765176856 0.2522315071527569
-4 -3.75 18 19 25.44006024295481 0.2326878660271787
-4 -3.75 19 20 28.42741297348988 0.2150239853845636
-4 -3.75 20 21 30.42631075985184 0.1990092903116154
-4 -3.75 21 22 31.67384677569004 0.1844481609602511
-4 -3.75 22 23 32.34950125045214 0.1711737252502232
-4 -3.75 23 24 32.59011781899272 0.1590428819323647
-4 -3.75 24 25 32.50067867932168 0.1479322928220351
-4 -3.75 25 26 32.16214657772872 0.1377415746668047
-4 -3.75 26 27 31.63723238601602 0.1395940243327513
-4 -3.75 27 28 30.97467805715289 0.1413808557768519
-4 -3.75 28 29 30.21246537218246 0.1428900587827336
-4 -3.75 29 30 29.38023950032036 0.1440180305815696
-4 -3.75 30 31 28.50115324242338 0.1447263633383443
-4 -3.75 31 32 27.59328011153204 0.1450145846581275
-4 -3.75 32 33 26.67070390868398 0.1449033486584674
-4 -3.75 33 34 25.74436374896611 0.1444242134396063
-4 -3.75 34 35 24.82271292825025 0.1436135023443084
-4 -3.75 35 36 23.91223515289694 0.142508678517682
-4 -3.75 36 37 23.01785081242235 0.1411462631004586
-4 -3.75 37 38 22.143238020106 0.139560699290369
-4 -3.75 38 39 21.29108723017285 0.1377837924892605
-4 -3.75 39 40 20.46330382088298 0.1358444983923638
-4 -3.75 40 41 19.66116978791472 0.1337689170829699
-4 -3.75 41 42 18.88547307425303 0.1315804047643495
-4 -3.75 42 43 18.13661128086188 0.1292997484800176
-4 -3.75 43 44 17.41467496314431 0.1269453699432667
-4 -3.75 44 45 16.71951462385907 0.1245335384225918
-4 -3.75 45 46 16.05034541454045 0.1221275743105728
-4 -3.75 46 47 15.40752195913569 0.1199091582835414
-4 -3.75 47 48 14.79000628893351 0.1178855470390525
-4 -3.75 48 49 14.19713869945605 0.1160321172202594
-4 -3.75 49 50 13.62809766750396 0.1141979654670771
-3.75 -3.5 0 1 2557.770761874967 7.43180772184335
-3.75 -3.5 1 2 -2149.361829097395 0.7568562338982359
-3.75 -3.5 2 3 -3278.726301502588 18.17915927783923
-3.75 -3.5 3 4 -2397.470678585161 12.9698527209015
-3.75 -3.5 4 5 -1661.921339944702 9.756175761960169
-3.75 -3.5 5 6 -1152.884412338777 7.628496847347774
-3.75 -3.5 6 7 -808.1864339958374 6.136900946955983
-3.75 -3.5 7 8 -572.4520656654868 5.044625643193542
-3.75 -3.5 8 9 -408.3959579417369 4.217223326301451
-3.75 -3.5 9 10 -292.1058790052016 3.573549142439457
-3.75 -3.5 10 11 -208.320018233456 3.061807537602627
-3.75 -3.5 11 12 -147.0815436653015 2.647638510239145
-3.75 -3.5 12 13 -101.7877909903442 2.307388244571962
-3.75 -3.5 13 14 -67.96534205790783 2.024292229852832
-3.75 -3.5 14 15 -42.52298845015662 1.786166656789503
-3.75 -3.5 15 16 -23.28529857835315 1.583963374478399
-3.75 -3.5 16 17 -8.695699216745197 1.410835449039037
-3.75 -3.5 17 18 2.376348224379058 1.261515557452996
-3.75 -3.5 18 19 10.76303667805871 1.131892092121841
-3.75 -3.5 19 20 17.08434530289753 1.01871367923426
-3.75 -3.5 20 21 21.8071459679029 0.9193791484415665
-3.75 -3.5 21 22 25.28641189085795 0.8317856083024386
-3.75 -3.5 22 23 27.79436945174103 0.7542168079125606
-3.75 -3.5 23 24 29.54139813976758 0.6852599236515879
-3.75 -3.5 24 25 30.69119948682356 0.6237427240553268
-3.75 -3.5 25 26 31.37193129722567 0.5686855564964488
-3.75 -3.5 26 27 31.68446561471251 0.5192642588368617
-3.75 -3.5 27 28 31.70857229058413 0.4747812220896052
-3.75 -3.5 28 29 31.50759031754882 0.4346426030882358
-3.75 -3.5 29 30 31.13198565528518 0.3983402261472525
-3.75 -3.5 30 31 30.62208153092416 0.3654370938487453
-3.75 -3.5 31 32 30.01016840412007 0.3355557014799234
-3.75 -3.5 32 33 29.32214514788808 0.3083685467631151
-3.75 -3.5 33 34 28.57880330730737 0.2835903730434498
-3.75 -3.5 34 35 27.7968376937491 0.2609717902660575
-3.75 -3.5 35 36 26.98964576335518 0.2402939993379687
-3.75 -3.5 36 37 26.16796296980465 0.2213644056526293
-3.75 -3.5 37 38 25.3403700147712 0.2040129531283712
-3.75 -3.5 38 39 24.51369950274521 0.1880890461265861
-3.75 -3.5 39 40 23.69336317185898 0.1734589530409497
-3.75 -3.5 40 41 22.88361620678054 0.1600036069042816
-3.75 -3.5 41 42 22.08777133742795 0.1476167348710719
-3.75 -3.5 42 43 21.30837285700224 0.136203260950281
-3.75 -3.5 43 44 20.54733840094227 0.1256779375719242
-3.75 -3.5 44 45 19.80607475452807 0.1159641686546971
-3.75 -3.5 45 46 19.08496547782522 0.1070674683890077
-3.75 -3.5 46 47 18.38582366923588 0.09921256664064054
-3.75 -3.5 47 48 17.70841174179499 0.09240129909362912
-3.75 -3.5 48 49 17.05288889886545 0.08658597914007983
-3.75 -3.5 49 50 16.41914004763372 0.08146003855155612
-3.5 -3.25 0 1 4162.473905033606 3.104037149317257
-3.5 -3.25 1 2 -1113.219152374819 15.28396226151076
-3.5 -3.25 2 3 -3587.506609043447 14.79053665517831
-3.5 -3.25 3 4 -2810.952149001102 11.68800158801397
-3.5 -3.25 4 5 -2022.146078522023 9.290173304869723
-3.5 -3.25 5 6 -1443.736780436308 7.537144845665134
-3.5 -3.25 6 7 -1039.072680425284 6.233580373575253
-3.5 -3.25 7 8 -755.7102207975342 5.239560455624064
-3.5 -3.25 8 9 -554.6280584540862 4.463382345998123
-3.5 -3.25 9 10 -409.5953981783668 3.844850725316939
-3.5 -3.25 10 11 -303.3758066121559 3.343198398030765
-3.5 -3.25 11 12 -224.4837724497206 2.930227970873058
-3.5 -3.25 12 13 -165.1754977977243 2.5858745167174
-3.5 -3.25 13 14 -120.1312416978581 2.295534727155339
-3.5 -3.25 14 15 -85.63031943258591 2.048359182264186
-3.5 -3.25 15 16 -59.02567246569663 1.83613856045365
-3.5 -3.25 16 17 -38.40412417193147 1.652559260475593
-3.5 -3.25 17 18 -22.36287613023899 1.492694577342478
-3.5 -3.25 18 19 -9.859856900280192 1.352649666542329
-3.5 -3.25 19 20 -0.1117880780175255 1.229309139073377
-3.5 -3.25 20 21 7.476381915497996 1.120154543369684
-3.5 -3.25 21 22 13.36107322589226 1.023130325758616
-3.5 -3.25 22 23 17.89542308324064 0.9365439936115266
-3.5 -3.25 23 24 21.35480810827204 0.8589907873577237
-3.5 -3.25 24 25 23.95549346864772 0.7892961672930778
-3.5 -3.25 25 26 25.86841088297234 0.7264714206735853
-3.5 -3.25 26 27 27.22944211306856 0.6696790496270932
-3.5 -3.25 27 28 28.1471669538335 0.6182055325909712
-3.5 -3.25 28 29 28.70875210309339 0.5714397023693052
-3.5 -3.25 29 30 28.9844633944864 0.5288554446984368
-3.5 -3.25 30 31 29.03114934275635 0.489997749328148
-3.5 -3.25 31 32 28.89494940656056 0.4544713858313534
-3.5 -3.25 32 33 28.61341327053569 0.4219316491842448
-3.5 -3.25 33 34 28.21716934410836 0.3920767505795646
-3.5 -3.25 34 35 27.73124582281341 0.3646415248580123
-3.5 -3.25 35 36 27.17612221269036 0.3393921981075168
-3.5 -3.25 36 37 26.56857044409193 0.3161220144911068
-3.5 -3.25 37 38 25.92233080669965 0.2946475638228079
-3.5 -3.25 38 39 25.24865748877161 0.2748056828955593
-3.5 -3.25 39 40 24.5567606243296 0.2564508300969987
-3.5 -3.25 40 41 23.85416591157602 0.239452851445539
-3.5 -3.25 41 42 23.14700808762788 0.2236950723578913
-3.5 -3.25 42 43 22.44027132477639 0.209072661735216
-3.5 -3.25 43 44 21.73798667394297 0.1954912244361572
-3.5 -3.25 44 45 21.04339472256741 0.1828655858262698
-3.5 -3.25 45 46 20.35834884972344 0.1711753894732626
-3.5 -3.25 46 47 19.68630988934916 0.1605645559049343
-3.5 -3.25 47 48 19.02812062255789 0.1510045050666073
-3.5 -3.25 48 49 18.384992511923 0.1424329182285132
-3.5 -3.25 49 50 17.75774324071151 0.1345960377037163
-3.25 -3 0 1 5732.164663050734 5.96574397134362
-3.25 -3 1 2 207.9234951195517 2.675773087474972
-3.25 -3 2 3 -3656.646784187775 7.985073023062649
-3.25 -3 3 4 -3066.982581949983 7.315034008932811
-3.25 -3 4 5 -2279.868826835211 6.217157798139584
-3.25 -3 5 6 -1667.091689069833 5.255401622176539
-3.25 -3 6 7 -1224.997011107439 4.47480835469824
-3.25 -3 7 8 -908.8300842376541 3.84675482015597
-3.25 -3 8 9 -680.6946154750033 3.337605083909264
-3.25 -3 9 10 -513.7672217011843 2.920330831833081
-3.25 -3 10 11 -389.8963366366479 2.574247790859679
-3.25 -3 11 12 -296.7364511393935 2.284038657688393
-3.25 -3 12 13 -225.8347628601757 2.038218813224366
-3.25 -3 13 14 -171.3113844420598 1.828102135449591
-3.25 -3 14 15 -129.0098895007557 1.647037608904395
-3.25 -3 15 16 -95.94536048828741 1.48986776508414
-3.25 -3 16 17 -69.94201309849302 1.352544133884429
-3.25 -3 17 18 -49.39186816590666 1.231851990351371
-3.25 -3 18 19 -33.09150344168779 1.125211169078693
-3.25 -3 19 20 -20.1298719772991 1.030530190446459
-3.25 -3 20 21 -9.8100327836612 0.946098131642148
-3.25 -3 21 22 -1.593752241784841 0.8705035269743993
-3.25 -3 22 23 4.938237134672022 0.8025728528281157
-3.25 -3 23 24 10.1151042514382 0.7413233683310135
-3.25 -3 24 25 14.19713328629064 0.6859265973134173
-3.25 -3 25 26 17.39148161722545 0.6356797828664481
-3.25 -3 26 27 19.86400243469421 0.5899833766839109
-3.25 -3 27 28 21.74819733673945 0.5483231393886123
-3.25 -3 28 29 23.15205422767235 0.5102557969343764
-3.25 -3 29 30 24.16331196778128 0.4753974625554394
-3.25 -3 30 31 24.85354408450911 0.4434142268142666
-3.25 -3 31 32 25.28134853299167 0.4140144607951883
-3.25 -3 32 33 25.49485540014206 0.3869424817977388
-3.25 -3 33 34 25.53371039209588 0.3619733110475039
-3.25 -3 34 35 25.4306526053154 0.3389083114853492
-3.25 -3 35 36 25.21277626277549 0.3175715391637431
-3.25 -3 36 37 24.9025447393162 0.2978066773086089
-3.25 -3 37 38 24.51860934074344 0.279474447599029
-3.25 -3 38 39 24.07647333301048 0.2624504153975342
-3.25 -3 39 40 23.58903265537415 0.2466231209440274
-3.25 -3 40 41 23.06701802180365 0.2318924820977156
-3.25 -3 41 42 22.51935756544177 0.2181684239269022
-3.25 -3 42 43 21.95347547676477 0.2053696988797898
-3.25 -3 43 44 21.37553861227437 0.1934228673775446
-3.25 -3 44 45 20.79066080809477 0.1822614144545764
-3.25 -3 45 46 20.20225248632968 0.1718894832681238
-3.25 -3 46 47 19.61541292697078 0.1624927993118659
-3.25 -3 47 48 19.03217025668408 0.1540547691641985
-3.25 -3 48 49 18.45486217811681 0.1465179220122384
-3.25 -3 49 50 17.88531711207125 0.139608219705293
-3 -2.75 0 1 7157.702991968009 5.978617793578207
-3 -2.75 1 2 1576.692102767771 1.23823065918462
-3 -2.75 2 3 -3588.320554576715 4.365213968017922
-3 -2.75 3 4 -3213.167900520879 4.473327086064973
-3 -2.75 4 5 -2457.144735853714 3.965357225979321
-3 -2.75 5 6 -1832.274702407004 3.431791065342723
-3 -2.75 6 7 -1368.681198454925 2.968274321157737
-3 -2.75 7 8 -1031.037379542279 2.581334808861392
-3 -2.75 8 9 -783.9743149980609 2.259973466894718
-3 -2.75 9 10 -601.0596384786118 1.992124710887649
-3 -2.75 10 11 -463.8890873108826 1.767035274148846
-3 -2.75 11 12 -359.7078503630964 1.576303246243755
-3 -2.75 12 13 -279.6620359532678 1.413340904092496
-3 -2.75 13 14 -217.5252795377764 1.273019009341307
-3 -2.75 14 15 -168.8559783736641 1.151324643830567
-3 -2.75 15 16 -130.4390798574784 1.045093520954852
-3 -2.75 16 17 -99.91438462902852 0.9518080334671682
-3 -2.75 17 18 -75.52625522273206 0.869446574773413
-3 -2.75 18 19 -55.95275893320513 0.7963711360355745
-3 -2.75 19 20 -40.18734687031429 0.7312430424034004
-3 -2.75 20 21 -27.45574187777083 0.6729593195666767
-3 -2.75 21 22 -17.1567561770928 0.6206042340017853
-3 -2.75 22 23 -8.819601847760623 0.5734120641481285
-3 -2.75 23 24 -2.072723824539594 0.5307382470715042
-3 -2.75 24 25 3.379212864089027 0.4920368247259482
-3 -2.75 25 26 7.772494281264017 0.4568426680532303
-3 -2.75 26 27 11.29729586253484 0.4247573560500304
-3 -2.75 27 28 14.10752030159341 0.3954378733451178
-3 -2.75 28 29 16.32834163148806 0.3685875001304209
-3 -2.75 29 30 18.06203613438601 0.3439484182902541
-3 -2.75 30 31 19.3925224595273 0.3212956730356722
-3 -2.75 31 32 20.38892108541444 0.3004322110563976
-3 -2.75 32 33 21.10836294813379 0.2811847802027367
-3 -2.75 33 34 21.59821901103436 0.2634005228921357
-3 -2.75 34 35 21.89788017399746 0.2469441307892414
-3 -2.75 35 36 22.04018576748268 0.231695457064393
-3 -2.75 36 37 22.0525757140565 0.2175475036958668
-3 -2.75 37 38 21.95802418808987 0.2044047164491471
-3 -2.75 38 39 21.77579955026877 0.1921815357556144
-3 -2.75 39 40 21.52208540883117 0.180801158994664
-3 -2.75 40 41 21.21049028569797 0.1701944801672025
-3 -2.75 41 42 20.8524672432826 0.1602991778664501
-3 -2.75 42 43 20.45766076369165 0.1510589279917998
-3 -2.75 43 44 20.03419429815449 0.1424227225517865
-3 -2.75 44 45 19.58890944649627 0.1343442772073272
-3 -2.75 45 46 19.12668223977113 0.1268780358394948
-3 -2.75 46 47 18.65410216681934 0.1203453730871172
-3 -2.75 47 48 18.17433530138817 0.1147587832204791
-3 -2.75 48 49 17.69078799305699 0.1100622853329026
-3 -2.75 49 50 17.15957537104079 0.7868975518542054
-2.75 -2.5 0 1 8426.383292515051 5.549307856359253
-2.75 -2.5 1 2 2888.699075575558 4.122967039447297
-2.75 -2.5 2 3 -3449.716471919975 1.308854058624512
-2.75 -2.5 3 4 -3289.404230219458 2.000274188870592
-2.75 -2.5 4 5 -2577.993067398296 1.995795301110116
-2.75 -2.5 5 6 -1953.913268220469 1.838362073679981
-2.75 -2.5 6 7 -1479.026816915161 1.656491906070483
-2.75 -2.5 7 8 -1127.637506576498 1.484659434131973
-2.75 -2.5 8 9 -867.4566823685832 1.330937110072641
-2.75 -2.5 9 10 -672.9414166109507 1.196392366855685
-2.75 -2.5 10 11 -525.8119327371855 1.07901920986406
-2.75 -2.5 11 12 -413.1797777995159 0.9766136182162372
-2.75 -2.5 12 13 -325.9876866516408 0.8869944923195208
-2.75 -2.5 13 14 -257.8051385027661 0.8082448793916186
-2.75 -2.5 14 15 -204.0086432191399 0.7387393366271187
-2.75 -2.5 15 16 -161.2287805147848 0.6771192978803017
-2.75 -2.5 16 17 -126.9771552686468 0.6222544809585764
-2.75 -2.5 17 18 -99.39266373556143 0.573204297473304
-2.75 -2.5 18 19 -77.06687494694972 0.5291838531550249
-2.75 -2.5 19 20 -58.92227776123411 0.4895355086741913
-2.75 -2.5 20 21 -44.12625205174129 0.4537056462953031
-2.75 -2.5 21 22 -32.02948826836132 0.4212258886019268
-2.75 -2.5 22 23 -22.12135769672454 0.3916979722353497
-2.75 -2.5 23 24 -13.99718723028707 0.3647815645021875
-2.75 -2.5 24 25 -7.333998298610254 0.3401844286945273
-2.75 -2.5 25 26 -1.872335393264621 0.3176544571821568
-2.75 -2.5 26 27 2.597475316268174 0.2969731906344326
-2.75 -2.5 27 28 6.245810542795368 0.2779505215946287
-2.75 -2.5 28 29 9.21181650119172 0.2604203454161354
-2.75 -2.5 29 30 11.60966367113747 0.2442369717151876
-2.75 -2.5 30 31 13.5334320821122 0.2292721491403452
-2.75 -2.5 31 32 15.0609530064325 0.215412587059646
-2.75 -2.5 32 33 16.2568492800923 0.2025578813856886
-2.75 -2.5 33 34 17.17495583046963 0.1906187717144117
-2.75 -2.5 34 35 17.86025758177192 0.1795156692804227
-2.75 -2.5 35 36 18.35044916435731 0.1691774100382179
-2.75 -2.5 36 37 18.67719645016757 0.1595401924710046
-2.75 -2.5 37 38 18.86716170177255 0.1505466714152741
-2.75 -2.5 38 39 18.94284030285269 0.1421451797598929
-2.75 -2.5 39 40 18.92324648847216 0.1342890595675424
-2.75 -2.5 40 41 18.82447765524765 0.1269360845905403
-2.75 -2.5 41 42 18.66018028371334 0.1200479593503913
-2.75 -2.5 42 43 18.4419361869742 0.1135898845803941
-2.75 -2.5 43 44 18.17958360516243 0.1075301782186857
-2.75 -2.5 44 45 17.88148507172411 0.101839943861224
-2.75 -2.5 45 46 17.55382184600211 0.09663162072685261
-2.75 -2.5 46 47 17.20448607656624 0.09239435225962331
-2.75 -2.5 47 48 16.83766936899195 0.08916067917395291
-2.75 -2.5 48 49 16.41081269248161 0.9100377601789864
-2.75 -2.5 49 50 16.06464606400647 1.142464299161625
-2.5 -2.25 0 1 9559.570503261928 3.837999293073983
-2.5 -2.25 1 2 4100.325959594012 3.384442517894469
-2.5 -2.25 2 3 -3286.712153750309 1.22377993175576
-2.5 -2.25 3 4 -3324.573634945878 1.387578564744107
-2.5 -2.25 4 5 -2659.754213942454 1.31054788274458
-2.5 -2.25 5 6 -2042.509500354749 1.191724376778449
-2.5 -2.25 6 7 -1562.474836637135 1.073534029992781
-2.5 -2.25 7 8 -1202.596553467433 0.9663211432339267
-2.5 -2.25 8 9 -933.5548046550271 0.8724364393334398
-2.5 -2.25 9 10 -730.8263653861613 0.795483626407428
-2.5 -2.25 10 11 -576.4209295754088 0.7260063546642362
-2.5 -2.25 11 12 -457.4688538416235 0.6637940866061599
-2.5 -2.25 12 13 -364.8321877013029 0.6081974691410398
-2.5 -2.25 13 14 -291.9715402313275 0.5584848080732933
-2.5 -2.25 14 15 -234.1544567507751 0.5139509796015739
-2.5 -2.25 15 16 -187.9128034188161 0.4739573371684687
-2.5 -2.25 16 17 -150.6725915934676 0.4379418100699753
-2.5 -2.25 17 18 -120.5000517850278 0.4054164900003946
-2.5 -2.25 18 19 -95.92568806087468 0.3759604614622784
-2.5 -2.25 19 20 -75.82089781954107 0.3492113422992761
-2.5 -2.25 20 21 -59.31036208841533 0.3248570378441369
-2.5 -2.25 21 22 -45.70905874430105 0.3026282951772398
-2.5 -2.25 22 23 -34.47643280131274 0.2822922301012898
-2.5 -2.25 23 24 -25.18266915272989 0.2636468065084795
-2.5 -2.25 24 25 -17.48360412367686 0.2465161786351914
-2.5 -2.25 25 26 -11.10187464456828 0.2307467804018704
-2.5 -2.25 26 27 -5.812620283475212 0.2162040480681365
-2.5 -2.25 27 28 -1.432542755354916 0.2027696745109436
-2.5 -2.25 28 29 2.188534607794452 0.1903393042387996
-2.5 -2.25 29 30 5.174228860179142 0.1788205956251563
-2.5 -2.25 30 31 7.626735810339028 0.1681315872199883
-2.5 -2.25 31 32 9.630880770068075 0.1581993155413348
-2.5 -2.25 32 33 11.25733206968926 0.1489586436873887
-2.5 -2.25 33 34 12.56516551839826 0.1403512631264754
-2.5 -2.25 34 35 13.60392229077149 0.1323248429645977
-2.5 -2.25 35 36 14.41526896705784 0.1248322996529992
-2.5 -2.25 36 37 15.0343432243219 0.1178311708974768
-2.5 -2.25 37 38 15.49084978986895 0.1112830748921098
-2.5 -2.25 38 39 15.80995692141119 0.1051532430503162
-2.5 -2.25 39 40 16.01303270502171 0.09941011512331788
-2.5 -2.25 40 41 16.11825228982056 0.09402498626199816
-2.5 -2.25 41 42 16.14110033650508 0.08897169956040243
-2.5 -2.25 42 43 16.09478845221017 0.08422637738246583
-2.5 -2.25 43 44 15.9906029632397 0.07976718463613931
-2.5 -2.25 44 45 15.83819567460242 0.07557412209733667
-2.5 -2.25 45 46 15.64485997466508 0.07183489754933647
-2.5 -2.25 46 47 15.41959587294488 0.06928964568104565
-2.5 -2.25 47 48 15.12011577064524 1.047068161366796
-2.5 -2.25 48 49 14.84428412587414 0.9555412702961016
-2.5 -2.25 49 50 14.59912635290922 1.205192084639699
-2.25 -2 0 1 10581.30208755404 2.72073270527037
-2.25 -2 1 2 5187.44197651424 11.96166031421791
-2.25 -2 2 3 -3165.852744532032 1.142785520668801
-2.25 -2 3 4 -3381.077565926721 1.328224147278289
-2.25 -2 4 5 -2750.799577196816 1.262067730473858
-2.25 -2 5 6 -2132.497145825416 1.153576705905087
-2.25 -2 6 7 -1642.38317842134 1.044980900379354
-2.25 -2 7 8 -1271.111140390789 0.9454801818254923
-2.25 -2 8 9 -991.6190675987436 0.8572581652145327
-2.25 -2 9 10 -779.913429874905 0.7789797960938545
-2.25 -2 10 11 -617.9770757191902 0.7099294533108715
-2.25 -2 11 12 -492.7576368628831 0.6488232314139154
-2.25 -2 12 13 -394.9104598507136 0.5945728062701323
-2.25 -2 13 14 -317.7086080847282 0.5462308278137994
-2.25 -2 14 15 -256.2615820247977 0.5029896300466019
-2.25 -2 15 16 -206.9719727339877 0.4641663145006064
-2.25 -2 16 17 -167.1612839420231 0.4291847196644271
-2.25 -2 17 18 -134.8115393142898 0.3975582209405495
-2.25 -2 18 19 -108.3853315026622 0.3688746584646914
-2.25 -2 19 20 -86.69912091052402 0.3427836261949847
-2.25 -2 20 21 -68.83296378767227 0.3189859477519245
-2.25 -2 21 22 -54.06542260763536 0.2972250420391734
-2.25 -2 22 23 -41.82608432068139 0.2772798593520578
-2.25 -2 23 24 -31.66053593986067 0.2589591073768601
-2.25 -2 24 25 -23.20425536571418 0.2420965211537901
-2.25 -2 25 26 -16.16295446172535 0.2265469785390574
-2.25 -2 26 27 -10.29764168696124 0.2121832985309506
-2.25 -2 27 28 -5.413172022169078 0.1988935907191865
-2.25 -2 28 29 -1.349398328991015 0.186579054374246
-2.25 -2 29 30 2.025719083170543 0.1751521400305981
-2.25 -2 30 31 4.821516398360188 0.1645350091843204
-2.25 -2 31 32 7.128892773198402 0.1546582378237787
-2.25 -2 32 33 9.023699881461425 0.1454597205233968
-2.25 -2 33 34 10.56945061728021 0.1368837400276906
-2.25 -2 34 35 11.81949566282179 0.1288801746718162
-2.25 -2 35 36 12.81878156077926 0.1214038208730029
-2.25 -2 36 37 13.60527768438743 0.1144138105829543
-2.25 -2 37 38 14.21113982043295 0.1078731105477
-2.25 -2 38 39 14.66366311724181 0.1017480878676731
-2.25 -2 39 40 14.98606568246674 0.09600813479308515
-2.25 -2 40 41 15.19813557300176 0.09062534123234785
-2.25 -2 41 42 15.31676674333815 0.08557420890811838
-2.25 -2 42 43 15.35640481145049 0.08083140136374138
-2.25 -2 43 44 15.32941884317765 0.07637552462105258
-2.25 -2 44 45 15.24641252648607 0.07218693357140853
-2.25 -2 45 46 15.11547572050631 0.06870020936065759
-2.25 -2 46 47 14.94643446839174 0.06753290971040887
-2.25 -2 47 48 14.74497291595912 0.06866089657744635
-2.25 -2 48 49 14.51074141236239 1.419750096925531
-2.25 -2 49 50 14.26075470851274 1.28737704440116
-2 -1.75 0 1 11546.00091207088 2.841645576623324
-2 -1.75 1 2 6236.212405981597 22.1283702008223
-2 -1.75 2 3 -3007.53139053183 3.125518189177209
-2 -1.75 3 4 -3404.121766260273 2.674490692306601
-2 -1.75 4 5 -2823.252095138369 2.225692364872342
-2 -1.75 5 6 -2216.51749222364 1.868685605423851
-2 -1.75 6 7 -1724.992261102132 1.590472716116243
-2 -1.75 7 8 -1347.745391971362 1.371126298063266
-2 -1.75 8 9 -1060.960180686443 1.19568505899795
-2 -1.75 9 10 -841.9531505336163 1.05250328080886
-2 -1.75 10 11 -673.2244888390464 0.934018343773014
-2 -1.75 11 12 -541.891895388578 0.8346185416703183
-2 -1.75 12 13 -438.6303753123525 0.7502123417101232
-2 -1.75 13 14 -356.6695927544115 0.6777888159558846
-2 -1.75 14 15 -291.0528181279085 0.6150802154991725
-2 -1.75 15 16 -238.1119298419569 0.5603495666483862
-2 -1.75 16 17 -195.1012497480101 0.5122457183655459
-2 -1.75 17 18 -159.9422536103973 0.4697027618800919
-2 -1.75 18 19 -131.0444163702555 0.431869035314668
-2 -1.75 19 20 -107.1782652728023 0.3980561686118618
-2 -1.75 20 21 -87.38443667983927 0.3677019270467804
-2 -1.75 21 22 -70.907786100865 0.3403427131157945
-2 -1.75 22 23 -57.14911476312716 0.3155929345796638
-2 -1.75 23 24 -45.6294210332187 0.2931293264255646
-2 -1.75 24 25 -35.96315459704363 0.2726788974581722
-2 -1.75 25 26 -27.83801199862114 0.2540095624083946
-2 -1.75 26 27 -20.99953423821182 0.2369227885921827
-2 -1.75 27 28 -15.23926451622174 0.2212477699588864
-2 -1.75 28 29 -10.3855700888721 0.2068367719811968
-2 -1.75 29 30 -6.296475436883156 0.1935613817375877
-2 -1.75 30 31 -2.854026523709877 0.1813094649461767
-2 -1.75 31 32 0.04017022136127935 0.1699826799385339
-2 -1.75 32 33 2.46850092971539 0.1594944320903267
-2 -1.75 33 34 4.500190624559423 0.1497681820736076
-2 -1.75 34 35 6.193595884210936 0.1407360372203518
-2 -1.75 35 36 7.598061069125151 0.1323375735344426
-2 -1.75 36 37 8.755428468931939 0.1245188443295336
-2 -1.75 37 38 9.701272544240226 0.1172315428634857
-2 -1.75 38 39 10.46591304458235 0.1104322915640456
-2 -1.75 39 40 11.07524996898667 0.1040820356837548
-2 -1.75 40 41 11.55145451702447 0.09814552462140833
-2 -1.75 41 42 11.91354273904057 0.09259086564765535
-2 -1.75 42 43 12.17785373589871 0.08738913938675734
-2 -1.75 43 44 12.35844938924288 0.08251406690947577
-2 -1.75 44 45 12.46744968893142 0.07794171985687909
-2 -1.75 45 46 12.51428466440399 0.07386280320525615
-2 -1.75 46 47 12.46451015772706 1.22794064525955
-2 -1.75 47 48 12.41472335484511 1.128936665738076
-2 -1.75 48 49 12.3753307445017 1.452944573956976
-2 -1.75 49 50 12.25708719101269 1.316484914257401
-1.75 -1.5 0 1 12423.23867239352 2.731903426283306
-1.75 -1.5 1 2 7202.356147600833 1.657586025786089
-1.75 -1.5 2 3 -2854.779004864734 1.440654602084495
-1.75 -1.5 3 4 -3397.28699058058 1.667642797525454
-1.75 -1.5 4 5 -2848.145069423353 1.580365184110452
-1.75 -1.5 5 6 -2246.340977045449 1.419774468371154
-1.75 -1.5 6 7 -1752.71731668882 1.256597571276311
-1.75 -1.5 7 8 -1371.777722658857 1.110770958856015
-1.75 -1.5 8 9 -1081.318241526986 0.9833061097443117
-1.75 -1.5 9 10 -859.0724368652895 0.8770298279141749
-1.75 -1.5 10 11 -687.6006129601967 0.7848973195568075
-1.75 -1.5 11 12 -553.9891296606033 0.7062852500137293
-1.75 -1.5 12 13 -448.8412778120551 0.6384751862681732
-1.75 -1.5 13 14 -365.3198350294876 0.5795774128036011
-1.75 -1.5 14 15 -298.4098195102781 0.5280748502659435
-1.75 -1.5 15 16 -244.394631800742 0.4827533579485984
-1.75 -1.5 16 17 -200.488982831278 0.4426381419050945
-1.75 -1.5 17 18 -164.5821995223164 0.4069417640948148
-1.75 -1.5 18 19 -135.0576986645863 0.3750234037313755
-1.75 -1.5 19 20 -110.6648591017349 0.3463574549072507
-1.75 -1.5 20 21 -90.42711034651245 0.3205094260650089
-1.75 -1.5 21 22 -73.57526525586604 0.2971174110208372
-1.75 -1.5 22 23 -59.49862757863355 0.2758777755087405
-1.75 -1.5 23 24 -47.70875150477491 0.2565340268891219
-1.75 -1.5 24 25 -37.81230459645133 0.2388680982143377
-1.75 -1.5 25 26 -29.49055132793296 0.2226934697968018
-1.75 -1.5 26 27 -22.48370105312915 0.2078497016460065
-1.75 -1.5 27 28 -16.57886529506629 0.1941980534017106
-1.75 -1.5 28 29 -11.6007180378881 0.1816179533475097
-1.75 -1.5 29 30 -7.404198201268059 0.1700041295078257
-1.75 -1.5 30 31 -3.868767801781019 0.1592642651671089
-1.75 -1.5 31 32 -0.8938645155393488 0.149317071853124
-1.75 -1.5 32 33 1.604721969351147 0.1400906938248954
-1.75 -1.5 33 34 3.69775416942332 0.131521382722203
-1.75 -1.5 34 35 5.444887056297148 0.1235523871307104
-1.75 -1.5 35 36 6.896563511608633 0.1161330226823667
-1.75 -1.5 36 37 8.095556897292113 0.1092178830135793
-1.75 -1.5 37 38 9.078232163858331 0.1027661743517717
-1.75 -1.5 38 39 9.875581284706413 0.09674114562407346
-1.75 -1.5 39 40 10.51407679549118 0.09110960306861207
-1.75 -1.5 40 41 11.01637825009891 0.08584149237097791
-1.75 -1.5 41 42 11.40191883017167 0.08090953907174707
-1.75 -1.5 42 43 11.6873944124529 0.07628893694934269
-1.75 -1.5 43 44 11.88717241754406 0.0719570780490125
-1.75 -1.5 44 45 12.01363480942459 0.06789331766095086
-1.75 -1.5 45 46 12.07639427529116 0.06456931401068472
-1.75 -1.5 46 47 12.08682258546273 0.06374051704526069
-1.75 -1.5 47 48 12.00974375808215 1.207557347676268
-1.75 -1.5 48 49 11.98564094667265 1.534625013301849
-1.75 -1.5 49 50 11.87887440944183 1.391242071623431
-1.5 -1.25 0 1 13255.63140698334 5.649372482679213
-1.5 -1.25 1 2 8139.583185410714 7.690979688415592
-1.5 -1.25 2 3 -2694.368256434124 2.270567211732881
-1.5 -1.25 3 4 -3395.842634963167 1.489903233369412
-1.5 -1.25 4 5 -2890.273622696944 1.431109771685591
-1.5 -1.25 5 6 -2299.781136807161 1.305248405444926
-1.5 -1.25 6 7 -1806.65488481458 1.173071803076836
-1.5 -1.25 7 8 -1422.405020024665 1.051553536696822
-1.5 -1.25 8 9 -1127.469863833501 0.9429255397468266
-1.5 -1.25 9 10 -900.6389827838193 0.8505090496523143
-1.5 -1.25 10 11 -724.7793905677286 0.7682713980365236
-1.5 -1.25 11 12 -587.2075228832357 0.6970817149450187
-1.5 -1.25 12 13 -478.5306949241883 0.6347388398208961
-1.5 -1.25 13 14 -391.8927198954468 0.5798720906161137
-1.5 -1.25 14 15 -322.2411972722173 0.5313388744626137
-1.5 -1.25 15 16 -265.81712824396 0.4881958641492002
-1.5 -1.25 16 17 -219.793846902792 0.4496654587890171
-1.5 -1.25 17 18 -182.0227960073678 0.4151050881503868
-1.5 -1.25 18 19 -150.8537973946945 0.3839813779107154
-1.5 -1.25 19 20 -125.0069449808082 0.3558491708283621
-1.5 -1.25 20 21 -103.4803771831198 0.330334753214567
-1.5 -1.25 21 22 -85.483170522264 0.3071225198562939
-1.5 -1.25 22 23 -70.38598772181103 0.28594437585432
-1.5 -1.25 23 24 -57.68440403410239 0.266571292168419
-1.5 -1.25 24 25 -46.97138172739176 0.2488065509752001
-1.5 -1.25 25 26 -37.91641477263181 0.2324803132824538
-1.5 -1.25 26 27 -30.24958584842489 0.2174452278793789
-1.5 -1.25 27 28 -23.74927608692792 0.2035728603004072
-1.5 -1.25 28 29 -18.23261586928118 0.1915179998969716
-1.5 -1.25 29 30 -13.54801049709999 0.1814754719576738
-1.5 -1.25 30 31 -9.569249311191129 0.1720767257130536
-1.5 -1.25 31 32 -6.190832619959053 0.1632710390770014
-1.5 -1.25 32 33 -3.324242076946405 0.1550125356666138
-1.5 -1.25 33 34 -0.8949469618814874 0.147259643245323
-1.5 -1.25 34 35 1.160011773903307 0.1399746200267788
-1.5 -1.25 35 36 2.893981117473686 0.1331231385038236
-1.5 -1.25 36 37 4.352293033752119 0.126673920568632
-1.5 -1.25 37 38 5.573571921290579 0.1205984169362916
-1.5 -1.25 38 39 6.590809566920655 0.1148705244378113
-1.5 -1.25 39 40 7.432252457119489 0.1094663377661916
-1.5 -1.25 40 41 8.122137164774529 0.1043639288386886
-1.5 -1.25 41 42 8.681301785071128 0.09954315331326001
-1.5 -1.25 42 43 9.127696374620143 0.09498547727807942
-1.5 -1.25 43 44 9.47681021767994 0.09067382508259074
-1.5 -1.25 44 45 9.742030750456593 0.08659244236732419
-1.5 -1.25 45 46 9.933851295206551 0.08293938581873071
-1.5 -1.25 46 47 10.06449748238595 0.08047914383458793
-1.5 -1.25 47 48 10.09300459687094 1.255756770461497
-1.5 -1.25 48 49 10.17445441867045 1.597335245137581
-1.5 -1.25 49 50 10.16559573275961 1.449338165838327
-1.25 -1 0 1 13962.1572163552 3.484687856109309
-1.25 -1 1 2 8907.633498324023 1.642741773231875
-1.25 -1 2 3 -2588.510296773753 1.846724226512681
-1.25 -1 3 4 -3416.569180522236 2.068605533507092
-1.25 -1 4 5 -2939.717168492811 1.911689348663149
-1.25 -1 5 6 -2352.490168654753 1.703184893665312
-1.25 -1 6 7 -1855.32347467304 1.507801746749034
-1.25 -1 7 8 -1465.252564743676 1.337517580633806
-1.25 -1 8 9 -1164.510308808321 1.192385484842414
-1.25 -1 9 10 -932.4764916150675 1.067721779828361
-1.25 -1 10 11 -752.0926591362399 0.9615059030287253
-1.25 -1 11 12 -610.6716859887445 0.8697400638926931
-1.25 -1 12 13 -498.734409160335 0.7900707456549922
-1.25 -1 13 14 -409.3379092711666 0.7204432510724822
-1.25 -1 14 15 -337.3497769948481 0.6592106098229418
-1.25 -1 15 16 -278.9417876108196 0.6050487635722058
-1.25 -1 16 17 -231.229057407548 0.5568868717550411
-1.25 -1 17 18 -192.014695394025 0.5138525944745067
-1.25 -1 18 19 -159.6086040989762 0.4752298514435908
-1.25 -1 19 20 -132.6979460299387 0.4404263479611393
-1.25 -1 20 21 -110.2536644337627 0.4089485607970162
-1.25 -1 21 22 -91.46232683719586 0.3803823738339737
-1.25 -1 22 23 -75.67591109712373 0.3543779908743896
-1.25 -1 23 24 -62.37443138653714 0.3306380955469228
-1.25 -1 24 25 -51.13784619179501 0.3089084926122271
-1.25 -1 25 26 -41.62474524242066 0.2889706551107741
-1.25 -1 26 27 -33.55603625348715 0.2706357472064821
-1.25 -1 27 28 -26.70235454289536 0.2537397981355076
-1.25 -1 28 29 -20.87426986026128 0.2381397786697811
-1.25 -1 29 30 -15.91461311714897 0.2237103920730822
-1.25 -1 30 31 -11.69242273236102 0.2103414330375885
-1.25 -1 31 32 -8.09813792397938 0.1979356023378605
-1.25 -1 32 33 -5.039758993441524 0.1864066878928698
-1.25 -1 33 34 -2.439762602869905 0.1756780435214621
-1.25 -1 34 35 -0.2326103464273501 0.1656813106091874
-1.25 -1 35 36 1.63727365609094 0.1563553380462518
-1.25 -1 36 37 3.217152211870257 0.1476452667279717
-1.25 -1 37 38 4.54732638832985 0.1395017490456618
-1.25 -1 38 39 5.662247312252759 0.131880282147199
-1.25 -1 39 40 6.59143450248439 0.1247406344926561
-1.25 -1 40 41 7.360237456329969 0.1180463528295871
-1.25 -1 41 42 7.990469259943268 0.1117643348242549
-1.25 -1 42 43 8.500935860273387 0.1058644589641025
-1.25 -1 43 44 8.907879350590292 0.1003192617485277
-1.25 -1 44 45 9.225350566040106 0.09510365660174981
-1.25 -1 45 46 9.464403048762591 0.09040675508605561
-1.25 -1 46 47 9.637835038982132 0.08699754930477641
-1.25 -1 47 48 9.75425748407892 1.812184066648836
-1.25 -1 48 49 9.820065866656023 1.656198746037541
-1.25 -1 49 50 9.84315392371272 1.503414811582227
-1 -0.75 0 1 14568.90433726308 4.208552744281863
-1 -0.75 1 2 9597.831098256936 4.900204565932796
-1 -0.75 2 3 -2459.159528800563 0.9570733917944011
-1 -0.75 3 4 -3398.470443555433 1.270215167874032
-1 -0.75 4 5 -2950.952724395821 1.249875169935151
-1 -0.75 5 6 -2371.445541622561 1.160439346900981
-1 -0.75 6 7 -1875.254701719641 1.060878946524816
-1 -0.75 7 8 -1483.962122971104 0.966511949310678
-1 -0.75 8 9 -1181.35837979121 0.8808434818066346
-1 -0.75 9 10 -947.393918297535 0.8039834537502677
-1 -0.75 10 11 -765.2139521040472 0.7360671004305362
-1 -0.75 11 12 -622.1897328058453 0.6754042079284267
-1 -0.75 12 13 -508.8506196686974 0.6212613336275994
-1 -0.75 13 14 -418.2396459751071 0.572784695111436
-1 -0.75 14 15 -345.2034815894672 0.5292316588225443
-1 -0.75 15 16 -285.8920599655928 0.4899663349584517
-1 -0.75 16 17 -237.4001217898965 0.4544474635128215
-1 -0.75 17 18 -197.5126876147708 0.422214815742449
-1 -0.75 18 19 -164.5239954627443 0.3928764547802166
-1 -0.75 19 20 -137.1078187720659 0.3660976088118646
-1 -0.75 20 21 -114.2237352848731 0.3415912626042771
-1 -0.75 21 22 -95.04869750256239 0.3191103288942119
-1 -0.75 22 23 -78.92655988014212 0.2984411827419686
-1 -0.75 23 24 -65.33047371644784 0.279398334814602
-1 -0.75 24 25 -53.83459511482477 0.2618200446137721
-1 -0.75 25 26 -44.09260172111453 0.2455646993578841
-1 -0.75 26 27 -35.82123608138738 0.2305078184069931
-1 -0.75 27 28 -28.7875951262522 0.2165395640059626
-1 -0.75 28 29 -22.79923664589057 0.2035626687965395
-1 -0.75 29 30 -17.69642229900512 0.191490697986017
-1 -0.75 30 31 -13.3459941297881 0.180246591963777
-1 -0.75 31 32 -9.63650959007748 0.1697614340488948
-1 -0.75 32 33 -6.474353156592429 0.1599734078612132
-1 -0.75 33 34 -3.780610906751349 0.1508269099575571
-1 -0.75 34 35 -1.488545001355192 0.1422717914687488
-1 -0.75 35 36 0.4584573196959809 0.134262709485701
-1 -0.75 36 37 2.108557224487868 0.1267585672560941
-1 -0.75 37 38 3.502835856105435 0.1197220320879831
-1 -0.75 38 39 4.676423201797661 0.1131191176459734
-1 -0.75 39 40 5.659430849942964 0.106918819821145
-1 -0.75 40 41 6.477725793060984 0.101092800726213
-1 -0.75 41 42 7.153574399768104 0.09561511111108484
-1 -0.75 42 43 7.706180499279981 0.09046194752025614
-1 -0.75 43 44 8.152136169736309 0.08561143851978333
-1 -0.75 44 45 8.505800738454383 0.08104345588841007
-1 -0.75 45 46 8.778477053776555 0.07728241965563457
-1 -0.75 46 47 8.983252783008567 0.07627620399180365
-1 -0.75 47 48 9.124658904465605 1.850202676596791
-1 -0.75 48 49 9.218037265061071 1.691048604984428
-1 -0.75 49 50 9.266953214825577 1.535063090813316
-0.75 -0.5 0 1 15048.54124012002 6.216198100884289
-0.75 -0.5 1 2 10140.91449235672 6.828982824089877
-0.75 -0.5 2 3 -2363.478934788793 1.024030285293993
-0.75 -0.5 3 4 -3394.20159849789 1.300756181452835
-0.75 -0.5 4 5 -2971.486057329582 1.278885056109099
-0.75 -0.5 5 6 -2398.370750496407 1.184888488413941
-0.75 -0.5 6 7 -1902.541912230347 1.080065351951404
-0.75 -0.5 7 8 -1509.556689361918 0.9809294057328573
-0.75 -0.5 8 9 -1204.643172350426 0.8913670935435033
-0.75 -0.5 9 10 -968.3030503311102 0.8115021746206168
-0.75 -0.5 10 11 -783.8956342445913 0.7486390107131353
-0.75 -0.5 11 12 -638.8565790737862 0.6951870546061899
-0.75 -0.5 12 13 -523.7284984666062 0.6456050563599707
-0.75 -0.5 13 14 -431.5423333009483 0.5999654467102044
-0.75 -0.5 14 15 -357.1240357149104 0.5581071940238203
-0.75 -0.5 15 16 -296.6008651499922 0.5197693502140718
-0.75 -0.5 16 17 -247.045802285217 0.48465771925726
-0.75 -0.5 17 18 -206.2241420753469 0.4524778501295222
-0.75 -0.5 18 19 -172.4127449647585 0.4229507077480001
-0.75 -0.5 19 20 -144.2703063354618 0.3958193395663387
-0.75 -0.5 20 21 -120.7434270543151 0.3708508768134459
-0.75 -0.5 21 22 -100.9979368519537 0.3478361710153051
-0.75 -0.5 22 23 -84.36817268033235 0.3265883023134248
-0.75 -0.5 23 24 -70.31914345462951 0.3069406184784494
-0.75 -0.5 24 25 -58.41803396780733 0.2887446575121099
-0.75 -0.5 25 26 -48.31254489563128 0.2718681300774943
-0.75 -0.5 26 27 -39.71428511101874 0.2561930491765381
-0.75 -0.5 27 28 -32.38593307751717 0.2416140391925507
-0.75 -0.5 28 29 -26.13123516768985 0.2280368310252817
-0.75 -0.5 29 30 -20.78715754709833 0.2153769356530926
-0.75 -0.5 30 31 -16.21768597257108 0.2035584809027688
-0.75 -0.5 31 32 -12.30889621665381 0.1925131957836567
-0.75 -0.5 32 33 -8.965011246541053 0.1821795239088661
-0.75 -0.5 33 34 -6.105229867893911 0.1725018507019689
-0.75 -0.5 34 35 -3.661162391561504 0.163429829565258
-0.75 -0.5 35 36 -1.574746767780084 0.1549177935934929
-0.75 -0.5 36 37 0.203452770332035 0.1469242414255781
-0.75 -0.5 37 38 1.715640964305578 0.1394113872558854
-0.75 -0.5 38 39 2.997940571936056 0.1323447663027698
-0.75 -0.5 39 40 4.081342342498203 0.1256928882946522
-0.75 -0.5 40 41 4.992493548912648 0.119426932507297
-0.75 -0.5 41 42 5.754354580718882 0.1135204786239282
-0.75 -0.5 42 43 6.386747876195614 0.1079492694646969
-0.75 -0.5 43 44 6.906818044979275 0.102691000027404
-0.75 -0.5 44 45 7.329418924490255 0.09772513136381172
-0.75 -0.5 45 46 7.666282482035285 0.09326773838624994
-0.75 -0.5 46 47 7.930921347175257 0.09017031923229915
-0.75 -0.5 47 48 8.130267371638894 1.8978772375507
-0.75 -0.5 48 49 8.275751793028746 1.735274937083334
-0.75 -0.5 49 50 8.373412144375635 1.575869621466652
-0.5 -0.25 0 1 15372.63058531136 6.579532889885263
-0.5 -0.25 1 2 10502.50865349943 6.639313679890503
-0.5 -0.25 2 3 -2305.337306745449 0.9424580890039619
-0.5 -0.25 3 4 -3397.044105497119 1.286745152932316
-0.5 -0.25 4 5 -2989.987882811318 1.27943224166956
-0.5 -0.25 5 6 -2420.140291571099 1.255725581087244
-0.5 -0.25 6 7 -1923.665301848669 1.206933364655815
-0.5 -0.25 7 8 -1528.818439327024 1.131211609492309
-0.5 -0.25 8 9 -1221.779838754691 1.049683015780127
-0.5 -0.25 9 10 -983.3930536542425 0.9692719632248981
-0.5 -0.25 10 11 -797.1373378415433 0.8945013472567021
-0.5 -0.25 11 12 -650.4699011121297 0.8256007712552346
-0.5 -0.25 12 13 -533.9252309618985 0.762800179574857
-0.5 -0.25 13 14 -440.5129456566485 0.7057671976582469
-0.5 -0.25 14 15 -365.0349214079972 0.6540214210923887
-0.5 -0.25 15 16 -303.5953722965273 0.6070484351904984
-0.5 -0.25 16 17 -253.2466298860695 0.5643513834114526
-0.5 -0.25 17 18 -211.736056331423 0.5254724828554025
-0.5 -0.25 18 19 -177.3251806396315 0.4900000037501977
-0.5 -0.25 19 20 -148.6596923312441 0.4575683421054551
-0.5 -0.25 20 21 -124.6751971908488 0.427854991869581
-0.5 -0.25 21 22 -104.5282386458708 0.4005763232153583
-0.5 -0.25 22 23 -87.54530646415253 0.3754831069020901
-0.5 -0.25 23 24 -73.18476910455627 0.3523562318590056
-0.5 -0.25 24 25 -61.00818108169972 0.3310028037224673
-0.5 -0.25 25 26 -50.65845841714838 0.3112526880431136
-0.5 -0.25 26 27 -41.84313390770183 0.2929554923715609
-0.5 -0.25 27 28 -34.32140464602753 0.2759779556533032
-0.5 -0.25 28 29 -27.89403577445432 0.2602017012377045
-0.5 -0.25 29 30 -22.39543378966403 0.2455213071172774
-0.5 -0.25 30 31 -17.68738096311529 0.2318426503954019
-0.5 -0.25 31 32 -13.65405127384429 0.2190814854166864
-0.5 -0.25 32 33 -10.19802207557041 0.2071622228383301
-0.5 -0.25 33 34 -7.237064645426983 0.1960168780199933
-0.5 -0.25 34 35 -4.701547889211781 0.1855841647303644
-0.5 -0.25 35 36 -2.532327595573292 0.1758087116584269
-0.5 -0.25 36 37 -0.6790224173932984 0.1666403830336396
-0.5 -0.25 37 38 0.9014005346653562 0.1580336901922838
-0.5 -0.25 38 39 2.245790958363841 0.14994727792418
-0.5 -0.25 39 40 3.385779109030125 0.1423434768190362
-0.5 -0.25 40 41 4.348576059622587 0.135187911754852
-0.5 -0.25 41 42 5.157640294450175 0.1284491584807769
-0.5 -0.25 42 43 5.833235198289003 0.1220984414336753
-0.5 -0.25 43 44 6.392896510389164 0.1161093677217339
-0.5 -0.25 44 45 6.851825678423666 0.1104576925290688
-0.5 -0.25 45 46 7.22205463673032 0.1053354008753961
-0.5 -0.25 46 47 7.517392448592773 0.1015160299880855
-0.5 -0.25 47 48 7.745254550062981 1.92036095112124
-0.5 -0.25 48 49 7.9168303955895 1.755869642179509
-0.5 -0.25 49 50 8.038570224397517 1.594587517599156
-0.25 0 0 1 15537.58577539946 6.878486436804899
-0.25 0 1 2 10688.34867838699 7.642493746535062
-0.25 0 2 3 -2273.996030458863 1.1866235564974
-0.25 0 3 4 -3396.320881507373 1.300602626473614
-0.25 0 4 5 -2996.905631431162 1.285855767288694
-0.25 0 5 6 -2428.594170346574 1.195171612139706
-0.25 0 6 7 -1931.807265486116 1.092002302233921
-0.25 0 7 8 -1536.111338095201 0.993379393193254
-0.25 0 8 9 -1228.128216555541 0.9136938931760825
-0.25 0 9 10 -988.8522561680647 0.8531924163029346
-0.25 0 10 11 -801.8102202599403 0.7943904001606865
-0.25 0 11 12 -654.462842393852 0.7384589438213768
-0.25 0 12 13 -537.3374118631489 0.6863505957572149
-0.25 0 13 14 -443.4314259884695 0.638240988994129
-0.25 0 14 15 -367.5343131442175 0.5940220611347451
-0.25 0 15 16 -305.7389124158935 0.553457586644287
-0.25 0 16 17 -255.0876566177321 0.5162621460626871
-0.25 0 17 18 -213.3194893124132 0.4821411387116408
-0.25 0 18 19 -178.6888582646093 0.4508105170189469
-0.25 0 19 20 -149.8355261867168 0.4220058247067376
-0.25 0 20 21 -125.6901467931136 0.3954855833854964
-0.25 0 21 22 -105.4051255131878 0.3710317346664713
-0.25 0 22 23 -88.30349055011982 0.3484486051723444
-0.25 0 23 24 -73.84070981030732 0.3275611962267076
-0.25 0 24 25 -61.57590251250338 0.3082132306218696
-0.25 0 25 26 -51.14993560742721 0.2902651859141999
-0.25 0 26 27 -42.26861394771606 0.2735924301736181
-0.25 0 27 28 -34.68967419755586 0.2580835125178481
-0.25 0 28 29 -28.21264439505046 0.2436386261689868
-0.25 0 29 30 -22.67088077639164 0.2301682432034333
-0.25 0 30 31 -17.92527202499639 0.2175919110520017
-0.25 0 31 32 -13.85923019720883 0.2058371957770342
-0.25 0 32 33 -10.37468162299933 0.1948387573035617
-0.25 0 33 34 -7.388840165425677 0.1845375403261994
-0.25 0 34 35 -4.831596506650044 0.17488006707339
-0.25 0 35 36 -2.643395343477152 0.1658178188474315
-0.25 0 36 37 -0.7735012678610929 0.157306694172209
-0.25 0 37 38 0.8214241207680857 0.1493065341593708
-0.25 0 38 39 2.178494619530568 0.1417807056553509
-0.25 0 39 40 3.329569186635126 0.1346957345712231
-0.25 0 40 41 4.302057286756565 0.1280209831889559
-0.25 0 41 42 5.119589786498977 0.1217283651051367
-0.25 0 42 43 5.802580095413134 0.1157920929668952
-0.25 0 43 44 6.368694721166548 0.1101884557267578
-0.25 0 44 45 6.833249266397729 0.1048956198085954
-0.25 0 45 46 7.208369661229199 0.1001202857412357
-0.25 0 46 47 7.50796544660642 0.0966829111173213
-0.25 0 47 48 7.739115144183302 1.931040460169401
-0.25 0 48 49 7.913901932730994 1.765715841817535
-0.25 0 49 50 8.038418143191791 1.603597274838179
0 0.25 0 1 15536.36237771222 6.878484621195194
0 0.25 1 2 10685.54301859435 7.642478183550216
0 0.25 2 3 -2277.030771700339 1.186382558123273
0 0.25 3 4 -3399.020172787793 1.300309731830967
0 0.25 4 5 -2999.233988621016 1.285566851292179
0 0.25 5 6 -2430.614622093618 1.194910152955542
0 0.25 6 7 -1933.575229795449 1.091775579786162
0 0.25 7 8 -1537.669434193118 0.9931856841301004
0 0.25 8 9 -1229.508734303339 0.913525368460404
0 0.25 9 10 -990.080289103299 0.8530520691557417
0 0.25 10 11 -802.9065721160191 0.7942670497061582
0 0.25 11 12 -655.4437951668801 0.7383500738577351
0 0.25 12 13 -538.2168339490177 0.6862534826906552
0 0.25 13 14 -444.2211493106408 0.6381537222723689
0 0.25 14 15 -368.2445622450225 0.5939432441215363
0 0.25 15 16 -306.3785995565913 0.5533861507533789
0 0.25 16 17 -255.6645933865407 0.5161972383888911
0 0.25 17 18 -213.8405458755772 0.4820820545756243
0 0.25 18 19 -179.1600890753925 0.4507566590109766
0 0.25 19 20 -150.2622733328578 0.421956676768921
0 0.25 20 21 -126.0771275778266 0.3954406945363482
0 0.25 21 22 -105.756508170095 0.3709907069689116
0 0.25 22 23 -88.62296046942049 0.3484110856362555
0 0.25 23 24 -74.1315278023875 0.3275268701559802
0 0.25 24 25 -61.84095617344747 0.3081818165259064
0 0.25 25 26 -51.39178460004189 0.2902364311424102
0 0.25 26 27 -42.4895298705635 0.2735661073087379
0 0.25 27 28 -34.89167562973682 0.2580594164612936
0 0.25 28 29 -28.39752764689069 0.2436165712372208
0 0.25 29 30 -22.8402468288632 0.230148061228929
0 0.25 30 31 -18.08055009677548 0.2175734489989079
0 0.25 31 32 -14.00169834240751 0.2058203144358022
0 0.25 32 33 -10.50548471874367 0.1948233295281275
0 0.25 33 34 -7.509005615648107 0.1845234499703199
0 0.25 34 35 -4.942047949552546 0.1748672076853804
0 0.25 35 36 -2.744964621788313 0.1658060928552482
0 0.25 36 37 -0.8669388845826234 0.1572960119004566
0 0.25 37 38 0.7354398615714786 0.1492968132031702
0 0.25 38 39 2.099349612466654 0.1417718701038812
0 0.25 39 40 3.256706518449789 0.1346877145318947
0 0.25 40 41 4.234971087441409 0.1280137141117313
0 0.25 41 42 5.05781982908826 0.1217217874581183
0 0.25 42 43 5.745707043338768 0.1157861518839466
0 0.25 43 44 6.31633593992359 0.1101831002276191
0 0.25 44 45 6.785055124173709 0.1048908030656813
0 0.25 45 46 7.164020823032445 0.1001158990847145
0 0.25 46 47 7.467168410014352 0.09667862475061875
0 0.25 47 48 7.701608664838403 1.93085759353859
0 0.25 48 49 7.879432033579832 1.765555249915866
0 0.25 49 50 8.006758110470855 1.603457439899461
0.25 0.5 0 1 15369.08413635084 6.579525584185808
0.25 0.5 1 2 10494.34302545528 6.639257837197733
0.25 0.5 2 3 -2314.236496592035 0.9416792519266778
0.25 0.5 3 4 -3405.029733704814 1.286057844430303
0.25 0.5 4 5 -2996.926744228239 1.278770989195519
0.25 0.5 5 6 -2426.191767196142 1.255141649018542
0.25 0.5 6 7 -1928.976849893037 1.206426893251036
0.25 0.5 7 8 -1533.507298482539 1.130769039894276
0.25 0.5 8 9 -1225.937354394094 1.049282290366429
0.25 0.5 9 10 -987.0918805521655 0.9689232610187598
0.25 0.5 10 11 -800.4386958419191 0.8941840039424426
0.25 0.5 11 12 -653.4224234463086 0.8253138563051642
0.25 0.5 12 13 -536.5706654042051 0.7625398814772172
0.25 0.5 13 14 -442.8871017962288 0.7055304704515289
0.25 0.5 14 15 -367.1688368538348 0.6538057519862743
0.25 0.5 15 16 -305.5161377086408 0.6068516931729007
0.25 0.5 16 17 -254.9779967816135 0.5641717230037971
0.25 0.5 17 18 -213.298905551791 0.5253082821991294
0.25 0.5 18 19 -178.7378992328245 0.4898498243734407
0.25 0.5 19 20 -149.9384875943931 0.4574309007468298
0.25 0.5 20 21 -125.8343650459719 0.4277291394343414
0.25 0.5 21 22 -105.5803967048556 0.4004610283149067
0.25 0.5 22 23 -88.50159824944762 0.3753774422394591
0.25 0.5 23 24 -74.05504372654821 0.3522593620547091
0.25 0.5 24 25 -61.80115149259871 0.3309139754486985
0.25 0.5 25 26 -51.38184070543127 0.3111712206119646
0.25 0.5 26 27 -42.50376972352683 0.2928807698698943
0.25 0.5 27 28 -34.92536861224335 0.2759094196935789
0.25 0.5 28 29 -28.44672955595036 0.2601388447166813
0.25 0.5 29 30 -22.90166835420303 0.2454636688945982
0.25 0.5 30 31 -18.1514484219889 0.2317898099268747
0.25 0.5 31 32 -14.07978756426087 0.219033059048575
0.25 0.5 32 33 -10.58886162077101 0.2071178597590158
0.25 0.5 33 34 -7.596088004813225 0.1959762568825076
0.25 0.5 34 35 -5.031523299848914 0.1855469909848416
0.25 0.5 35 36 -2.835747200351818 0.1757747145787367
0.25 0.5 36 37 -0.9581338778558006 0.1666093140099356
0.25 0.5 37 38 0.6445664301035663 0.1580053203067699
0.25 0.5 38 39 2.009396157538674 0.1499213962921476
0.25 0.5 39 40 3.168157169668746 0.1423198889841852
0.25 0.5 40 41 4.148213630493785 0.135166438395745
0.25 0.5 41 42 4.97316085840481 0.1284296338759864
0.25 0.5 42 43 5.66338477833466 0.122080712606491
0.25 0.5 43 44 6.236531076746417 0.1160932933329378
0.25 0.5 44 45 6.707900038354069 0.110443141725464
0.25 0.5 45 46 7.089614328946112 0.1053220671000903
0.25 0.5 46 47 7.395560246495307 0.1015029757834401
0.25 0.5 47 48 7.633251231823664 1.919857857225395
0.25 0.5 48 49 7.813895414243234 1.755429859740117
0.25 0.5 49 50 7.944026173175445 1.594206579477769
0.5 0.75 0 1 15042.68348978901 6.216184776135279
0.5 0.75 1 2 10127.44321146297 6.828896690173791
0.5 0.75 2 3 -2378.134457701113 1.02301767887384
0.5 0.75 3 4 -3407.336376861093 1.299895882813821
0.5 0.75 4 5 -2982.896416337618 1.278111153059842
0.5 0.75 5 6 -2408.325235983236 1.184186940467613
0.5 0.75 6 7 -1911.283162944809 1.079417834034339
0.5 0.75 7 8 -1517.27578703818 0.9803193533649235
0.5 0.75 8 9 -1211.488714642555 0.8907924236741589
0.5 0.75 9 10 -974.3934126791705 0.8109712841117921
0.5 0.75 10 11 -789.3310742954095 0.7481360811439519
0.5 0.75 11 12 -643.71696856678 0.694720349666531
0.5 0.75 12 13 -528.0826116752523 0.6451716971884647
0.5 0.75 13 14 -435.4492621147624 0.5995630655526691
0.5 0.75 14 15 -360.6350355949428 0.5577337091357887
0.5 0.75 15 16 -299.760677360744 0.5194228626543735
0.5 0.75 16 17 -249.8936413534627 0.4843364629137553
0.5 0.75 17 18 -208.7944658849615 0.4521801664535601
0.5 0.75 18 19 -174.7358794216445 0.4226750321688842
0.5 0.75 19 20 -146.3729682379189 0.3955641939828097
0.5 0.75 20 21 -122.6491716226089 0.3706148647740344
0.5 0.75 21 22 -102.7275462218745 0.3476179748801277
0.5 0.75 22 23 -85.93999582058495 0.3263866805768003
0.5 0.75 23 24 -71.7493946655967 0.3067544037985502
0.5 0.75 24 25 -59.72105526853784 0.2885727540636642
0.5 0.75 25 26 -49.50103655005216 0.2717095112393592
0.5 0.75 26 27 -40.79950790829344 0.2560467547600369
0.5 0.75 27 28 -33.37788555732402 0.2414791725094947
0.5 0.75 28 29 -27.03880866164639 0.2279125557749319
0.5 0.75 29 30 -21.61827163231726 0.2152624728279621
0.5 0.75 30 31 -16.97940668907268 0.2034531056687955
0.5 0.75 31 32 -13.00753916147914 0.1924162341450376
0.5 0.75 32 33 -9.606231442296462 0.1820903495948446
0.5 0.75 33 34 -6.694100088866094 0.1724198823704639
0.5 0.75 34 35 -4.202241442484194 0.163354527602813
0.5 0.75 35 36 -2.072139028305571 0.1548486573656599
0.5 0.75 36 37 -0.2539546161339103 0.1468608067310933
0.5 0.75 37 38 1.294873612326683 0.1393532235926286
0.5 0.75 38 39 2.610785807226591 0.1322914747026631
0.5 0.75 39 40 3.725055365755111 0.12564409885336
0.5 0.75 40 41 4.664581747415639 0.1193823024720201
0.5 0.75 41 42 5.452550780687488 0.1134796905888266
0.5 0.75 42 43 6.108986816662025 0.107912028894137
0.5 0.75 43 44 6.651215649968833 0.1026570344159976
0.5 0.75 44 45 7.094254006846427 0.09769418808365542
0.5 0.75 45 46 7.449983391593292 0.09323924450907356
0.5 0.75 46 47 7.732043712409336 0.09014255902147401
0.5 0.75 47 48 7.947534409663433 1.897058004839933
0.5 0.75 48 49 8.107904868769452 1.734559379236539
0.5 0.75 49 50 8.219336223888689 1.575250130619172
0.75 1 0 1 14560.69566479299 4.208487947286228
0.75 1 1 2 9578.953205889789 4.899818126844013
0.75 1 2 3 -2479.689034135062 0.9544509967393384
0.75 1 3 4 -3416.845801083561 1.269034230457
0.75 1 4 5 -2966.880820057991 1.249446209104925
0.75 1 5 6 -2385.305681700114 1.160361165845869
0.75 1 6 7 -1887.394731146922 1.060906394957982
0.75 1 7 8 -1494.657872425169 0.9665171217190041
0.75 1 8 9 -1190.824642769792 0.880784296648224
0.75 1 9 10 -955.8013679342989 0.8038651576108241
0.75 1 10 11 -772.7063524066916 0.7358700915847916
0.75 1 11 12 -628.8811074136656 0.675152884957076
0.75 1 12 13 -514.83858192871 0.6209697914793147
0.75 1 13 14 -423.6076337200084 0.5724657364748363
0.75 1 14 15 -350.023533924852 0.5288961098471572
0.75 1 15 16 -290.2268098228092 0.4896229771267068
0.75 1 16 17 -241.3042804267509 0.4541032111381378
0.75 1 17 18 -201.0341952116596 0.4218749736625571
0.75 1 18 19 -167.7049462039693 0.3925449853540847
0.75 1 19 20 -139.9852273850934 0.3657773781527893
0.75 1 20 21 -116.830186513427 0.3412842564315078
0.75 1 21 22 -97.41290465854456 0.3188178358376048
0.75 1 22 23 -81.07384957102181 0.2981639465552213
0.75 1 23 24 -67.2832085662202 0.2791366796961275
0.75 1 24 25 -55.61254320940634 0.2615739762292907
0.75 1 25 26 -45.71325965969459 0.2453339863583556
0.75 1 26 27 -37.30011135414111 0.2302920570852258
0.75 1 27 28 -30.13845274367816 0.216338228992446
0.75 1 28 29 -24.03431435170523 0.203375153036482
0.75 1 29 30 -18.82661821433965 0.191316343690709
0.75 1 30 31 -14.38103025242901 0.1800847136276214
0.75 1 31 32 -10.58507419795023 0.1696113367863705
0.75 1 32 33 -7.344224814707559 0.1598344004735627
0.75 1 33 34 -4.578766466135278 0.1506983145721842
0.75 1 34 35 -2.221253687576223 0.1421529506453966
0.75 1 35 36 -0.2144481103214844 0.1341529904355543
0.75 1 36 37 1.490365489407623 0.1266573657871687
0.75 1 37 38 2.93475982750374 0.1196287735285537
0.75 1 38 39 4.154301833699492 0.1130332582015174
0.75 1 39 40 5.179492213548258 0.1068398465211041
0.75 1 40 41 6.036545146143794 0.1010202310664729
0.75 1 41 42 6.748037365299297 0.09554849226033302
0.75 1 42 43 7.333450677839778 0.09040085535540418
0.75 1 43 44 7.809626599853857 0.08555547625503926
0.75 1 44 45 8.191148703105853 0.08099225296885353
0.75 1 45 46 8.489525633133468 0.07723528630274291
0.75 1 46 47 8.718020375465358 0.07623130613558786
0.75 1 47 48 8.881392920467562 1.84902553332634
0.75 1 48 49 8.995013355423254 1.690017800331804
0.75 1 49 50 9.062642968784502 1.534167784583227
1 1.25 0 1 13951.86793479836 3.484994631053852
1 1.25 1 2 8883.850396641417 1.6452448606593
1 1.25 2 3 -2614.587876674775 1.847344176234732
1 1.25 3 4 -3440.076709462059 2.067320866471525
1 1.25 4 5 -2960.158833559279 1.909601889515805
1 1.25 5 6 -2370.278988054846 1.70092868055034
1 1.25 6 7 -1870.881527084047 1.505650107198285
1 1.25 7 8 -1478.931585155203 1.335567416699044
1 1.25 8 9 -1176.590396911117 1.190269720741395
1 1.25 9 10 -943.1861538728253 1.06655129292365
1 1.25 10 11 -761.6188596276975 0.9601335287845565
1 1.25 11 12 -619.1661816619139 0.8685225834096052
1 1.25 12 13 -506.3255490327047 0.7889889483692146
1 1.25 13 14 -416.1348614676913 0.7194802459240752
1 1.25 14 15 -343.4463451849092 0.6583516570436475
1 1.25 15 16 -284.419175394685 0.6042810190130427
1 1.25 16 17 -236.1579309870535 0.5561991519521419
1 1.25 17 18 -196.4567758634582 0.5132351747575552
1 1.25 18 19 -163.6179380647652 0.4746742897494586
1 1.25 19 20 -136.3219488152629 0.43992532647709
1 1.25 20 21 -113.5339955648769 0.408495742913201
1 1.25 21 22 -94.43563618932205 0.3799722744149454
1 1.25 22 23 -78.37448118650877 0.3540058599226783
1 1.25 23 24 -64.82673355766008 0.3302998150013027
1 1.25 24 25 -53.36902378379 0.308600485682022
1 1.25 25 26 -43.65703392809974 0.2886898076897804
1 1.25 26 27 -35.4091298793561 0.2703793401558801
1 1.25 27 28 -28.39372350092049 0.2535054491420535
1 1.25 28 29 -22.41943806227152 0.2379253932444583
1 1.25 29 30 -17.32739887282253 0.223514121595221
1 1.25 30 31 -12.98514818468664 0.2101616397141514
1 1.25 31 32 -9.281811131250493 0.1977708292107607
1 1.25 32 33 -6.124232252770696 0.1862556341195687
1 1.25 33 34 -3.433870159366563 0.1755395430251445
1 1.25 34 35 -1.144288239537389 0.1655543145438106
1 1.25 35 36 0.8008832135735702 0.1562388997282524
1 1.25 36 37 2.449609839640345 0.1475385287528952
1 1.25 37 38 3.842816124473359 0.1394039329929713
1 1.25 38 39 5.015507214824424 0.1317906788219646
1 1.25 39 40 5.997695919796627 0.1246585968782162
1 1.25 40 41 6.815171797940366 0.1179712885789558
1 1.25 41 42 7.490141268145237 0.1116957010983124
1 1.25 42 43 8.041762513825518 0.1058017571813742
1 1.25 43 44 8.486593659106802 0.1002620333622516
1 1.25 44 45 8.838969611413376 0.09505147913549537
1 1.25 45 46 9.110204523701839 0.09035865629180322
1 1.25 46 47 9.313318767809449 0.08695058687085273
1 1.25 47 48 9.457216527347725 1.81077780337858
1 1.25 48 49 9.548321934236014 1.65497346228415
1 1.25 49 50 9.594780576614653 1.502356929165017
1.25 1.5 0 1 13243.88587797189 5.649513031591478
1.25 1.5 1 2 8112.263202058934 7.691537923825416
1.25 1.5 2 3 -2724.689135786728 2.272316726589249
1.25 1.5 3 4 -3423.572626889795 1.490132870707716
1.25 1.5 4 5 -2914.680048189479 1.429250506952401
1.25 1.5 5 6 -2321.194876680789 1.302194950119133
1.25 1.5 6 7 -1825.475375191405 1.16953681272167
1.25 1.5 7 8 -1438.993227485303 1.047931083690953
1.25 1.5 8 9 -1142.12865072931 0.9406031745014036
1.25 1.5 9 10 -913.6473536929134 0.8464336849571767
1.25 1.5 10 11 -736.3367974643975 0.7655274545377643
1.25 1.5 11 12 -597.5038725634599 0.6946529573066648
1.25 1.5 12 13 -487.7223648599484 0.6325979691430326
1.25 1.5 13 14 -400.1137216211837 0.5779867897804762
1.25 1.5 14 15 -329.607103920406 0.5296771459274519
1.25 1.5 15 16 -272.4281025175924 0.4867283353207038
1.25 1.5 16 17 -225.7370166527671 0.448366160730289
1.25 1.5 17 18 -187.3741591513688 0.4139515090502107
1.25 1.5 18 19 -155.679782848267 0.3829542025952593
1.25 1.5 19 20 -129.3657156523559 0.3549319089174253
1.25 1.5 20 21 -107.4229332371225 0.3295133512827583
1.25 1.5 21 22 -89.05429289639949 0.3063849994592746
1.25 1.5 22 23 -73.62505025401936 0.2852805126672815
1.25 1.5 23 24 -60.62607519278231 0.2659723397654301
1.25 1.5 24 25 -49.64623221253123 0.2482650057564851
1.25 1.5 25 26 -40.35144411894714 0.2319897175892733
1.25 1.5 26 27 -32.46867897501761 0.2170000044529835
1.25 1.5 27 28 -25.77359911702149 0.2031681746683034
1.25 1.5 28 29 -20.0809592671535 0.1911511240196123
1.25 1.5 29 30 -15.23708651960601 0.1811445843044145
1.25 1.5 30 31 -11.11394987330846 0.1717779571751818
1.25 1.5 31 32 -7.604452895174632 0.1630010134153292
1.25 1.5 32 33 -4.618674465074662 0.1547682942735677
1.25 1.5 33 34 -2.0808494558338 0.1470385838590873
1.25 1.5 34 35 0.07306932804061717 0.1397744447859922
1.25 1.5 35 36 1.897389838690515 0.1329418114466131
1.25 1.5 36 37 3.438294288295992 0.1265096318179675
1.25 1.5 37 38 4.735160810014918 0.1204495523891773
1.25 1.5 38 39 5.82165067539637 0.1147356407288158
1.25 1.5 39 40 6.726606194999249 0.1093441403747828
1.25 1.5 40 41 7.474795255691504 0.1042532543173737
1.25 1.5 41 42 8.087530671686693 0.09944295327348888
1.25 1.5 42 43 8.58318747597923 0.0948948053143278
1.25 1.5 43 44 8.977636127636487 0.09059182499444599
1.25 1.5 44 45 9.284606592265533 0.08651833856377918
1.25 1.5 45 46 9.514906454537794 0.0828717412593426
1.25 1.5 46 47 9.681028693736209 0.08041410856659431
1.25 1.5 47 48 9.7423730831716 1.253642570191076
1.25 1.5 48 49 9.854032103350647 1.596024179718208
1.25 1.5 49 50 9.873070518006671 1.448217393553914
1.5 1.75 0 1 12409.53962658389 2.733130671293479
1.5 1.75 1 2 7170.507442962061 1.668224450464895
1.5 1.75 2 3 -2890.078800460647 1.451737235564746
1.5 1.75 3 4 -3429.493985510489 1.669533889744702
1.5 1.75 4 5 -2876.409608321304 1.576821169409731
1.5 1.75 5 6 -2271.068388689954 1.413787728539211
1.5 1.75 6 7 -1774.393199487786 1.249959050040684
1.5 1.75 7 8 -1390.827566312501 1.103698531843444
1.5 1.75 8 9 -1098.136163210574 0.9779020717717387
1.5 1.75 9 10 -873.9646820846733 0.8721340450938675
1.5 1.75 10 11 -700.8094655259506 0.7804299088621788
1.5 1.75 11 12 -565.7408628573135 0.7024181676895765
1.5 1.75 12 13 -459.3198271344602 0.6351300324015632
1.5 1.75 13 14 -374.6821089095472 0.5766785255130682
1.5 1.75 14 15 -306.7905655839625 0.5255548226628005
1.5 1.75 15 16 -251.9101849458696 0.4805543545553788
1.5 1.75 16 17 -207.2401981020776 0.4407114462694321
1.5 1.75 17 18 -170.6567930795873 0.4052466909077316
1.5 1.75 18 19 -140.5321535638047 0.373526080522954
1.5 1.75 19 20 -115.6060039718216 0.3450296811938066
1.5 1.75 20 21 -94.89344524119554 0.3193276798287151
1.5 1.75 21 22 -77.61808650449052 0.2960620143165837
1.5 1.75 22 23 -63.16298882729745 0.2749322060977813
1.5 1.75 23 24 -51.03428860231827 0.255684355765613
1.5 1.75 24 25 -40.83394568591359 0.2381025314352691
1.5 1.75 25 26 -32.23912921620456 0.2220019764759655
1.5 1.75 26 27 -24.98648188693403 0.2072237114873646
1.5 1.75 27 28 -18.86000530658544 0.1936302100928202
1.5 1.75 28 29 -13.68165835343359 0.1811019139993775
1.5 1.75 29 30 -9.304006280166391 0.1695343999171866
1.5 1.75 30 31 -5.604432875063026 0.1588360654922558
1.5 1.75 31 32 -2.48055338380351 0.1489262254457452
1.5 1.75 32 33 0.1534432936221606 0.1397335360631888
1.5 1.75 33 34 2.369728240378265 0.1311946850238274
1.5 1.75 34 35 4.229198115551412 0.1232532943742005
1.5 1.75 35 36 5.783392438920941 0.1158590002977182
1.5 1.75 36 37 7.07605496698136 0.108966673529561
1.5 1.75 37 38 8.144411012484397 0.1025357602000351
1.5 1.75 38 39 9.020216856718889 0.0965297182140928
1.5 1.75 39 40 9.730625353572918 0.09091553624376934
1.5 1.75 40 41 10.29890280711129 0.08566332031865223
1.5 1.75 41 42 10.74502459148641 0.08074593658335952
1.5 1.75 42 43 11.08617202136008 0.07613870393641145
1.5 1.75 43 44 11.33714796308129 0.07181912467095485
1.5 1.75 44 45 11.51072570702462 0.06776665249667328
1.5 1.75 45 46 11.61687687894394 0.06445241730059353
1.5 1.75 46 47 11.66727892846453 0.06362986446593674
1.5 1.75 47 48 11.62721653881593 1.204851904121824
1.5 1.75 48 49 11.63709378461371 1.532933751851459
1.5 1.75 49 50 11.56167900410367 1.389781648805506
1.75 2 0 1 11531.52078867768 2.84187055350828
1.75 2 1 2 6202.035833434093 22.12844529609028
1.75 2 2 3 -3046.355861709915 3.124949712314511
1.75 2 3 4 -3440.349671338108 2.672772208004969
1.75 2 4 5 -2855.458660663617 2.223431674193522
1.75 2 5 6 -2244.833617328418 1.866328277291108
1.75 2 6 7 -1749.827010673097 1.588214708023585
1.75 2 7 8 -1369.547568903537 1.369137896782935
1.75 2 8 9 -1080.145403407091 1.193606885252634
1.75 2 9 10 -858.884872613306 1.050822164805621
1.75 2 10 11 -688.2074149628845 0.9324334255489175
1.75 2 11 12 -555.1853776650598 0.8331770680620394
1.75 2 12 13 -450.4533849999591 0.7489014567755898
1.75 2 13 14 -367.2083095119215 0.6765966661021096
1.75 2 14 15 -300.4663813796835 0.613995880412858
1.75 2 15 16 -246.5370257779957 0.5593629887286216
1.75 2 16 17 -202.6557647169466 0.5113476638379676
1.75 2 17 18 -166.7282105440554 0.4688847968408731
1.75 2 18 19 -137.1503655432075 0.4311235004717574
1.75 2 19 20 -112.6812561260399 0.3973761441041482
1.75 2 20 21 -92.35166236388909 0.3670811874852463
1.75 2 21 22 -75.3979671906593 0.3397756748579374
1.75 2 22 23 -61.21367118192995 0.3150745990423528
1.75 2 23 24 -49.31346930325424 0.2926552225647124
1.75 2 24 25 -39.30635930145127 0.2722450258951642
1.75 2 25 26 -30.87531451081406 0.2536123428929788
1.75 2 26 27 -23.76177751149282 0.2365590119544727
1.75 2 27 28 -17.75372950235646 0.2209145545397526
1.75 2 28 29 -12.6764368297695 0.2065315248524434
1.75 2 29 30 -8.385219840700302 0.1932817644883891
1.75 2 30 31 -4.759762170639931 0.181053364015203
1.75 2 31 32 -1.699602706463452 0.1697481799630387
1.75 2 32 33 0.8794576829420748 0.1592797936797
1.75 2 33 34 3.048236937779109 0.1495718217075056
1.75 2 34 35 4.866493997904058 0.1405565104588901
1.75 2 35 36 6.384810345450376 0.1321735598079757
1.75 2 36 37 7.646121872372703 0.1243691340293269
1.75 2 37 38 8.686971775857501 0.117095026436608
1.75 2 38 39 9.538539711291719 0.1103079491678394
1.75 2 39 40 10.22749055266138 0.1039689288484748
1.75 2 40 41 10.77667723357496 0.09804278855956298
1.75 2 41 42 11.20572465734728 0.09249770260085283
1.75 2 42 43 11.53151676276914 0.08730481273925755
1.75 2 43 44 11.76860392756501 0.0824378956155266
1.75 2 44 45 11.92954494650397 0.07787307428128075
1.75 2 45 46 12.02417214193437 0.07380031721361821
1.75 2 46 47 12.01847786914539 1.224938228801751
1.75 2 47 48 12.00919724878418 1.126338912173929
1.75 2 48 49 12.00712621518463 1.451366286170658
1.75 2 49 50 11.9232817001548 1.315146614265378
2 2.25 0 1 10565.15176006313 2.720676001757534
2 2.25 1 2 5149.556220607465 11.96154124090281
2 2.25 2 3 -3208.470974723809 1.140347711868413
2 2.25 3 4 -3420.496759594206 1.325976813094113
2 2.25 4 5 -2785.659682665163 1.259978003672782
2 2.25 5 6 -2163.068127022928 1.151605955152804
2 2.25 6 7 -1669.163129702297 1.043083981372306
2 2.25 7 8 -1294.605801059254 0.9435961886081717
2 2.25 8 9 -1012.286502617803 0.8555273417798045
2 2.25 9 10 -798.1460555327185 0.7772648661714262
2 2.25 10 11 -634.1071805148915 0.7082895495295365
2 2.25 11 12 -507.0653338141624 0.6472656595632873
2 2.25 12 13 -407.6326310868669 0.5931021014884873
2 2.25 13 14 -329.0465481541339 0.5448489128931601
2 2.25 14 15 -266.3872200843159 0.5016963071429223
2 2.25 15 16 -216.0328492784672 0.4629598017823881
2 2.25 16 17 -175.2845310756627 0.4280621228113499
2 2.25 17 18 -142.1070896982321 0.3965159115980022
2 2.25 18 19 -114.9485341812854 0.3679085639244096
2 2.25 19 20 -92.61289762914316 0.3418894433633762
2 2.25 20 21 -74.16960414111929 0.3181592991392798
2 2.25 21 22 -58.88809057066032 0.2964615848713945
2 2.25 22 23 -46.19009047885493 0.2765753614018417
2 2.25 23 24 -35.61441695139968 0.2583094968015117
2 2.25 24 25 -26.79069313268349 0.2414979178169043
2 2.25 25 26 -19.41956094660657 0.2259957118173041
2 2.25 26 27 -13.25763045720419 0.2116759151263664
2 2.25 27 28 -8.105933895148837 0.1984268555542466
2 2.25 28 29 -3.800995586186673 0.1861499469599529
2 2.25 29 30 -0.2078722219426936 0.1747578472823867
2 2.25 30 31 2.785310143519212 0.1641729164401816
2 2.25 31 32 5.271672977729736 0.154325918271434
2 2.25 32 33 7.329017876772127 0.1451549244873472
2 2.25 33 34 9.022572095207579 0.1366043836115475
2 2.25 34 35 10.40719663631234 0.1286243288853273
2 2.25 35 36 11.52917133748235 0.1211697006964825
2 2.25 36 37 12.42764500922135 0.1141997648465455
2 2.25 37 38 13.13581891639592 0.1076776117141215
2 2.25 38 39 13.68191683455484 0.1015697235629014
2 2.25 39 40 14.0899833766249 0.09584559846771988
2 2.25 40 41 14.38054368250278 0.09047742454374776
2 2.25 41 42 14.5711503322284 0.08543979391732782
2 2.25 42 43 14.67683859579225 0.08070945395825226
2 2.25 43 44 14.71050643098374 0.07626508790159507
2 2.25 44 45 14.68323278831983 0.07208712187720058
2 2.25 45 46 14.60354325053021 0.06860959130052237
2 2.25 46 47 14.48163510030284 0.0674480891872474
2 2.25 47 48 14.32354859290177 0.06857900158104521
2 2.25 48 49 14.12935687332626 1.418175761004221
2 2.25 49 50 13.91614401622417 1.286059808051833
2.25 2.5 0 1 9543.377571170158 3.837963153784671
2.25 2.5 1 2 4061.923074825371 3.384067457883849
2.25 2.5 2 3 -3330.765207600414 1.221504313791236
2.25 2.5 3 4 -3366.180096439626 1.385025919456194
2.25 2.5 4 5 -2697.118894985305 1.307802397071045
2.25 2.5 5 6 -2075.570984878424 1.188922699357269
2.25 2.5 6 7 -1591.559441907006 1.070768828766574
2.25 2.5 7 8 -1228.145172001773 0.9636266883273051
2.25 2.5 8 9 -956.0147081076375 0.8699229872241523
2.25 2.5 9 10 -750.6091000926776 0.7931187514982029
2.25 2.5 10 11 -593.885301676012 0.7238131380529798
2.25 2.5 11 12 -472.9239287918883 0.6617681803053691
2.25 2.5 12 13 -378.5420210969367 0.6063313530041662
2.25 2.5 13 14 -304.1614667916099 0.5567692083336524
2.25 2.5 14 15 -245.0170351382831 0.512375840130618
2.25 2.5 15 16 -197.6129931835321 0.4725124450493322
2.25 2.5 16 17 -159.3521138775936 0.4366171781998926
2.25 2.5 17 18 -128.2810173997852 0.4042025781184454
2.25 2.5 18 19 -102.9136084270851 0.3748482926228591
2.25 2.5 19 20 -82.10718860065731 0.348192553465514
2.25 2.5 20 21 -64.97443262046454 0.3239238900512072
2.25 2.5 21 22 -50.82006281332008 0.3017736598402351
2.25 2.5 22 23 -39.09474122783934 0.2815095606599683
2.25 2.5 23 24 -29.36111256188462 0.262930103327338
2.25 2.5 24 25 -21.26852483806624 0.2458599503598939
2.25 2.5 25 26 -14.53401929979555 0.2301460046608112
2.25 2.5 26 27 -8.927899011537193 0.2156541331284637
2.25 2.5 27 28 -4.262676230606758 0.2022664224672247
2.25 2.5 28 29 -0.3845373854294394 0.1898788768813229
2.25 2.5 29 30 2.833298725574195 0.1783994823077488
2.25 2.5 30 31 5.495786823150183 0.1677465755988581
2.25 2.5 31 32 7.69016312284117 0.1578474649618486
2.25 2.5 32 33 9.489207435806748 0.1486372603117078
2.25 2.5 33 34 10.95384893521617 0.1400578783643962
2.25 2.5 34 35 12.13525921862504 0.132057192487629
2.25 2.5 35 36 13.07654234528991 0.1245883061422298
2.25 2.5 36 37 13.81410615136895 0.1176089266959835
2.25 2.5 37 38 14.37878012343845 0.1110808276311674
2.25 2.5 38 39 14.79673066448333 0.1049693819459011
2.25 2.5 39 40 15.09021351578986 0.09924315869785549
2.25 2.5 40 41 15.27819485848144 0.09387357134851571
2.25 2.5 41 42 15.37686570719944 0.08883457146324786
2.25 2.5 42 43 15.4000696540472 0.08410238034562448
2.25 2.5 43 44 15.35965955694448 0.07965525406441459
2.25 2.5 44 45 15.2657960240802 0.07547327664055342
2.25 2.5 45 46 15.12623877627797 0.07174332673670118
2.25 2.5 46 47 14.9503845036451 0.06920262026999212
2.25 2.5 47 48 14.69645066054031 1.044398725949982
2.25 2.5 48 49 14.46238676703425 0.953291979241421
2.25 2.5 49 50 14.25565125126948 1.203850009283063
2.5 2.75 0 1 8409.858431464449 5.549285109670413
2.5 2.75 1 2 2849.299196929172 4.122676655173133
2.5 2.75 2 3 -3495.293873415456 1.306626775754677
2.5 2.75 3 4 -3332.761119574579 1.998265400171278
2.5 2.75 4 5 -2617.074228134442 1.993695218743128
2.5 2.75 5 6 -1988.526108801988 1.836256179082002
2.5 2.75 6 7 -1509.457475095719 1.654445120020748
2.5 2.75 7 8 -1154.33080371565 1.482702828076306
2.5 2.75 8 9 -890.8811118176254 1.329100413374258
2.5 2.75 9 10 -693.5343092140622 1.194674594697112
2.5 2.75 10 11 -543.9569476639251 1.077424394098193
2.5 2.75 11 12 -429.2078783143231 0.9751390180179051
2.5 2.75 12 13 -340.1814160585759 0.8856349728780971
2.5 2.75 13 14 -270.4051011598506 0.8069939952390166
2.5 2.75 14 15 -215.2198704021823 0.7375900343408889
2.5 2.75 15 16 -171.2263714394473 0.6760643656783384
2.5 2.75 16 17 -135.9110682317425 0.6212868288188771
2.5 2.75 17 18 -107.3917145493605 0.5723171236316181
2.5 2.75 18 19 -84.242054160149 0.5283707361066284
2.5 2.75 19 20 -65.36950183504098 0.4887904504568501
2.5 2.75 20 21 -49.92865012509606 0.4530230851355944
2.5 2.75 21 22 -37.25930897942408 0.4206006923736554
2.5 2.75 22 23 -26.84156463606314 0.3911254208395349
2.5 2.75 23 24 -18.26279831227805 0.3642573260612187
2.5 2.75 24 25 -11.19321365124051 0.3397045328898487
2.5 2.75 25 26 -5.367489897593373 0.3172152675632512
2.5 2.75 26 27 -0.5708945817220865 0.2965713776359774
2.5 2.75 27 28 3.371322891373723 0.2775830364804128
2.5 2.75 28 29 6.602099904723673 0.2600843960353683
2.5 2.75 29 30 9.238901073318289 0.2439299998831473
2.5 2.75 30 31 11.37867564744988 0.228991809852176
2.5 2.75 31 32 13.10176004207113 0.2151567295784613
2.5 2.75 32 33 14.47496958672627 0.2023245320323804
2.5 2.75 33 34 15.55406261957586 0.19040611809271
2.5 2.75 34 35 16.38571536875912 0.1793220463194881
2.5 2.75 35 36 17.00911311017779 0.1690012868207511
2.5 2.75 36 37 17.45723849921171 0.1593801610572841
2.5 2.75 37 38 17.75791959925897 0.1504014359009377
2.5 2.75 38 39 17.93468618492514 0.1420135470364497
2.5 2.75 39 40 18.00747225122097 0.1341699306430686
2.5 2.75 40 41 17.99319473475146 0.1268284467246946
2.5 2.75 41 42 17.9062318417445 0.1199508789281274
2.5 2.75 42 43 17.75881999349514 0.113502500744326
2.5 2.75 43 44 17.56138417110984 0.1074516969127101
2.5 2.75 44 45 17.3228137881861 0.1017696325941501
2.5 2.75 45 46 17.04977284429003 0.09656808028691463
2.5 2.75 46 47 16.75056420690132 0.09233385023609318
2.5 2.75 47 48 16.42977356307443 0.08909999335073927
2.5 2.75 48 49 16.0453066326217 0.9079508948531898
2.5 2.75 49 50 15.73797267115003 1.141239076660872
2.75 3 0 1 7141.286014741205 5.978603803895648
2.75 3 1 2 1537.374281477155 1.237434733825828
2.75 3 2 3 -3634.139065348837 4.364568063729998
2.75 3 3 4 -3257.054266543302 4.472390857603432
2.75 3 4 5 -2496.863391347368 3.96422477401559
2.75 3 5 6 -1867.502130724868 3.430572152270631
2.75 3 6 7 -1399.643754268378 2.96703915259933
2.75 3 7 8 -1058.163234361605 2.580121312873008
2.75 3 8 9 -807.7361039112304 2.258811801800534
2.75 3 9 10 -621.906983533815 1.991022195210278
2.75 3 10 11 -482.2199920334924 1.765999564426292
2.75 3 11 12 -375.8667999174561 1.57533616830473
2.75 3 12 13 -293.9432451614018 1.412441720212515
2.75 3 13 14 -230.1789592195248 1.272185451490946
2.75 3 14 15 -180.0948483566037 1.150553577019572
2.75 3 15 16 -140.4442875908994 1.04438136860257
2.75 3 16 17 -108.8405956801209 0.9511510479140427
2.75 3 17 18 -83.50592601860944 0.8688410065267963
2.75 3 18 19 -63.09968685243348 0.7958133367730414
2.75 3 19 20 -46.59961077408104 0.7307295247587255
2.75 3 20 21 -33.21813876995748 0.6724867890578505
2.75 3 21 22 -22.34282461092346 0.6201696030864112
2.75 3 22 23 -13.49330698088534 0.5730124548498815
2.75 3 23 24 -6.28986509995616 0.5303709866644051
2.75 3 24 25 -0.4301779704729825 0.4916994373670364
2.75 3 25 26 4.328034803887817 0.4565328640464054
2.75 3 26 27 8.180106834442881 0.4244730199132508
2.75 3 27 28 11.2843919305713 0.3951770519812157
2.75 3 28 29 13.76991566896311 0.3683483905994394
2.75 3 29 30 15.74229606613125 0.3437293565233808
2.75 3 30 31 17.28835886508716 0.3210951228719922
2.75 3 31 32 18.47976011628197 0.3002487541476573
2.75 3 32 33 19.37584794208362 0.2810171067380307
2.75 3 33 34 20.02593695015065 0.2632474227041561
2.75 3 34 35 20.47112608015021 0.2468044854730873
2.75 3 35 36 20.74575927062455 0.2315682327588594
2.75 3 36 37 20.87860496598745 0.2174317441826043
2.75 3 37 38 20.89381307565085 0.2042995372011746
2.75 3 38 39 20.81169480419257 0.1920861182382244
2.75 3 39 40 20.64936074254132 0.1807147456225079
2.75 3 40 41 20.42124514324274 0.1701163694417981
2.75 3 41 42 20.13953810893787 0.1602287202630313
2.75 3 42 43 19.81454329732108 0.1509955219366772
2.75 3 43 44 19.45497482130983 0.1423658107255083
2.75 3 44 45 19.06820452380316 0.1342933434479697
2.75 3 45 46 18.65959402649855 0.1268320593941707
2.75 3 46 47 18.23614593596292 0.1203015817252302
2.75 3 47 48 17.80142247503542 0.1147147739446403
2.75 3 48 49 17.35917980722213 0.1100164629151255
2.75 3 49 50 16.86595839153971 0.7853815421465722
3 3.25 0 1 5716.322694968277 5.965734920761713
3 3.25 1 2 169.8685574160866 2.675460434513723
3 3.25 2 3 -3701.214803882905 7.984742733302066
3 3.25 3 4 -3109.865967904733 7.314483735954359
3 3.25 4 5 -2318.772527587617 6.21645597061035
3 3.25 5 6 -1701.607076130399 5.254623727965517
3 3.25 6 7 -1255.301768919143 4.474005146890077
3 3.25 7 8 -935.3307687104902 3.845955364820366
3 3.25 8 9 -703.8565359728655 3.336832416749316
3 3.25 9 10 -534.0389630384707 2.919592106117068
3 3.25 10 11 -407.6772332768685 2.57354974381186
3 3.25 11 12 -312.3726221915717 2.283383712417605
3 3.25 12 13 -239.6215931924216 2.037607367898331
3 3.25 13 14 -183.4995647329176 1.827533340149936
3 3.25 14 15 -139.8119577547466 1.646509869723899
3 3.25 15 16 -105.5417461498751 1.489379071079343
3 3.25 16 17 -78.48627427904739 1.352092267978394
3 3.25 17 18 -57.01509901067732 1.231434664058063
3 3.25 18 19 -39.90599471493624 1.124826107038248
3 3.25 19 20 -26.23213612963752 1.030175182240578
3 3.25 20 21 -15.28330180159855 0.9457710620845472
3 3.25 21 22 -6.510043026108065 0.870202392423521
3 3.25 22 23 0.5164107038345946 0.8022957685590087
3 3.25 23 24 6.133307805877507 0.7410685699381619
3 3.25 24 25 10.60782451801651 0.6856924386482285
3 3.25 25 26 14.15301644761712 0.6354647317863874
3 3.25 26 27 16.93980048667504 0.5897860093947246
3 3.25 27 28 19.10603890578335 0.548142134310181
3 3.25 28 29 20.76348615579502 0.510089928248745
3 3.25 29 30 22.00314400313334 0.4752455936993444
3 3.25 30 31 22.89942065873322 0.4432753044318245
3 3.25 31 32 23.51338359208671 0.4138875086019722
3 3.25 32 33 23.8953201099207 0.386826595003081
3 3.25 33 34 24.08676530857269 0.3618676511649476
3 3.25 34 35 24.12211734511277 0.3388121013120141
3 3.25 35 36 24.02993088623595 0.3174840582547829
3 3.25 36 37 23.83395802478316 0.2977272577591603
3 3.25 37 38 23.55398992110131 0.2794024702024336
3 3.25 38 39 23.20654032120123 0.2623853059253879
3 3.25 39 40 22.8054029243078 0.2465643469526176
3 3.25 40 41 22.36210775454791 0.2318395497299115
3 3.25 41 42 21.88629606052177 0.2181208752059136
3 3.25 42 43 21.38602950717532 0.205327109039617
3 3.25 43 44 20.86804589169591 0.1933848424642379
3 3.25 44 45 20.33797133848151 0.1822275891294421
3 3.25 45 46 19.79968508550067 0.1718591552798196
3 3.25 46 47 19.25868520375425 0.162464111158008
3 3.25 47 48 18.71738188215448 0.1540261453851453
3 3.25 48 49 18.17845006576725 0.1464883530882513
3 3.25 49 50 17.64402462737544 0.1395780814490906
3.25 3.5 0 1 4147.761324476838 3.104032422341105
3.25 3.5 1 2 -1148.557845659969 15.28392958876936
3.25 3.5 2 3 -3628.90028156563 14.79040020058779
3.25 3.5 3 4 -2850.791597519176 11.68771375765985
3.25 3.5 4 5 -2058.27396447383 9.28976821326291
3.25 3.5 5 6 -1475.744755258815 7.53667046358714
3.25 3.5 6 7 -1067.114396871292 6.233071626965716
3.25 3.5 7 8 -780.166475326105 5.239039091806096
3.25 3.5 8 9 -575.9409329528726 4.462866456483848
3.25 3.5 9 10 -428.1930317066597 3.844347703972329
3.25 3.5 10 11 -319.6396755850958 3.342715051880601
3.25 3.5 11 12 -238.7441304512715 2.929767834271919
3.25 3.5 12 13 -177.7135376218428 2.585439404707731
3.25 3.5 13 14 -131.1848972751886 2.295125303408193
3.25 3.5 14 15 -95.40064192739464 2.047975351506425
3.25 3.5 15 16 -67.68275086855022 1.835779738394982
3.25 3.5 16 17 -46.09222116267904 1.652224558204243
3.25 3.5 17 18 -29.20474531911384 1.492382926535758
3.25 3.5 18 19 -15.96031932900314 1.352359903821501
3.25 3.5 19 20 -5.56067731677183 1.229040062379182
3.25 3.5 20 21 2.601798063570186 1.119904949247516
3.25 3.5 21 22 8.994099295551791 1.022899033579935
3.25 3.5 22 23 13.97829112338275 0.9363298608401477
3.25 3.5 23 24 17.83731630572584 0.8587927188989506
3.25 3.5 24 25 20.79387550602235 0.789113120556998
3.25 3.5 25 26 23.0243935747589 0.7263024079616672
3.25 3.5 26 27 24.66945714726546 0.6695231385778406
3.25 3.5 27 28 25.8416891914938 0.6180618454478883
3.25 3.5 28 29 26.63174218102483 0.5713074143953485
3.25 3.5 29 30 27.11289659047407 0.5287337820764144
3.25 3.5 30 31 27.3446160318544 0.4898859868962621
3.25 3.5 31 32 27.37531513650902 0.4543688445041772
3.25 3.5 32 33 27.24452865058933 0.4218376934619029
3.25 3.5 33 34 26.98462168955791 0.3919907860215713
3.25 3.5 34 35 26.62214591278956 0.3645629956366349
3.25 3.5 35 36 26.17892066340684 0.3393205846244718
3.25 3.5 36 37 25.67289913924066 0.3160568311321751
3.25 3.5 37 38 25.11886558623166 0.294588356805945
3.25 3.5 38 39 24.52899892866151 0.2747520282814517
3.25 3.5 39 40 23.91333025126667 0.2564023318583339
3.25 3.5 40 41 23.28011562557916 0.2394091396558408
3.25 3.5 41 42 22.63614091476154 0.2236558015652833
3.25 3.5 42 43 21.98697191653261 0.2090375093760918
3.25 3.5 43 44 21.33716021137907 0.1954598893184345
3.25 3.5 44 45 20.69041308649979 0.1828377868201042
3.25 3.5 45 46 20.04901056827956 0.1711505704605334
3.25 3.5 46 47 19.41677632531923 0.1605412415407027
3.25 3.5 47 48 18.79490026974578 0.1509814980375701
3.25 3.5 48 49 18.18490009496001 0.1424095443262703
3.25 3.5 49 50 17.58787130427216 0.1345727660403018
3.5 3.75 0 1 2544.960616998988 7.431810302730751
3.5 3.75 1 2 -2180.053706564203 0.7566398416135036
3.5 3.75 2 3 -3314.541816332814 18.17909358890138
3.5 3.75 3 4 -2431.818977423546 12.96967817384095
3.5 3.75 4 5 -1692.96839218981 9.755901764951343
3.5 3.75 5 6 -1180.295428815851 7.628153252713988
3.5 3.75 6 7 -832.1094633602222 6.136513945278886
3.5 3.75 7 8 -593.2327781648059 5.04421375477595
3.5 3.75 8 9 -426.432129593863 4.216803402340288
3.5 3.75 9 10 -307.7807973940305 3.573129287521057
3.5 3.75 10 11 -221.973661452181 3.061395398999093
3.5 3.75 11 12 -159.0069297938662 2.647238759348724
3.5 3.75 12 13 -112.2332885894161 2.307003870131753
3.5 3.75 13 14 -77.14017007708969 2.023925025302443
3.5 3.75 14 15 -50.60315850727704 1.785817575755434
3.5 3.75 15 16 -30.41908553049132 1.583632786456002
3.5 3.75 16 17 -15.0083565559421 1.410523321392651
3.5 3.75 17 18 -3.221353027498139 1.261221584287999
3.5 3.75 18 19 5.789950574048476 1.131615785327309
3.5 3.75 19 20 12.65870626085086 1.018454432767024
3.5 3.75 20 21 17.8627832782152 0.9191362837004178
3.5 3.75 21 22 21.76637073777147 0.8315584061831255
3.5 3.75 22 23 24.64944832004699 0.7540045314087185
3.5 3.75 23 24 26.7289440401658 0.6850618338079671
3.5 3.75 24 25 28.17411188342481 0.6235580909570526
3.5 3.75 25 26 29.11783540405628 0.5685136669824398
3.5 3.75 26 27 29.6650235884681 0.5191044215483807
3.5 3.75 27 28 29.898907102056 0.4746327708691098
3.5 3.75 28 29 29.88580204285037 0.4345048989501836
3.5 3.75 29 30 29.67874386172346 0.3982126583579182
3.5 3.75 30 31 29.3202805538273 0.3653190803965702
3.5 3.75 31 32 28.84463479593617 0.3354466888895276
3.5 3.75 32 33 28.27938856545299 0.3082680097546873
3.5 3.75 33 34 27.64680369430732 0.2834978138586705
3.5 3.75 34 35 26.96486289370372 0.2608867377822627
3.5 3.75 35 36 26.2480947323285 0.2402160082280111
3.5 3.75 36 37 25.50823059398246 0.2212930553445861
3.5 3.75 37 38 24.7547302205879 0.2039478468012259
3.5 3.75 38 39 23.99520390033696 0.1880298097399756
3.5 3.75 39 40 23.23575293098143 0.173405234145641
3.5 3.75 40 41 22.48124523548131 0.1599550739143212
3.5 3.75 41 42 21.73553914419958 0.14757307589437
3.5 3.75 42 43 21.00166573112205 0.1361641829158518
3.5 3.75 43 44 20.28197775730033 0.1256431653664255
3.5 3.75 44 45 19.57827166647063 0.1159334442443739
3.5 3.75 45 46 18.89128666662701 0.1070402432737118
3.5 3.75 46 47 18.22313815778413 0.09918737340253458
3.5 3.75 47 48 17.57387718015916 0.09237710132833934
3.5 3.75 48 49 16.94391732921433 0.08656247867571829
3.5 3.75 49 50 16.33337372235832 0.08143819561214094
3.75 4 0 1 1098.337361561813 1.090827417237255
3.75 4 1 2 -2664.070927433219 1.022134038705719
3.75 4 2 3 -2694.751109319926 18.15043263785421
3.75 4 3 4 -1835.474643672597 10.44767918056656
3.75 4 4 5 -1221.136768408906 6.74152757402873
3.75 4 5 6 -819.9381174015166 4.6500496794762
3.75 4 6 7 -557.5338325481289 3.349328267204528
3.75 4 7 8 -382.606852935138 2.485536398425146
3.75 4 8 9 -263.4240546477517 1.884297460418129
3.75 4 9 10 -180.5387889932832 1.450774423548344
3.75 4 10 11 -121.895727631276 1.129752378743163
3.75 4 11 12 -79.80389354695274 0.8871081842054231
3.75 4 12 13 -49.25070517225595 0.7008519728468373
3.75 4 13 14 -26.88932565851007 0.5563199410512208
3.75 4 14 15 -10.43637574325601 0.4434717843643466
3.75 4 15 16 1.6966426388434 0.355303341859056
3.75 4 16 17 10.63424168803306 0.2868687343686835
3.75 4 17 18 17.1849077695004 0.2513024336860207
3.75 4 18 19 21.93796227481249 0.2318335344785014
3.75 4 19 20 25.32823807710685 0.2142394223007876
3.75 4 20 21 27.68005701200059 0.1982896498987112
3.75 4 21 22 29.23763296360272 0.1837887976323161
3.75 4 22 23 30.18641086585666 0.1705702340195537
3.75 4 23 24 30.66825193673995 0.1584911172046748
3.75 4 24 25 30.79237681704819 0.1474283739083329
3.75 4 25 26 30.64334304494284 0.1372819041128071
3.75 4 26 27 30.28692231347534 0.1392090010503932
3.75 4 27 28 29.77447256874294 0.1410582908549596
3.75 4 28 29 29.14621950615523 0.14261942220302
3.75 4 29 30 28.43373974946482 0.143790527972109
3.75 4 30 31 27.66185415330153 0.1445347598989627
3.75 4 31 32 26.85008141710426 0.1448529595261132
3.75 4 32 33 26.01376128173993 0.1447668553895694
3.75 4 33 34 25.16492754892303 0.1443088731803874
3.75 4 34 35 24.31299034291499 0.1435160340262871
3.75 4 35 36 23.4652719613498 0.1424263626821498
3.75 4 36 37 22.62742966129935 0.1410768341416131
3.75 4 37 38 21.80379064478173 0.1395022598791354
3.75 4 38 39 20.9976184900469 0.1377347460461241
3.75 4 39 40 20.2113257741983 0.135803495289503
3.75 4 40 41 19.44664432599889 0.1337348116857449
3.75 4 41 42 18.70476187310989 0.1315522208916611
3.75 4 42 43 17.98643202697853 0.129276651477851
3.75 4 43 44 17.29206297456986 0.1269266440299297
3.75 4 44 45 16.62178912246466 0.1245185680044078
3.75 4 45 46 15.97508409926017 0.1221156993837409
3.75 4 46 47 15.35252201510883 0.1198995064312482
3.75 4 47 48 14.75327383280666 0.1178776958624878
3.75 4 48 49 14.17686374901184 0.1160261360584652
3.75 4 49 50 13.62263593960235 0.1141943827854874
4 5 0 1 -143.8743465564545 1.655012652387943
4 5 1 2 -3872.43401573766 7.879128189843994
4 5 2 3 -2678.81658846906 7.325184087883247
4 5 3 4 -1613.858814847619 5.016000709812921
4 5 4 5 -981.3563665269389 3.349600149719769
4 5 5 6 -604.3035853212182 2.618055663782411
4 5 6 7 -373.5978344203963 2.130880787347696
4 5 7 8 -228.6535530811479 1.699247396276509
4 5 8 9 -135.2556001149425 1.36811762180792
4 5 9 10 -73.74232697188017 1.139231717236523
4 5 10 11 -32.61023500594342 0.9786797807092916
4 5 11 12 -4.834915462460117 0.8613233492760743
4 5 12 13 13.98761702372656 0.771808299501048
4 5 13 14 26.69020858178862 0.7005605904465556
4 5 14 15 35.14181796155896 0.6424085729758623
4 5 15 16 40.60837770354607 0.5941306025185547
4 5 16 17 43.96324363955586 0.5530004391943556
4 5 17 18 45.81576695395819 0.5169141338157829
4 5 18 19 46.59571077432838 0.4846333910644322
4 5 19 20 46.61013112739465 0.4555192314605375
4 5 20 21 46.0811540348862 0.4291383718516
4 5 21 22 45.17088192232418 0.4050814695065198
4 5 22 23 43.99818518276518 0.3829681836807584
4 5 23 24 42.65045039089216 0.3624934560510068
4 5 24 25 41.19202097765225 0.3434387461099934
4 5 25 26 39.67031279724577 0.3256503418233347
4 5 26 27 38.1202410372573 0.3090109232563114
4 5 27 28 36.56742590928465 0.2934205177362872
4 5 28 29 35.0305287508924 0.278788712643751
4 5 29 30 33.52297333883938 0.2650334358131923
4 5 30 31 32.05422945073843 0.2520816255570275
4 5 31 32 30.63077929987766 0.239869398942582
4 5 32 33 29.25684979051462 0.228341244974448
4 5 33 34 27.93496929289654 0.2174486378455947
4 5 34 35 26.66639180811949 0.207148577442108
4 5 35 36 25.45142053846067 0.1974023695292384
4 5 36 37 24.28965503937997 0.1881747413213379
4 5 37 38 23.18018025610436 0.1794332549342814
4 5 38 39 22.12171127006434 0.1711479293081781
4 5 39 40 21.11270417765872 0.1632909889895259
4 5 40 41 20.15144102275841 0.1558366767188536
4 5 41 42 19.23609470479045 0.1487610958867557
4 5 42 43 18.36477843309729 0.1420420644058952
4 5 43 44 17.53558320716434 0.1356589767171585
4 5 44 45 16.74660597841879 0.1295926713736403
4 5 45 46 15.99554933135338 0.1241369980780285
4 5 46 47 15.28118808540677 0.1203972784717871
4 5 47 48 14.60134429141624 0.1183359024061856
4 5 48 49 13.95432708417954 0.1176009182699596
4 5 49 50 13.33822838990672 0.1172038516844708
-5 5 0 50 -106435.525902082 93.43386410577016
